第1个最优解：
Iter = 43
Nfe = 4867
Fitness = 16.907771219265907
The number of total device = 288
The number of various devices = 36 36 36 36 36 36 36 36
The scheme of allocation = 2 2 2 2 2 2 2 2|2 2 2 2 2 2 2 2|2 2 2 2 2 2 2 2|2 2 2 2 2 2 2 2|2 2 2 2 2 2 2 2|2 2 2 2 2 2 2 2|2 2 2 2 2 2 2 2|2 2 2 2 1 2 2 2|2 2 2 2 2 2 2 2|2 2 2 2 2 2 2 2|2 2 2 2 2 2 2 2|2 2 2 2 2 2 2 2|2 2 2 2 3 2 2 2|2 2 2 2 2 2 2 2|2 2 2 2 2 2 2 2|2 2 2 2 2 2 2 2|2 2 2 2 2 2 2 2|2 2 2 2 2 2 2 2

第2个最优解：
Iter = 61
Nfe = 6931
Fitness = 16.907814281921237
The number of total device = 288
The number of various devices = 36 36 36 36 36 36 36 36
The scheme of allocation = 2 2 2 2 1 2 2 2|2 2 2 2 2 2 2 2|2 2 2 2 2 2 2 2|2 2 2 2 2 2 2 2|2 2 2 2 2 2 2 2|2 2 2 2 2 2 2 2|2 2 2 2 2 2 2 2|2 2 2 2 1 2 2 2|2 2 2 2 2 2 2 2|2 2 2 2 2 2 2 2|2 2 2 2 2 2 2 2|2 2 2 2 2 2 2 2|2 2 2 2 3 2 2 2|2 2 2 2 3 2 2 2|2 2 2 2 2 2 2 2|2 2 2 2 2 2 2 2|2 2 2 2 2 2 2 2|2 2 2 2 2 2 2 2

第3个最优解：
Iter = 49
Nfe = 5507
Fitness = 16.90513748457511
The number of total device = 288
The number of various devices = 36 36 36 36 36 36 36 36
The scheme of allocation = 2 2 2 2 2 2 2 2|2 2 2 2 2 2 2 2|2 2 2 2 2 2 2 2|2 2 2 2 2 2 2 2|2 2 2 2 2 2 2 2|2 2 2 2 2 2 2 2|2 2 2 2 2 2 2 2|2 2 2 2 2 2 2 1|2 2 2 2 2 2 2 2|2 2 2 2 2 2 2 2|2 2 2 2 2 2 2 2|2 2 2 2 2 2 2 2|2 2 2 2 2 2 2 2|2 2 2 2 2 2 2 3|2 2 2 2 2 2 2 2|2 2 2 2 2 2 2 2|2 2 2 2 2 2 2 2|2 2 2 2 2 2 2 2

第4个最优解：
Iter = 69
Nfe = 7472
Fitness = 16.91163370480645
The number of total device = 288
The number of various devices = 36 36 36 36 36 36 36 36
The scheme of allocation = 2 2 2 2 2 2 2 2|2 2 2 2 2 2 2 2|2 2 2 2 2 2 2 2|2 2 2 2 2 2 2 2|2 2 2 2 2 2 2 2|2 2 2 2 2 2 2 2|2 2 2 2 2 2 2 2|1 2 2 2 1 2 2 2|2 2 2 2 2 2 2 2|2 2 2 2 2 2 2 2|2 2 2 2 2 2 2 2|2 2 2 2 2 2 2 2|3 2 2 2 3 2 2 2|2 2 2 2 2 2 2 2|2 2 2 2 2 2 2 2|2 2 2 2 2 2 2 2|2 2 2 2 2 2 2 2|2 2 2 2 2 2 2 2

第5个最优解：
Iter = 66
Nfe = 7234
Fitness = 16.904469878654755
The number of total device = 288
The number of various devices = 36 36 36 36 36 36 36 36
The scheme of allocation = 2 2 2 2 2 1 2 2|2 2 2 2 2 2 2 2|2 2 2 2 2 2 2 2|2 2 2 2 2 2 2 2|2 2 2 2 2 2 2 2|2 2 2 2 2 2 2 2|2 2 2 2 2 2 2 2|1 1 2 2 2 1 2 2|2 2 2 2 2 2 2 2|2 2 2 2 2 2 2 2|2 2 2 2 2 2 2 2|2 2 2 2 2 2 2 2|3 3 2 2 2 3 2 2|2 2 3 2 2 2 2 2|2 2 2 2 2 3 2 2|2 2 1 2 2 2 2 2|2 2 2 2 2 2 2 2|2 2 2 2 2 2 2 2

第6个最优解：
Iter = 45
Nfe = 5003
Fitness = 16.9033709566655
The number of total device = 288
The number of various devices = 36 36 36 36 36 36 36 36
The scheme of allocation = 2 2 2 2 2 2 2 2|2 2 2 2 2 2 2 2|2 2 2 2 2 2 2 2|2 2 2 2 2 2 2 2|2 2 2 2 2 2 2 2|2 2 2 2 2 2 2 2|2 2 2 2 2 2 2 2|2 2 2 2 2 2 2 2|2 2 2 2 2 2 2 2|2 2 2 2 2 2 2 2|2 2 2 2 2 2 2 2|2 2 2 2 2 2 2 2|2 2 2 2 2 2 2 2|2 2 2 2 2 2 2 2|2 2 2 2 2 2 2 2|2 2 2 2 2 2 2 2|2 2 2 2 2 2 2 2|2 2 2 2 2 2 2 2

第7个最优解：
Iter = 44
Nfe = 4831
Fitness = 16.910423032110888
The number of total device = 288
The number of various devices = 36 36 36 36 36 36 36 36
The scheme of allocation = 2 2 2 2 2 1 2 2|2 2 2 2 2 2 2 2|2 2 2 2 2 2 2 2|2 2 2 2 2 2 2 2|2 2 2 2 2 2 2 2|2 2 2 2 2 2 2 2|2 2 2 2 2 2 2 2|2 2 2 2 2 1 2 2|2 2 2 2 2 2 2 2|2 2 2 2 2 2 2 2|2 2 2 2 2 2 2 2|2 2 2 2 2 1 2 2|2 2 2 2 2 3 2 2|2 2 2 2 2 3 2 2|2 2 2 2 2 3 2 2|2 2 2 2 2 2 2 2|2 2 2 2 2 2 2 2|2 2 2 2 2 2 2 2

第8个最优解：
Iter = 46
Nfe = 5098
Fitness = 16.9093241822377
The number of total device = 288
The number of various devices = 36 36 36 36 36 36 36 36
The scheme of allocation = 2 2 2 2 2 2 1 2|2 2 2 2 2 2 2 2|2 2 2 2 2 2 2 2|2 2 2 2 2 2 2 2|2 2 2 2 2 2 2 2|2 2 2 2 2 2 2 2|2 2 2 2 2 2 2 2|2 2 2 2 2 2 1 1|2 2 2 2 2 2 2 2|2 2 2 2 2 2 2 2|2 2 2 2 2 2 2 2|2 2 2 2 2 2 2 2|2 2 2 2 2 2 3 3|2 2 2 2 2 2 3 2|2 2 2 2 2 2 2 2|2 2 2 2 2 2 2 2|2 2 2 2 2 2 2 2|2 2 2 2 2 2 2 2

第9个最优解：
Iter = 76
Nfe = 8402
Fitness = 16.910423032110888
The number of total device = 288
The number of various devices = 36 36 36 36 36 36 36 36
The scheme of allocation = 2 2 2 2 2 1 2 2|2 2 2 2 2 2 2 2|2 2 2 2 2 2 2 2|2 2 2 2 2 2 2 2|2 2 2 2 2 2 2 2|2 2 2 2 2 2 2 2|2 2 2 2 2 2 2 2|2 2 2 2 2 1 2 2|2 2 2 2 2 2 2 2|2 2 2 2 2 2 2 2|2 2 2 2 2 2 2 2|2 2 2 2 2 1 2 2|2 2 2 2 2 3 2 2|2 2 2 2 2 3 2 2|2 2 2 2 2 3 2 2|2 2 2 2 2 2 2 2|2 2 2 2 2 2 2 2|2 2 2 2 2 2 2 2

第10个最优解：
Iter = 70
Nfe = 7757
Fitness = 16.910423032110888
The number of total device = 288
The number of various devices = 36 36 36 36 36 36 36 36
The scheme of allocation = 2 2 2 2 2 1 2 2|2 2 2 2 2 2 2 2|2 2 2 2 2 2 2 2|2 2 2 2 2 2 2 2|2 2 2 2 2 2 2 2|2 2 2 2 2 2 2 2|2 2 2 2 2 2 2 2|2 2 2 2 2 1 2 2|2 2 2 2 2 2 2 2|2 2 2 2 2 2 2 2|2 2 2 2 2 2 2 2|2 2 2 2 2 1 2 2|2 2 2 2 2 3 2 2|2 2 2 2 2 3 2 2|2 2 2 2 2 3 2 2|2 2 2 2 2 2 2 2|2 2 2 2 2 2 2 2|2 2 2 2 2 2 2 2

第11个最优解：
Iter = 77
Nfe = 8425
Fitness = 16.911286010691715
The number of total device = 288
The number of various devices = 36 36 36 36 36 36 36 36
The scheme of allocation = 2 2 2 2 2 1 2 2|2 2 2 2 2 2 2 2|2 2 2 2 2 2 2 2|2 2 2 2 2 2 2 2|2 2 2 2 2 2 2 2|2 2 2 2 2 2 2 2|2 2 2 2 2 2 2 2|2 2 2 2 2 1 2 1|2 2 2 2 2 2 2 2|2 2 2 2 2 2 2 2|2 2 2 2 2 2 2 2|2 2 2 2 2 2 2 2|2 2 2 2 2 3 2 2|2 2 2 2 2 3 2 3|2 2 2 2 2 2 2 2|2 2 2 2 2 2 2 2|2 2 2 2 2 2 2 2|2 2 2 2 2 2 2 2

第12个最优解：
Iter = 27
Nfe = 3037
Fitness = 16.9033709566655
The number of total device = 288
The number of various devices = 36 36 36 36 36 36 36 36
The scheme of allocation = 2 2 2 2 2 2 2 2|2 2 2 2 2 2 2 2|2 2 2 2 2 2 2 2|2 2 2 2 2 2 2 2|2 2 2 2 2 2 2 2|2 2 2 2 2 2 2 2|2 2 2 2 2 2 2 2|2 2 2 2 2 2 2 2|2 2 2 2 2 2 2 2|2 2 2 2 2 2 2 2|2 2 2 2 2 2 2 2|2 2 2 2 2 2 2 2|2 2 2 2 2 2 2 2|2 2 2 2 2 2 2 2|2 2 2 2 2 2 2 2|2 2 2 2 2 2 2 2|2 2 2 2 2 2 2 2|2 2 2 2 2 2 2 2

第13个最优解：
Iter = 34
Nfe = 3772
Fitness = 16.907233442206046
The number of total device = 288
The number of various devices = 36 36 36 36 36 36 36 36
The scheme of allocation = 2 2 2 2 2 2 2 2|2 2 2 2 2 2 2 2|2 2 2 2 2 2 2 2|2 2 2 2 2 2 2 2|2 2 2 2 2 2 2 2|2 2 2 2 2 2 2 2|2 2 2 2 2 2 2 2|1 2 2 2 2 2 2 2|2 2 2 2 2 2 2 2|2 2 2 2 2 2 2 2|2 2 2 2 2 2 2 2|2 2 2 2 2 2 2 2|3 2 2 2 2 2 2 2|2 2 2 2 2 2 2 2|2 2 2 2 2 2 2 2|2 2 2 2 2 2 2 2|2 2 2 2 2 2 2 2|2 2 2 2 2 2 2 2

第14个最优解：
Iter = 37
Nfe = 4097
Fitness = 16.907814281921237
The number of total device = 288
The number of various devices = 36 36 36 36 36 36 36 36
The scheme of allocation = 2 2 2 2 1 2 2 2|2 2 2 2 2 2 2 2|2 2 2 2 2 2 2 2|2 2 2 2 2 2 2 2|2 2 2 2 2 2 2 2|2 2 2 2 2 2 2 2|2 2 2 2 2 2 2 2|2 2 2 2 1 2 2 2|2 2 2 2 2 2 2 2|2 2 2 2 2 2 2 2|2 2 2 2 2 2 2 2|2 2 2 2 2 2 2 2|2 2 2 2 3 2 2 2|2 2 2 2 3 2 2 2|2 2 2 2 2 2 2 2|2 2 2 2 2 2 2 2|2 2 2 2 2 2 2 2|2 2 2 2 2 2 2 2

第15个最优解：
Iter = 77
Nfe = 8549
Fitness = 16.911286010691715
The number of total device = 288
The number of various devices = 36 36 36 36 36 36 36 36
The scheme of allocation = 2 2 2 2 2 1 2 2|2 2 2 2 2 2 2 2|2 2 2 2 2 2 2 2|2 2 2 2 2 2 2 2|2 2 2 2 2 2 2 2|2 2 2 2 2 2 2 2|2 2 2 2 2 2 2 2|2 2 2 2 2 1 2 1|2 2 2 2 2 2 2 2|2 2 2 2 2 2 2 2|2 2 2 2 2 2 2 2|2 2 2 2 2 2 2 2|2 2 2 2 2 3 2 2|2 2 2 2 2 3 2 3|2 2 2 2 2 2 2 2|2 2 2 2 2 2 2 2|2 2 2 2 2 2 2 2|2 2 2 2 2 2 2 2

第16个最优解：
Iter = 52
Nfe = 5680
Fitness = 16.910423032110888
The number of total device = 288
The number of various devices = 36 36 36 36 36 36 36 36
The scheme of allocation = 2 2 2 2 2 1 2 2|2 2 2 2 2 2 2 2|2 2 2 2 2 2 2 2|2 2 2 2 2 2 2 2|2 2 2 2 2 2 2 2|2 2 2 2 2 2 2 2|2 2 2 2 2 2 2 2|2 2 2 2 2 1 2 2|2 2 2 2 2 2 2 2|2 2 2 2 2 2 2 2|2 2 2 2 2 2 2 2|2 2 2 2 2 1 2 2|2 2 2 2 2 3 2 2|2 2 2 2 2 3 2 2|2 2 2 2 2 3 2 2|2 2 2 2 2 2 2 2|2 2 2 2 2 2 2 2|2 2 2 2 2 2 2 2

第17个最优解：
Iter = 32
Nfe = 3559
Fitness = 16.9126372900559
The number of total device = 288
The number of various devices = 36 36 36 36 36 36 36 36
The scheme of allocation = 2 2 2 2 2 1 2 2|2 2 2 2 2 2 2 2|2 2 2 2 2 2 2 2|2 2 2 2 2 2 2 2|2 2 2 2 2 2 2 2|2 2 2 2 2 2 2 2|2 2 2 2 2 2 2 2|2 2 2 2 2 1 1 2|2 2 2 2 2 2 2 2|2 2 2 2 2 2 2 2|2 2 2 2 2 2 2 2|2 2 2 2 2 2 2 2|2 2 2 2 2 2 3 2|2 2 2 2 2 3 2 2|2 2 2 2 2 3 2 2|2 2 2 2 2 2 2 2|2 2 2 2 2 2 2 2|2 2 2 2 2 2 2 2

第18个最优解：
Iter = 62
Nfe = 6831
Fitness = 16.914823294711294
The number of total device = 288
The number of various devices = 36 36 36 36 36 36 36 36
The scheme of allocation = 2 2 2 2 2 1 2 2|2 2 2 2 2 2 2 2|2 2 2 2 2 2 2 2|2 2 2 2 2 2 2 2|2 2 2 2 2 2 2 2|2 2 2 2 2 2 2 2|2 2 2 2 2 2 2 2|2 2 2 2 1 1 2 2|2 2 2 2 2 2 2 2|2 2 2 2 2 2 2 2|2 2 2 2 2 2 2 2|2 2 2 2 2 1 2 2|2 2 2 2 3 3 2 2|2 2 2 2 2 3 2 2|2 2 2 2 2 3 2 2|2 2 2 2 2 2 2 2|2 2 2 2 2 2 2 2|2 2 2 2 2 2 2 2

第19个最优解：
Iter = 58
Nfe = 6371
Fitness = 16.909519482782112
The number of total device = 288
The number of various devices = 36 36 36 36 36 36 36 36
The scheme of allocation = 2 2 2 2 2 1 2 2|2 2 2 2 2 2 2 2|2 2 2 2 2 2 2 2|2 2 2 2 2 2 2 2|2 2 2 2 2 2 2 2|2 2 2 2 2 2 2 2|2 2 2 2 2 2 2 2|2 2 2 2 2 1 2 2|2 2 2 2 2 2 2 2|2 2 2 2 2 2 2 2|2 2 2 2 2 2 2 2|2 2 2 2 2 2 2 2|2 2 2 2 2 3 2 2|2 2 2 2 2 3 2 2|2 2 2 2 2 2 2 2|2 2 2 2 2 2 2 2|2 2 2 2 2 2 2 2|2 2 2 2 2 2 2 2

第20个最优解：
Iter = 58
Nfe = 6527
Fitness = 16.90670372218496
The number of total device = 288
The number of various devices = 36 36 36 36 36 36 36 36
The scheme of allocation = 2 2 2 2 2 2 2 2|2 2 2 2 2 2 2 2|2 2 2 2 2 2 2 2|2 2 2 1 2 2 2 2|2 2 2 2 2 2 2 2|2 2 2 2 2 2 2 2|2 2 2 2 2 2 2 2|2 2 2 2 2 2 2 2|2 2 2 2 2 2 2 2|2 2 2 2 2 2 2 2|2 2 2 2 2 2 2 2|2 2 2 2 2 2 2 2|2 2 2 2 2 2 2 2|2 2 2 3 2 2 2 2|2 2 2 2 2 2 2 2|2 2 2 2 2 2 2 2|2 2 2 2 2 2 2 2|2 2 2 2 2 2 2 2

第21个最优解：
Iter = 70
Nfe = 7781
Fitness = 16.91380846593516
The number of total device = 288
The number of various devices = 36 36 36 36 36 36 36 36
The scheme of allocation = 2 2 2 2 1 1 2 2|2 2 2 2 2 2 2 2|2 2 2 2 2 2 2 2|2 2 2 2 2 2 2 2|2 2 2 2 2 2 2 2|2 2 2 2 2 2 2 2|2 2 2 2 2 2 2 2|2 2 2 2 1 1 2 2|2 2 2 2 2 2 2 2|2 2 2 2 2 2 2 2|2 2 2 2 2 2 2 2|2 2 2 2 2 2 2 2|2 2 2 2 3 2 2 2|2 2 2 2 3 3 2 2|2 2 2 2 2 3 2 2|2 2 2 2 2 2 2 2|2 2 2 2 2 2 2 2|2 2 2 2 2 2 2 2

第22个最优解：
Iter = 34
Nfe = 3823
Fitness = 16.905648881496926
The number of total device = 288
The number of various devices = 36 36 36 36 36 36 36 36
The scheme of allocation = 2 2 2 2 1 2 2 2|2 2 2 2 2 2 2 2|2 2 2 2 2 2 2 2|2 2 2 2 2 2 2 2|2 2 2 2 2 2 2 2|2 2 2 2 2 2 2 2|2 2 2 2 2 2 2 2|2 2 2 2 2 2 2 2|2 2 2 2 2 2 2 2|2 2 2 2 2 2 2 2|2 2 2 2 2 2 2 2|2 2 2 2 2 2 2 2|2 2 2 2 3 2 2 2|2 2 2 2 2 2 2 2|2 2 2 2 2 2 2 2|2 2 2 2 2 2 2 2|2 2 2 2 2 2 2 2|2 2 2 2 2 2 2 2

第23个最优解：
Iter = 43
Nfe = 4732
Fitness = 16.907558613670435
The number of total device = 288
The number of various devices = 36 36 36 36 36 36 36 36
The scheme of allocation = 2 2 2 2 2 2 1 2|2 2 2 2 2 2 2 2|2 2 2 2 2 2 2 2|2 2 2 2 2 2 2 2|2 2 2 2 2 2 2 2|2 2 2 2 2 2 2 2|2 2 2 2 2 2 2 2|2 2 2 2 2 2 1 2|2 2 2 2 2 2 2 2|2 2 2 2 2 2 2 2|2 2 2 2 2 2 2 2|2 2 2 2 2 2 2 2|2 2 2 2 2 2 3 2|2 2 2 2 2 2 3 2|2 2 2 2 2 2 2 2|2 2 2 2 2 2 2 2|2 2 2 2 2 2 2 2|2 2 2 2 2 2 2 2

第24个最优解：
Iter = 64
Nfe = 7093
Fitness = 16.91163370480645
The number of total device = 288
The number of various devices = 36 36 36 36 36 36 36 36
The scheme of allocation = 2 2 2 2 2 2 2 2|2 2 2 2 2 2 2 2|2 2 2 2 2 2 2 2|2 2 2 2 2 2 2 2|2 2 2 2 2 2 2 2|2 2 2 2 2 2 2 2|2 2 2 2 2 2 2 2|1 2 2 2 1 2 2 2|2 2 2 2 2 2 2 2|2 2 2 2 2 2 2 2|2 2 2 2 2 2 2 2|2 2 2 2 2 2 2 2|3 2 2 2 3 2 2 2|2 2 2 2 2 2 2 2|2 2 2 2 2 2 2 2|2 2 2 2 2 2 2 2|2 2 2 2 2 2 2 2|2 2 2 2 2 2 2 2

第25个最优解：
Iter = 52
Nfe = 5801
Fitness = 16.9033709566655
The number of total device = 288
The number of various devices = 36 36 36 36 36 36 36 36
The scheme of allocation = 2 2 2 2 2 2 2 2|2 2 2 2 2 2 2 2|2 2 2 2 2 2 2 2|2 2 2 2 2 2 2 2|2 2 2 2 2 2 2 2|2 2 2 2 2 2 2 2|2 2 2 2 2 2 2 2|2 2 2 2 2 2 2 2|2 2 2 2 2 2 2 2|2 2 2 2 2 2 2 2|2 2 2 2 2 2 2 2|2 2 2 2 2 2 2 2|2 2 2 2 2 2 2 2|2 2 2 2 2 2 2 2|2 2 2 2 2 2 2 2|2 2 2 2 2 2 2 2|2 2 2 2 2 2 2 2|2 2 2 2 2 2 2 2

第26个最优解：
Iter = 71
Nfe = 7789
Fitness = 16.910423032110888
The number of total device = 288
The number of various devices = 36 36 36 36 36 36 36 36
The scheme of allocation = 2 2 2 2 2 1 2 2|2 2 2 2 2 2 2 2|2 2 2 2 2 2 2 2|2 2 2 2 2 2 2 2|2 2 2 2 2 2 2 2|2 2 2 2 2 2 2 2|2 2 2 2 2 2 2 2|2 2 2 2 2 1 2 2|2 2 2 2 2 2 2 2|2 2 2 2 2 2 2 2|2 2 2 2 2 2 2 2|2 2 2 2 2 1 2 2|2 2 2 2 2 3 2 2|2 2 2 2 2 3 2 2|2 2 2 2 2 3 2 2|2 2 2 2 2 2 2 2|2 2 2 2 2 2 2 2|2 2 2 2 2 2 2 2

第27个最优解：
Iter = 50
Nfe = 5471
Fitness = 16.907814281921237
The number of total device = 288
The number of various devices = 36 36 36 36 36 36 36 36
The scheme of allocation = 2 2 2 2 1 2 2 2|2 2 2 2 2 2 2 2|2 2 2 2 2 2 2 2|2 2 2 2 2 2 2 2|2 2 2 2 2 2 2 2|2 2 2 2 2 2 2 2|2 2 2 2 2 2 2 2|2 2 2 2 1 2 2 2|2 2 2 2 2 2 2 2|2 2 2 2 2 2 2 2|2 2 2 2 2 2 2 2|2 2 2 2 2 2 2 2|2 2 2 2 3 2 2 2|2 2 2 2 3 2 2 2|2 2 2 2 2 2 2 2|2 2 2 2 2 2 2 2|2 2 2 2 2 2 2 2|2 2 2 2 2 2 2 2

第28个最优解：
Iter = 26
Nfe = 2915
Fitness = 16.9033709566655
The number of total device = 288
The number of various devices = 36 36 36 36 36 36 36 36
The scheme of allocation = 2 2 2 2 2 2 2 2|2 2 2 2 2 2 2 2|2 2 2 2 2 2 2 2|2 2 2 2 2 2 2 2|2 2 2 2 2 2 2 2|2 2 2 2 2 2 2 2|2 2 2 2 2 2 2 2|2 2 2 2 2 2 2 2|2 2 2 2 2 2 2 2|2 2 2 2 2 2 2 2|2 2 2 2 2 2 2 2|2 2 2 2 2 2 2 2|2 2 2 2 2 2 2 2|2 2 2 2 2 2 2 2|2 2 2 2 2 2 2 2|2 2 2 2 2 2 2 2|2 2 2 2 2 2 2 2|2 2 2 2 2 2 2 2

第29个最优解：
Iter = 40
Nfe = 4481
Fitness = 16.9033709566655
The number of total device = 288
The number of various devices = 36 36 36 36 36 36 36 36
The scheme of allocation = 2 2 2 2 2 2 2 2|2 2 2 2 2 2 2 2|2 2 2 2 2 2 2 2|2 2 2 2 2 2 2 2|2 2 2 2 2 2 2 2|2 2 2 2 2 2 2 2|2 2 2 2 2 2 2 2|2 2 2 2 2 2 2 2|2 2 2 2 2 2 2 2|2 2 2 2 2 2 2 2|2 2 2 2 2 2 2 2|2 2 2 2 2 2 2 2|2 2 2 2 2 2 2 2|2 2 2 2 2 2 2 2|2 2 2 2 2 2 2 2|2 2 2 2 2 2 2 2|2 2 2 2 2 2 2 2|2 2 2 2 2 2 2 2

第30个最优解：
Iter = 81
Nfe = 8990
Fitness = 16.91218956002049
The number of total device = 288
The number of various devices = 36 36 36 36 36 36 36 36
The scheme of allocation = 2 2 2 2 2 1 2 2|2 2 2 2 2 2 2 2|2 2 2 2 2 2 2 2|2 2 2 2 2 2 2 2|2 2 2 2 2 2 2 2|2 2 2 2 2 2 2 2|2 2 2 2 2 2 2 2|2 2 2 2 2 1 2 1|2 2 2 2 2 2 2 2|2 2 2 2 2 2 2 2|2 2 2 2 2 2 2 2|2 2 2 2 2 1 2 2|2 2 2 2 2 3 2 2|2 2 2 2 2 3 2 3|2 2 2 2 2 3 2 2|2 2 2 2 2 2 2 2|2 2 2 2 2 2 2 2|2 2 2 2 2 2 2 2

第31个最优解：
Iter = 84
Nfe = 9360
Fitness = 16.914564289229023
The number of total device = 288
The number of various devices = 36 36 36 36 36 36 36 36
The scheme of allocation = 2 2 2 2 1 1 2 2|2 2 2 2 2 2 2 2|2 2 2 2 2 2 2 2|3 2 2 1 2 2 2 2|2 2 2 2 2 2 2 2|2 2 2 2 2 2 2 2|2 2 2 2 2 2 2 2|1 2 2 2 1 1 2 2|2 2 2 2 2 2 2 2|2 2 2 2 2 2 2 2|2 2 2 2 2 2 2 2|2 2 2 2 2 2 2 2|2 2 2 2 3 2 2 2|2 2 2 3 3 3 2 2|2 2 2 2 2 3 2 2|2 2 2 2 2 2 2 2|2 2 2 2 2 2 2 2|2 2 2 2 2 2 2 2

第32个最优解：
Iter = 39
Nfe = 4304
Fitness = 16.910423032110888
The number of total device = 288
The number of various devices = 36 36 36 36 36 36 36 36
The scheme of allocation = 2 2 2 2 2 1 2 2|2 2 2 2 2 2 2 2|2 2 2 2 2 2 2 2|2 2 2 2 2 2 2 2|2 2 2 2 2 2 2 2|2 2 2 2 2 2 2 2|2 2 2 2 2 2 2 2|2 2 2 2 2 1 2 2|2 2 2 2 2 2 2 2|2 2 2 2 2 2 2 2|2 2 2 2 2 2 2 2|2 2 2 2 2 1 2 2|2 2 2 2 2 3 2 2|2 2 2 2 2 3 2 2|2 2 2 2 2 3 2 2|2 2 2 2 2 2 2 2|2 2 2 2 2 2 2 2|2 2 2 2 2 2 2 2

第33个最优解：
Iter = 63
Nfe = 6928
Fitness = 16.907814281921237
The number of total device = 288
The number of various devices = 36 36 36 36 36 36 36 36
The scheme of allocation = 2 2 2 2 1 2 2 2|2 2 2 2 2 2 2 2|2 2 2 2 2 2 2 2|2 2 2 2 2 2 2 2|2 2 2 2 2 2 2 2|2 2 2 2 2 2 2 2|2 2 2 2 2 2 2 2|2 2 2 2 1 2 2 2|2 2 2 2 2 2 2 2|2 2 2 2 2 2 2 2|2 2 2 2 2 2 2 2|2 2 2 2 2 2 2 2|2 2 2 2 3 2 2 2|2 2 2 2 3 2 2 2|2 2 2 2 2 2 2 2|2 2 2 2 2 2 2 2|2 2 2 2 2 2 2 2|2 2 2 2 2 2 2 2

第34个最优解：
Iter = 32
Nfe = 3581
Fitness = 16.9033709566655
The number of total device = 288
The number of various devices = 36 36 36 36 36 36 36 36
The scheme of allocation = 2 2 2 2 2 2 2 2|2 2 2 2 2 2 2 2|2 2 2 2 2 2 2 2|2 2 2 2 2 2 2 2|2 2 2 2 2 2 2 2|2 2 2 2 2 2 2 2|2 2 2 2 2 2 2 2|2 2 2 2 2 2 2 2|2 2 2 2 2 2 2 2|2 2 2 2 2 2 2 2|2 2 2 2 2 2 2 2|2 2 2 2 2 2 2 2|2 2 2 2 2 2 2 2|2 2 2 2 2 2 2 2|2 2 2 2 2 2 2 2|2 2 2 2 2 2 2 2|2 2 2 2 2 2 2 2|2 2 2 2 2 2 2 2

第35个最优解：
Iter = 52
Nfe = 5668
Fitness = 16.910423032110888
The number of total device = 288
The number of various devices = 36 36 36 36 36 36 36 36
The scheme of allocation = 2 2 2 2 2 1 2 2|2 2 2 2 2 2 2 2|2 2 2 2 2 2 2 2|2 2 2 2 2 2 2 2|2 2 2 2 2 2 2 2|2 2 2 2 2 2 2 2|2 2 2 2 2 2 2 2|2 2 2 2 2 1 2 2|2 2 2 2 2 2 2 2|2 2 2 2 2 2 2 2|2 2 2 2 2 2 2 2|2 2 2 2 2 1 2 2|2 2 2 2 2 3 2 2|2 2 2 2 2 3 2 2|2 2 2 2 2 3 2 2|2 2 2 2 2 2 2 2|2 2 2 2 2 2 2 2|2 2 2 2 2 2 2 2

第36个最优解：
Iter = 45
Nfe = 5026
Fitness = 16.907647572009505
The number of total device = 288
The number of various devices = 36 36 36 36 36 36 36 36
The scheme of allocation = 2 2 2 2 2 2 2 2|2 2 2 2 2 2 2 2|2 2 2 2 2 2 2 2|2 2 2 2 2 2 2 2|2 2 2 2 2 2 2 2|2 2 2 2 2 2 2 2|2 2 2 2 2 2 2 2|1 2 1 2 2 2 2 2|2 2 2 2 2 2 2 2|2 2 2 2 2 2 2 2|2 2 2 2 2 2 2 2|2 2 2 2 2 2 2 2|3 2 2 2 2 2 2 2|2 2 3 2 2 2 2 2|2 2 2 2 2 2 2 2|2 2 2 2 2 2 2 2|2 2 2 2 2 2 2 2|2 2 2 2 2 2 2 2

第37个最优解：
Iter = 105
Nfe = 11493
Fitness = 16.91671544474787
The number of total device = 288
The number of various devices = 36 36 36 36 36 36 36 36
The scheme of allocation = 2 2 2 2 1 2 2 2|2 2 2 2 2 2 2 2|2 2 2 2 2 2 2 2|2 2 2 2 2 2 2 2|2 2 2 2 2 2 2 2|2 2 2 2 2 2 2 2|2 2 2 2 2 2 2 2|1 2 2 2 1 2 1 1|2 2 2 2 2 2 2 2|2 2 2 2 2 2 2 2|2 2 2 2 2 2 2 2|2 2 2 2 2 2 2 2|3 2 2 2 3 2 3 2|2 2 2 2 3 2 2 3|2 2 2 2 2 2 2 2|2 2 2 2 2 2 2 2|2 2 2 2 2 2 2 2|2 2 2 2 2 2 2 2

第38个最优解：
Iter = 43
Nfe = 4785
Fitness = 16.907233442206046
The number of total device = 288
The number of various devices = 36 36 36 36 36 36 36 36
The scheme of allocation = 2 2 2 2 2 2 2 2|2 2 2 2 2 2 2 2|2 2 2 2 2 2 2 2|2 2 2 2 2 2 2 2|2 2 2 2 2 2 2 2|2 2 2 2 2 2 2 2|2 2 2 2 2 2 2 2|1 2 2 2 2 2 2 2|2 2 2 2 2 2 2 2|2 2 2 2 2 2 2 2|2 2 2 2 2 2 2 2|2 2 2 2 2 2 2 2|3 2 2 2 2 2 2 2|2 2 2 2 2 2 2 2|2 2 2 2 2 2 2 2|2 2 2 2 2 2 2 2|2 2 2 2 2 2 2 2|2 2 2 2 2 2 2 2

第39个最优解：
Iter = 35
Nfe = 3949
Fitness = 16.898883636732325
The number of total device = 288
The number of various devices = 36 36 36 36 36 36 36 36
The scheme of allocation = 2 2 2 2 2 2 2 2|2 2 2 2 2 2 2 2|2 2 1 2 2 2 2 2|2 2 2 1 2 2 2 2|2 2 2 2 2 2 2 2|2 2 2 2 2 2 2 2|2 2 2 2 2 2 2 2|1 2 2 2 2 2 2 1|2 2 3 2 2 2 2 2|2 2 2 2 2 1 2 2|2 2 2 2 2 2 2 2|2 2 2 2 2 2 2 2|3 3 2 2 2 3 2 3|2 2 2 3 2 2 2 2|2 1 2 2 2 2 2 2|2 2 2 2 2 2 2 2|2 2 2 2 2 2 2 2|2 2 2 2 2 2 2 2

第40个最优解：
Iter = 45
Nfe = 4959
Fitness = 16.91163370480645
The number of total device = 288
The number of various devices = 36 36 36 36 36 36 36 36
The scheme of allocation = 2 2 2 2 2 2 2 2|2 2 2 2 2 2 2 2|2 2 2 2 2 2 2 2|2 2 2 2 2 2 2 2|2 2 2 2 2 2 2 2|2 2 2 2 2 2 2 2|2 2 2 2 2 2 2 2|1 2 2 2 1 2 2 2|2 2 2 2 2 2 2 2|2 2 2 2 2 2 2 2|2 2 2 2 2 2 2 2|2 2 2 2 2 2 2 2|3 2 2 2 3 2 2 2|2 2 2 2 2 2 2 2|2 2 2 2 2 2 2 2|2 2 2 2 2 2 2 2|2 2 2 2 2 2 2 2|2 2 2 2 2 2 2 2

第41个最优解：
Iter = 45
Nfe = 4948
Fitness = 16.910423032110888
The number of total device = 288
The number of various devices = 36 36 36 36 36 36 36 36
The scheme of allocation = 2 2 2 2 2 1 2 2|2 2 2 2 2 2 2 2|2 2 2 2 2 2 2 2|2 2 2 2 2 2 2 2|2 2 2 2 2 2 2 2|2 2 2 2 2 2 2 2|2 2 2 2 2 2 2 2|2 2 2 2 2 1 2 2|2 2 2 2 2 2 2 2|2 2 2 2 2 2 2 2|2 2 2 2 2 2 2 2|2 2 2 2 2 1 2 2|2 2 2 2 2 3 2 2|2 2 2 2 2 3 2 2|2 2 2 2 2 3 2 2|2 2 2 2 2 2 2 2|2 2 2 2 2 2 2 2|2 2 2 2 2 2 2 2

第42个最优解：
Iter = 161
Nfe = 17832
Fitness = 16.908185349069367
The number of total device = 288
The number of various devices = 36 36 36 36 36 36 36 36
The scheme of allocation = 2 2 2 2 2 2 2 2|2 2 2 2 2 2 2 2|2 2 2 2 2 2 2 2|2 2 2 2 2 2 2 2|2 2 2 2 2 2 2 2|2 2 2 2 2 2 2 2|2 2 2 2 2 2 2 2|2 2 1 2 1 2 2 2|2 2 2 2 2 2 2 2|2 2 2 2 2 2 2 2|2 2 2 2 2 2 2 2|2 2 2 2 2 2 2 2|2 2 2 2 3 2 2 2|2 2 3 2 2 2 2 2|2 2 2 2 2 2 2 2|2 2 2 2 2 2 2 2|2 2 2 2 2 2 2 2|2 2 2 2 2 2 2 2

第43个最优解：
Iter = 69
Nfe = 7660
Fitness = 16.9033709566655
The number of total device = 288
The number of various devices = 36 36 36 36 36 36 36 36
The scheme of allocation = 2 2 2 2 2 2 2 2|2 2 2 2 2 2 2 2|2 2 2 2 2 2 2 2|2 2 2 2 2 2 2 2|2 2 2 2 2 2 2 2|2 2 2 2 2 2 2 2|2 2 2 2 2 2 2 2|2 2 2 2 2 2 2 2|2 2 2 2 2 2 2 2|2 2 2 2 2 2 2 2|2 2 2 2 2 2 2 2|2 2 2 2 2 2 2 2|2 2 2 2 2 2 2 2|2 2 2 2 2 2 2 2|2 2 2 2 2 2 2 2|2 2 2 2 2 2 2 2|2 2 2 2 2 2 2 2|2 2 2 2 2 2 2 2

第44个最优解：
Iter = 50
Nfe = 5611
Fitness = 16.910423032110888
The number of total device = 288
The number of various devices = 36 36 36 36 36 36 36 36
The scheme of allocation = 2 2 2 2 2 1 2 2|2 2 2 2 2 2 2 2|2 2 2 2 2 2 2 2|2 2 2 2 2 2 2 2|2 2 2 2 2 2 2 2|2 2 2 2 2 2 2 2|2 2 2 2 2 2 2 2|2 2 2 2 2 1 2 2|2 2 2 2 2 2 2 2|2 2 2 2 2 2 2 2|2 2 2 2 2 2 2 2|2 2 2 2 2 1 2 2|2 2 2 2 2 3 2 2|2 2 2 2 2 3 2 2|2 2 2 2 2 3 2 2|2 2 2 2 2 2 2 2|2 2 2 2 2 2 2 2|2 2 2 2 2 2 2 2

第45个最优解：
Iter = 53
Nfe = 5808
Fitness = 16.907814281921237
The number of total device = 288
The number of various devices = 36 36 36 36 36 36 36 36
The scheme of allocation = 2 2 2 2 1 2 2 2|2 2 2 2 2 2 2 2|2 2 2 2 2 2 2 2|2 2 2 2 2 2 2 2|2 2 2 2 2 2 2 2|2 2 2 2 2 2 2 2|2 2 2 2 2 2 2 2|2 2 2 2 1 2 2 2|2 2 2 2 2 2 2 2|2 2 2 2 2 2 2 2|2 2 2 2 2 2 2 2|2 2 2 2 2 2 2 2|2 2 2 2 3 2 2 2|2 2 2 2 3 2 2 2|2 2 2 2 2 2 2 2|2 2 2 2 2 2 2 2|2 2 2 2 2 2 2 2|2 2 2 2 2 2 2 2

第46个最优解：
Iter = 14
Nfe = 1603
Fitness = 16.9033709566655
The number of total device = 288
The number of various devices = 36 36 36 36 36 36 36 36
The scheme of allocation = 2 2 2 2 2 2 2 2|2 2 2 2 2 2 2 2|2 2 2 2 2 2 2 2|2 2 2 2 2 2 2 2|2 2 2 2 2 2 2 2|2 2 2 2 2 2 2 2|2 2 2 2 2 2 2 2|2 2 2 2 2 2 2 2|2 2 2 2 2 2 2 2|2 2 2 2 2 2 2 2|2 2 2 2 2 2 2 2|2 2 2 2 2 2 2 2|2 2 2 2 2 2 2 2|2 2 2 2 2 2 2 2|2 2 2 2 2 2 2 2|2 2 2 2 2 2 2 2|2 2 2 2 2 2 2 2|2 2 2 2 2 2 2 2

第47个最优解：
Iter = 130
Nfe = 14257
Fitness = 16.914823294711294
The number of total device = 288
The number of various devices = 36 36 36 36 36 36 36 36
The scheme of allocation = 2 2 2 2 2 1 2 2|2 2 2 2 2 2 2 2|2 2 2 2 2 2 2 2|2 2 2 2 2 2 2 2|2 2 2 2 2 2 2 2|2 2 2 2 2 2 2 2|2 2 2 2 2 2 2 2|2 2 2 2 1 1 2 2|2 2 2 2 2 2 2 2|2 2 2 2 2 2 2 2|2 2 2 2 2 2 2 2|2 2 2 2 2 1 2 2|2 2 2 2 3 3 2 2|2 2 2 2 2 3 2 2|2 2 2 2 2 3 2 2|2 2 2 2 2 2 2 2|2 2 2 2 2 2 2 2|2 2 2 2 2 2 2 2

第48个最优解：
Iter = 53
Nfe = 5901
Fitness = 16.908228411724696
The number of total device = 288
The number of various devices = 36 36 36 36 36 36 36 36
The scheme of allocation = 2 2 2 2 1 2 2 2|2 2 2 2 2 2 2 2|2 2 2 2 2 2 2 2|2 2 2 2 2 2 2 2|2 2 2 2 2 2 2 2|2 2 2 2 2 2 2 2|2 2 2 2 2 2 2 2|2 2 1 2 1 2 2 2|2 2 2 2 2 2 2 2|2 2 2 2 2 2 2 2|2 2 2 2 2 2 2 2|2 2 2 2 2 2 2 2|2 2 2 2 3 2 2 2|2 2 3 2 3 2 2 2|2 2 2 2 2 2 2 2|2 2 2 2 2 2 2 2|2 2 2 2 2 2 2 2|2 2 2 2 2 2 2 2

第49个最优解：
Iter = 50
Nfe = 5567
Fitness = 16.9033709566655
The number of total device = 288
The number of various devices = 36 36 36 36 36 36 36 36
The scheme of allocation = 2 2 2 2 2 2 2 2|2 2 2 2 2 2 2 2|2 2 2 2 2 2 2 2|2 2 2 2 2 2 2 2|2 2 2 2 2 2 2 2|2 2 2 2 2 2 2 2|2 2 2 2 2 2 2 2|2 2 2 2 2 2 2 2|2 2 2 2 2 2 2 2|2 2 2 2 2 2 2 2|2 2 2 2 2 2 2 2|2 2 2 2 2 2 2 2|2 2 2 2 2 2 2 2|2 2 2 2 2 2 2 2|2 2 2 2 2 2 2 2|2 2 2 2 2 2 2 2|2 2 2 2 2 2 2 2|2 2 2 2 2 2 2 2

第50个最优解：
Iter = 43
Nfe = 4819
Fitness = 16.907558613670435
The number of total device = 288
The number of various devices = 36 36 36 36 36 36 36 36
The scheme of allocation = 2 2 2 2 2 2 1 2|2 2 2 2 2 2 2 2|2 2 2 2 2 2 2 2|2 2 2 2 2 2 2 2|2 2 2 2 2 2 2 2|2 2 2 2 2 2 2 2|2 2 2 2 2 2 2 2|2 2 2 2 2 2 1 2|2 2 2 2 2 2 2 2|2 2 2 2 2 2 2 2|2 2 2 2 2 2 2 2|2 2 2 2 2 2 2 2|2 2 2 2 2 2 3 2|2 2 2 2 2 2 3 2|2 2 2 2 2 2 2 2|2 2 2 2 2 2 2 2|2 2 2 2 2 2 2 2|2 2 2 2 2 2 2 2

The final result:
fmax = 16.91671544474787
fmin = 16.898883636732325
fmean = 16.90842712032588
standard std = 0.003779026552735512
The number of total device = 288
The number of various devices = 36 36 36 36 36 36 36 36
The optimal allocation = 2 2 2 2 1 2 2 2|2 2 2 2 2 2 2 2|2 2 2 2 2 2 2 2|2 2 2 2 2 2 2 2|2 2 2 2 2 2 2 2|2 2 2 2 2 2 2 2|2 2 2 2 2 2 2 2|1 2 2 2 1 2 1 1|2 2 2 2 2 2 2 2|2 2 2 2 2 2 2 2|2 2 2 2 2 2 2 2|2 2 2 2 2 2 2 2|3 2 2 2 3 2 3 2|2 2 2 2 3 2 2 3|2 2 2 2 2 2 2 2|2 2 2 2 2 2 2 2|2 2 2 2 2 2 2 2|2 2 2 2 2 2 2 2
