0.87817536 0.79642913 0.84128128 0.84174136 0.84353260 0.88786581 0.77765325 0.72060725 0.73010083 0.74678888 0.83787547 0.90642542 0.77303832 0.94676892 0.85858826 0.73159533 0.79154657 0.77518222 0.90864763 0.98736376 0.86355129 0.73905284 0.88953620 0.70034436 0.78170106 0.88284835 0.79222482 0.94977363 0.77158898 0.83045759 0.79915341
0.92791696 0.80534857 0.79941870 0.73318377 0.88031638 0.79289616 0.94318050 0.81543499 0.91872329 0.97908825 0.75677016 0.70084652 0.87758739 0.91793343 0.73270487 0.81412163 0.78487504 0.93474435 0.77732527 0.90938841 0.83976771 0.72373656 0.79294285 0.92447349 0.73344350 0.76207701 0.79828390 0.79511758 0.71467212 0.95175603 0.99867692
0.73577031 0.78935603 0.82790296 0.72827061 0.88178561 0.85242768 0.79628624 0.86928428 0.82289731 0.88166535 0.98373549 0.80788220 0.93978843 0.97601727 0.90309358 0.71272865 0.78437602 0.89592600 0.94905312 0.92061976 0.82011706 0.85992260 0.85285299 0.88380367 0.96119969 0.97041233 0.73230623 0.87568967 0.81891740 0.78210083 0.97900213
0.76561255 0.97983245 0.88891247 0.92677118 0.75915778 0.90351865 0.78952939 0.74462272 0.95826798 0.93773168 0.79783259 0.99336122 0.82494133 0.90578948 0.89255329 0.97795830 0.83379701 0.92475293 0.75034574 0.91750346 0.77212283 0.86368154 0.77826921 0.84117788 0.79123510 0.94879679 0.85531996 0.90219150 0.73007037 0.76681958 0.70818097
0.88199482 0.92089380 0.70905711 0.88375955 0.73432292 0.94784867 0.83699755 0.84036046 0.79275027 0.76178626 0.83522991 0.96049433 0.83643103 0.85940531 0.84944009 0.79134869 0.97657060 0.71119520 0.98604226 0.84385105 0.79092032 0.97101645 0.97568885 0.72803113 0.89520822 0.92036757 0.77546074 0.77104128 0.79891496 0.89247649 0.70397280
0.85472184 0.74817506 0.78532024 0.86993866 0.92200031 0.81082965 0.70851594 0.86792218 0.73569064 0.80777817 0.71674119 0.77506146 0.82941127 0.84077232 0.96193198 0.98948524 0.86836786 0.90966686 0.74797053 0.70494967 0.73764903 0.95188796 0.79491606 0.71690731 0.89746087 0.87350057 0.81504570 0.90277886 0.98837804 0.97475299 0.77006285
0.71363140 0.93521696 0.90334707 0.71779531 0.85577589 0.98553871 0.99592957 0.76754495 0.82897994 0.82806671 0.79242021 0.84596589 0.92305081 0.86745650 0.72878914 0.82993782 0.95647677 0.98488243 0.73176664 0.92936597 0.86962392 0.98880823 0.75371469 0.90117916 0.76066897 0.95708593 0.89751089 0.74601195 0.97500714 0.99017994 0.88979102
0.88114724 0.82830780 0.73584011 0.96626822 0.79725991 0.95969935 0.90795067 0.93509238 0.99234246 0.97474812 0.80655846 0.78333448 0.73390804 0.74795481 0.85223660 0.98767704 0.73015655 0.81142572 0.97596737 0.78326251 0.89225376 0.86018421 0.95562972 0.73439784 0.74321386 0.85527194 0.76195496 0.83743437 0.97409017 0.90334760 0.97046572
0.76963840 0.96526898 0.73592477 0.91144143 0.77823879 0.77962601 0.70269873 0.76735521 0.98108418 0.99514513 0.73159620 0.88650485 0.82446325 0.77731356 0.89324001 0.96271278 0.71463788 0.99619774 0.93945471 0.73399705 0.80750995 0.96956897 0.76424754 0.87801822 0.70558847 0.86178755 0.86138268 0.82888374 0.77304529 0.78836923 0.82522565
0.70854429 0.83814323 0.86824753 0.76096783 0.85654356 0.80769187 0.72971020 0.83665017 0.75428547 0.77043225 0.81182818 0.82258826 0.97426009 0.71537276 0.81091014 0.92385997 0.84082190 0.93709472 0.70110541 0.81845024 0.96714137 0.84291714 0.90974314 0.86745602 0.73285312 0.91655631 0.75133542 0.96443844 0.78870140 0.92953688 0.91938657
0.83856739 0.91813581 0.92510722 0.90224108 0.82063757 0.85133771 0.82978320 0.82816733 0.92234361 0.81455991 0.87488996 0.75571395 0.96738525 0.80693970 0.73459315 0.90809090 0.74803270 0.82809766 0.80790661 0.90491656 0.86271507 0.73286186 0.99003483 0.77113782 0.91900426 0.96435968 0.89315457 0.70126910 0.76204951 0.91349642 0.78836110
0.92731182 0.81107700 0.77149273 0.74900051 0.78080514 0.95600200 0.98267971 0.78098100 0.95342408 0.88251013 0.96715331 0.92790157 0.74638051 0.95714742 0.76716666 0.93795823 0.75659788 0.91401788 0.87729158 0.77558348 0.77721985 0.74162053 0.74640772 0.95364615 0.99147821 0.97216665 0.88948000 0.75178477 0.71228524 0.82640163 0.71886278
0.97306857 0.86513041 0.86451406 0.89852097 0.87467652 0.72895115 0.73814887 0.74008618 0.78865580 0.93861256 0.82984931 0.79706791 0.82606708 0.91347022 0.90443658 0.97281745 0.83194536 0.90920577 0.88189432 0.73899421 0.72950098 0.99471414 0.77325889 0.76431196 0.85985653 0.73228673 0.79982480 0.77824423 0.78836161 0.98767410 0.74165829
0.94114600 0.71014835 0.91682711 0.73397090 0.76090094 0.74608682 0.86820505 0.84933806 0.78673055 0.97567034 0.90350391 0.97005658 0.82320451 0.80560709 0.77549838 0.96811848 0.74176819 0.92201528 0.80940537 0.97033721 0.82325614 0.92011529 0.91376711 0.99309572 0.94288749 0.94818345 0.79831663 0.88499477 0.70914156 0.84227778 0.99962813
0.81636310 0.78968931 0.76486782 0.81056970 0.70214994 0.90120867 0.99399593 0.97666588 0.83915388 0.90543921 0.73996935 0.76144188 0.97985050 0.94123352 0.99382763 0.89366178 0.85326518 0.83164070 0.73595193 0.79208728 0.77839553 0.73620911 0.85417800 0.91797382 0.89762218 0.87172321 0.73864635 0.93198557 0.78635451 0.99949143 0.93536887
0.73055060 0.87084212 0.97407965 0.75211250 0.80689249 0.80864104 0.76703694 0.71869621 0.92406438 0.85565743 0.71968759 0.80916941 0.70127642 0.96000022 0.74146611 0.73558501 0.70064731 0.88605734 0.95454861 0.82220237 0.85922545 0.98226936 0.89168715 0.96495093 0.94071534 0.76300739 0.78218007 0.97385644 0.78280920 0.87877115 0.91081449
0.78587813 0.78936418 0.89960623 0.80639386 0.72222588 0.96187996 0.73419883 0.81011626 0.84772266 0.88182160 0.75153897 0.78959624 0.87014883 0.84429731 0.96335270 0.80172524 0.99475066 0.90444054 0.76368661 0.96684346 0.92321655 0.73056078 0.70708722 0.89784760 0.75742098 0.86271733 0.93875081 0.73088724 0.83610656 0.95183480 0.86882833
0.72920381 0.89742138 0.80281951 0.90875343 0.77844468 0.72184933 0.76535033 0.96002007 0.76043609 0.96856779 0.70810746 0.76527021 0.78292690 0.87363747 0.97616770 0.89786011 0.75521683 0.83067597 0.86713433 0.77925794 0.93386074 0.92378716 0.86928472 0.97368344 0.71879228 0.92851498 0.98460862 0.91633451 0.75823810 0.93946104 0.81107481
0.78535362 0.92069592 0.72295179 0.88180382 0.82837120 0.71402694 0.72976188 0.95403918 0.70202100 0.97536587 0.73639646 0.90789936 0.77725670 0.72107866 0.91380654 0.95385775 0.80460723 0.73340079 0.84965714 0.85873743 0.72169195 0.96966610 0.97438953 0.88272286 0.72037549 0.71118852 0.76231454 0.77447984 0.87287557 0.82188645 0.99684548
0.89794048 0.84494579 0.76164188 0.80372481 0.76264951 0.79993888 0.99616356 0.96772006 0.89978301 0.72011464 0.86377610 0.75676072 0.96804079 0.84099014 0.80008402 0.88285852 0.88757819 0.91083867 0.78386214 0.73140005 0.78598306 0.95062726 0.85180131 0.78952140 0.99801852 0.99974131 0.83589028 0.70027086 0.99044196 0.88977843 0.80524250
0.86213668 0.88467546 0.79250217 0.94407844 0.78326293 0.82344275 0.93872996 0.86935171 0.78629782 0.87270285 0.80248819 0.98515949 0.84331467 0.76729988 0.88920075 0.98660495 0.80061697 0.79771394 0.85798631 0.96318211 0.73048503 0.79613748 0.84632283 0.91103044 0.82104282 0.91281634 0.85039668 0.84455927 0.78641963 0.77818495 0.84638719
0.90096903 0.74725240 0.92278933 0.81674601 0.85609907 0.79632056 0.77533208 0.87121446 0.71680889 0.92572626 0.77938787 0.92488034 0.72375200 0.75052926 0.86142804 0.81500961 0.98892904 0.91911635 0.94675770 0.80469662 0.90480920 0.85283178 0.75580863 0.93456031 0.89608592 0.80651597 0.82094591 0.74377254 0.84128599 0.98759581 0.84353630
0.98863798 0.86947745 0.91424128 0.96249128 0.74075383 0.73722510 0.83284888 0.82883699 0.84746125 0.81271899 0.75173360 0.77607894 0.98485863 0.83765395 0.98140720 0.74321853 0.92808100 0.90296557 0.70219190 0.74624353 0.80485800 0.96193032 0.70716418 0.70475473 0.88654640 0.71341466 0.79254500 0.71310530 0.70589235 0.71921086 0.98864852
0.70001969 0.77271129 0.87242391 0.84237263 0.74712364 0.78748274 0.90877680 0.77696070 0.83515652 0.82854042 0.74947843 0.96638489 0.75685226 0.91109676 0.98295114 0.97019773 0.77756505 0.98577472 0.73324160 0.88006947 0.73868043 0.86062809 0.72534185 0.93147514 0.78469279 0.89381514 0.94192408 0.73311589 0.95254471 0.91414942 0.87214530
0.96265586 0.79141351 0.78368434 0.88120540 0.87022628 0.78259552 0.92029779 0.77924443 0.82089522 0.70247786 0.84892560 0.73994223 0.99392198 0.81680293 0.84765200 0.91283590 0.94011151 0.91152037 0.79929848 0.88889803 0.77895536 0.75448599 0.75046118 0.91632076 0.79449142 0.94310731 0.71813035 0.72272832 0.76293628 0.82575003 0.86908427
0.88119286 0.91613978 0.78930951 0.82918340 0.76045582 0.91278247 0.98181635 0.85849932 0.92465942 0.75398300 0.88728492 0.85389632 0.89467008 0.94160327 0.89022853 0.81324246 0.85172822 0.83603549 0.95935488 0.91486019 0.95468579 0.82562617 0.84391992 0.83213551 0.85449569 0.97213852 0.71205879 0.91638786 0.82389421 0.94577532 0.76812647
0.74116196 0.97637024 0.70928089 0.96567138 0.80803614 0.72654210 0.75351162 0.88412953 0.76785029 0.74396539 0.82661068 0.86066696 0.91194033 0.87417251 0.93554362 0.76381277 0.73552447 0.74439683 0.83224767 0.96261517 0.96982037 0.93696184 0.92701864 0.78401768 0.82078063 0.80071801 0.99900550 0.86199237 0.84051793 0.78018743 0.79780351
0.76468209 0.99254945 0.87322845 0.75113332 0.94039330 0.75392397 0.98106026 0.71146425 0.84974599 0.82610366 0.98938927 0.88918593 0.94962717 0.90215598 0.81615689 0.83155414 0.76480900 0.86036996 0.78008029 0.71513201 0.72518271 0.82384442 0.78468529 0.72481949 0.86052408 0.74190471 0.77493299 0.99480981 0.93054643 0.91238758 0.90781860
0.98593254 0.92571148 0.87389292 0.78447387 0.96983958 0.90385862 0.95403441 0.81933153 0.88336075 0.92917778 0.86352969 0.97181240 0.80610221 0.95339123 0.87665455 0.83777360 0.90098206 0.72422390 0.73614371 0.79160806 0.84089326 0.92333233 0.86505503 0.88541352 0.82505528 0.92482682 0.75942194 0.94905082 0.76586213 0.72636114 0.77370290
0.79418935 0.90115515 0.93747928 0.89609513 0.70658938 0.75784538 0.81449836 0.94271337 0.81389847 0.76068129 0.70767171 0.97844332 0.94114163 0.94470365 0.93471597 0.89796255 0.91286206 0.79155058 0.81500099 0.97298077 0.92952169 0.76827179 0.99079093 0.89118446 0.83629826 0.80268223 0.72589018 0.77867982 0.91481775 0.78153128 0.70788709
0.81091146 0.86263844 0.80688496 0.78790379 0.87709276 0.98145538 0.79211445 0.87134988 0.97011758 0.87302098 0.72175561 0.72464288 0.72773146 0.94168038 0.93924991 0.88619790 0.95142414 0.82419688 0.96319870 0.96520426 0.87706381 0.91119577 0.96625847 0.97879596 0.86572696 0.99008166 0.88117608 0.91718850 0.72448655 0.82668716 0.82570896
0.93719388 0.75510457 0.71218786 0.76229631 0.96724060 0.76363376 0.83297097 0.72934347 0.86161543 0.84586687 0.77417249 0.89885292 0.96810829 0.79238041 0.94249975 0.92988101 0.77158184 0.93260342 0.79073391 0.89892107 0.94620180 0.95990039 0.84495913 0.99680944 0.79115411 0.84909104 0.77609240 0.98712193 0.83863987 0.89413834 0.81969067
0.82327470 0.70877869 0.75691970 0.83228886 0.82066412 0.94376616 0.92805468 0.87867500 0.87617681 0.78322075 0.95769652 0.77253599 0.72027167 0.94412049 0.81800314 0.74280965 0.77658213 0.94206949 0.70968679 0.96985639 0.99060784 0.83584929 0.72260037 0.92921591 0.77256104 0.99429983 0.70475185 0.99624182 0.77980408 0.87353966 0.88544678
0.80230922 0.84156058 0.95337491 0.73644278 0.79256812 0.70270372 0.71446135 0.74005802 0.91636716 0.93442146 0.94237368 0.96510964 0.78450014 0.92742947 0.72120111 0.93036667 0.85232983 0.84814855 0.82762807 0.86088529 0.73462095 0.89988448 0.95667373 0.71515326 0.92656665 0.98954459 0.70235399 0.78040353 0.79601993 0.95579590 0.98049416
0.99976614 0.92434417 0.86681623 0.71676070 0.70811055 0.80757382 0.74491069 0.93069511 0.81348959 0.78572908 0.92126181 0.92612273 0.96802948 0.84615537 0.86695290 0.84977447 0.92591939 0.74666102 0.78615039 0.70329883 0.78683696 0.72600382 0.99395166 0.98905690 0.77070547 0.91292935 0.93490129 0.93718241 0.86411153 0.71049160 0.72854961
0.80035413 0.72002077 0.91978838 0.95567352 0.91356762 0.88061292 0.97652171 0.82290074 0.99890802 0.82811582 0.70494543 0.96447452 0.74991570 0.95045179 0.74678998 0.95776730 0.85660117 0.73731843 0.79765602 0.74389751 0.83050576 0.79800915 0.78014681 0.85642505 0.95941907 0.71483780 0.90166061 0.86959699 0.86345449 0.71546497 0.98529259
0.78298620 0.73814842 0.86373240 0.72469736 0.86161152 0.95608916 0.93179529 0.89804123 0.84974949 0.85629589 0.72640113 0.78232503 0.87264339 0.88015825 0.89909716 0.93738621 0.73318674 0.81421173 0.97395698 0.97879077 0.90040438 0.97336406 0.97710090 0.93060349 0.87317521 0.80340251 0.84984264 0.84267672 0.88613710 0.99870181 0.97172900
0.87262564 0.90508522 0.72001757 0.71104752 0.87006026 0.93642127 0.85808942 0.85856090 0.85992158 0.74933237 0.72149337 0.78528528 0.90292190 0.98037415 0.83177251 0.99706333 0.81411636 0.85800375 0.88534009 0.83749163 0.84553546 0.74935484 0.88998883 0.71644527 0.98558526 0.89316740 0.90405510 0.71400143 0.99657472 0.74128142 0.79837670
0.82899708 0.70225662 0.98647465 0.82514739 0.90776468 0.84967106 0.70667065 0.71361164 0.70177321 0.70385786 0.80466445 0.92025751 0.86296068 0.99015637 0.96850935 0.84075566 0.99247762 0.97683887 0.72057920 0.94235731 0.91236975 0.79072561 0.86306701 0.89880361 0.73041166 0.78020740 0.76430143 0.90501399 0.91586191 0.88375353 0.96375894
0.81591085 0.89834342 0.72751057 0.90402073 0.79270255 0.74336188 0.86299965 0.82516923 0.85078681 0.94615818 0.86519710 0.88124025 0.88615138 0.92064977 0.74243621 0.85934316 0.91173855 0.84214918 0.76259441 0.89993216 0.86170510 0.93135679 0.97493321 0.83145814 0.71984899 0.94280820 0.80373523 0.94425153 0.99868909 0.84351553 0.70853501
0.73698273 0.73777390 0.73697523 0.94626782 0.77441783 0.80376017 0.90402388 0.93306284 0.89743311 0.86064227 0.89520667 0.78768440 0.92537363 0.93622768 0.71938232 0.94477767 0.88683627 0.84054426 0.83022139 0.95410199 0.90782974 0.89332940 0.91606367 0.93183774 0.87600939 0.79109122 0.84928406 0.80183016 0.78630614 0.88944676 0.94887475
0.75828509 0.95676480 0.79353202 0.95438513 0.99696007 0.98377823 0.83824346 0.90066956 0.99929556 0.98314978 0.80091030 0.72107675 0.71320901 0.93753762 0.82171229 0.79177285 0.95542662 0.84183068 0.91174672 0.86182417 0.86325501 0.90587691 0.90511404 0.89247405 0.74859733 0.83873074 0.95973076 0.85473180 0.85379580 0.80020782 0.93179330
0.90695044 0.87753485 0.76403087 0.84090654 0.89350344 0.72956649 0.79222205 0.70685524 0.77197925 0.78542191 0.77264290 0.97483674 0.88949606 0.84655043 0.72070423 0.75368789 0.78879788 0.76747961 0.99226457 0.87122927 0.73172637 0.88961745 0.79760635 0.90231427 0.98147177 0.82121980 0.74612580 0.74851093 0.98568972 0.72482404 0.78799303
0.94355867 0.85012915 0.91710158 0.75253528 0.72583249 0.88685059 0.85160982 0.91346704 0.75801159 0.76242209 0.94232624 0.93833721 0.88498951 0.75966415 0.89512448 0.90368437 0.70377756 0.90157334 0.74550499 0.97838716 0.77374330 0.76798805 0.95391983 0.89556835 0.72199038 0.96436813 0.78493380 0.84815665 0.89702646 0.87774419 0.79324118
0.75483204 0.89407998 0.87745051 0.95820993 0.85157582 0.71751725 0.98768941 0.94915245 0.76941842 0.85977542 0.77528338 0.96592426 0.96122338 0.96206728 0.85915480 0.88372943 0.73946759 0.97982836 0.95813189 0.83716396 0.88297350 0.70546681 0.75061289 0.80655543 0.86342054 0.70244131 0.82342924 0.91955989 0.83220872 0.77803209 0.73793203
0.95275397 0.99486870 0.76738512 0.93888454 0.71161298 0.98370855 0.81849910 0.97617747 0.88279254 0.91975875 0.95679008 0.80069189 0.79003412 0.93232280 0.76870804 0.73381842 0.84429205 0.77856201 0.77659491 0.79520026 0.75983171 0.87653937 0.88156303 0.70520048 0.71107630 0.83301785 0.92763820 0.75740337 0.92988159 0.91205558 0.98875120
0.88214280 0.78969574 0.75206034 0.80037636 0.79460902 0.79171332 0.89746265 0.74970584 0.74051949 0.75866005 0.76653776 0.80221292 0.81864723 0.95424753 0.72915243 0.87829769 0.77268435 0.88061375 0.81733415 0.70142304 0.70497662 0.86221853 0.93755608 0.91873897 0.87159869 0.70268938 0.79650229 0.84665802 0.97204832 0.90101656 0.89182384
0.91718434 0.74752119 0.73527251 0.85601759 0.89601395 0.94928683 0.76568414 0.97505531 0.91051336 0.73311957 0.97441294 0.83376221 0.96464892 0.77704719 0.74680083 0.76718972 0.92877861 0.80786320 0.70811666 0.92134872 0.87493330 0.75690787 0.96099082 0.94766538 0.98280407 0.84755602 0.82175262 0.97339280 0.76811717 0.94565870 0.82878760
0.80495794 0.88341791 0.97986933 0.89280900 0.73284424 0.71149968 0.96134327 0.87759036 0.71510650 0.71380428 0.70173369 0.84023316 0.92198569 0.91008429 0.94471508 0.92244610 0.72633733 0.75145831 0.88944921 0.76858969 0.72370852 0.90670462 0.79446705 0.75239226 0.86189421 0.91122874 0.90737391 0.82227103 0.75267511 0.72960504 0.86959335
0.82509384 0.72818502 0.75593265 0.79604917 0.83999486 0.89097705 0.72146051 0.82724341 0.84750969 0.89035387 0.89602649 0.89562187 0.87482279 0.73789851 0.75882001 0.83942710 0.79532224 0.75238811 0.97481796 0.93542261 0.71993466 0.89839425 0.84595790 0.80693064 0.89886488 0.95386961 0.91070300 0.99555915 0.85539278 0.70989157 0.94211762
0.76380264 0.79828172 0.97047979 0.74291231 0.82138478 0.70613061 0.98202565 0.95613215 0.94076949 0.84565377 0.98036757 0.80225175 0.94670069 0.97640015 0.89891754 0.71740547 0.93093961 0.80682606 0.93348982 0.70332103 0.75655192 0.70091239 0.80860440 0.70723955 0.77615591 0.89067015 0.93603356 0.82969505 0.99547614 0.72790534 0.79923101
0.80949110 0.86735581 0.80851621 0.83702933 0.75855225 0.90206473 0.82437388 0.93661230 0.71454265 0.92729816 0.74148917 0.87926509 0.84623434 0.92569550 0.76869586 0.71277602 0.88557207 0.81901655 0.96848341 0.85161006 0.97122187 0.75629633 0.87088878 0.73009503 0.97110515 0.89835827 0.88251009 0.95485778 0.70600985 0.77299928 0.73573152
0.72061856 0.72283546 0.90396832 0.89815178 0.76819794 0.76436794 0.99254442 0.85898539 0.97521185 0.75269600 0.95307792 0.92785858 0.87842613 0.84546959 0.97329284 0.92194895 0.83211343 0.83816676 0.78645678 0.87982020 0.70900107 0.77137431 0.90570804 0.72458092 0.84951965 0.75980299 0.98088863 0.90514831 0.86105864 0.78934775 0.89516532
0.77242559 0.96180551 0.92996806 0.92252923 0.99710360 0.95349202 0.88550370 0.91794843 0.80757509 0.79399145 0.74675570 0.70950641 0.82010188 0.82420740 0.83125249 0.70629276 0.94890295 0.88406534 0.78208571 0.72712136 0.72123360 0.72966459 0.95904021 0.99333457 0.88180316 0.93776909 0.88795772 0.81401070 0.75203119 0.75481193 0.73886305
0.72382570 0.71266936 0.91545916 0.77984724 0.71262847 0.90321857 0.92052486 0.70204113 0.81147284 0.87834828 0.92565051 0.73122840 0.87240776 0.73017718 0.85065751 0.73373630 0.79876114 0.97580198 0.77485323 0.98820781 0.94896096 0.82186303 0.93581670 0.73069814 0.95012117 0.75221323 0.99831127 0.98825387 0.91767838 0.84090890 0.70596778
0.99572262 0.78429886 0.87076829 0.97125264 0.74200589 0.79508427 0.93764642 0.99898154 0.71530786 0.72678760 0.84235163 0.87526047 0.81214746 0.73630996 0.81578200 0.98723179 0.74199116 0.73818210 0.88838687 0.86937435 0.99832838 0.95204317 0.70246130 0.99935267 0.77785188 0.94931310 0.77505833 0.79053111 0.91211952 0.96331306 0.75045654
0.84926542 0.93066448 0.70902263 0.73414759 0.78295477 0.90098510 0.78747043 0.87521084 0.85958373 0.88918601 0.92543888 0.96071937 0.93110469 0.95525657 0.72372219 0.70447427 0.84150713 0.83906260 0.85661025 0.75289120 0.74579156 0.70709265 0.98157984 0.89326573 0.76831178 0.81583908 0.98135799 0.83392119 0.92807035 0.70540984 0.97058104
0.83189518 0.95454811 0.96655638 0.85620655 0.77184827 0.91051990 0.72576768 0.84464369 0.74978052 0.82805455 0.76642090 0.73925137 0.88691930 0.75051825 0.84919327 0.76941213 0.99279351 0.85689683 0.71203026 0.83682314 0.71203746 0.72512316 0.91892944 0.95595447 0.92686920 0.86834220 0.78763982 0.80380820 0.84646622 0.75216739 0.95909072
0.77917075 0.89561305 0.97197792 0.87595442 0.70348421 0.71802328 0.93717779 0.71421181 0.77427110 0.83464030 0.87408341 0.85992953 0.80773068 0.74399892 0.72072781 0.74367267 0.87968335 0.92038189 0.94536546 0.93706635 0.99347351 0.95603308 0.77583277 0.97998467 0.96974948 0.70609125 0.97916582 0.94268523 0.86622316 0.82918554 0.77999714
0.83492231 0.79557023 0.77278651 0.75225061 0.85366165 0.91656561 0.93043358 0.96152336 0.81248462 0.72735734 0.79786222 0.87529087 0.81910927 0.89046564 0.77683153 0.99469151 0.86267092 0.86665265 0.91910527 0.99514366 0.93949437 0.92924167 0.86856658 0.99341916 0.98505507 0.97177360 0.74684920 0.88604305 0.79066606 0.91007169 0.73714514
0.72801087 0.96614269 0.71484436 0.95200124 0.74181043 0.86428662 0.99288949 0.82394425 0.76460664 0.70949576 0.76377203 0.73267663 0.95619346 0.97114641 0.75453067 0.77936232 0.90193869 0.89260888 0.75752738 0.73717440 0.85344304 0.92884761 0.96598789 0.94780362 0.95500603 0.75952163 0.81808925 0.99602921 0.70623776 0.83034127 0.74363440
0.97873093 0.91027603 0.73315140 0.71741229 0.89087330 0.95306504 0.96480201 0.88027565 0.97902057 0.85202254 0.80633103 0.79277717 0.76284328 0.70216854 0.93732475 0.83688812 0.79685443 0.83440989 0.74553569 0.97888278 0.93826594 0.98417098 0.90892777 0.95090465 0.90238312 0.94893197 0.71628333 0.70003978 0.92435740 0.89048202 0.75334664
0.79190595 0.90539483 0.71181611 0.71419307 0.94082471 0.70267021 0.90960027 0.80210322 0.87057739 0.82522412 0.87100074 0.86068595 0.88855435 0.72302244 0.84841913 0.72433420 0.88179059 0.70313510 0.90729653 0.79731237 0.81593937 0.87564354 0.80064549 0.96286359 0.93766905 0.82241334 0.87934021 0.98769064 0.74727691 0.89427094 0.79944100
0.72300338 0.92149747 0.97640090 0.73695050 0.71104099 0.72654127 0.81793206 0.86639502 0.98556694 0.96833373 0.89970887 0.80249549 0.80629934 0.78073222 0.81414595 0.84393877 0.99057939 0.75318329 0.75284172 0.89488089 0.70079538 0.84684023 0.94127901 0.97331006 0.71316940 0.74259516 0.92546797 0.74576850 0.93247917 0.70578803 0.90278913
0.95517783 0.92812669 0.84053886 0.79857139 0.83263431 0.84968074 0.94170786 0.82109262 0.70503607 0.93460979 0.93442181 0.98071726 0.72827551 0.74738697 0.91991377 0.83378833 0.99047637 0.98748825 0.72210641 0.70866795 0.84137588 0.97402027 0.95192840 0.98997333 0.71244849 0.95680371 0.77578631 0.77758227 0.89773896 0.81770320 0.89092356
0.89938450 0.86761838 0.91183435 0.87358117 0.84103289 0.88679821 0.95599371 0.97593397 0.76210040 0.70393295 0.70124687 0.70470926 0.99607635 0.97301376 0.72807510 0.91820366 0.98153790 0.75650100 0.77582059 0.92909742 0.84360980 0.84676490 0.76338524 0.79802418 0.93847782 0.82589975 0.87522787 0.84728748 0.98924907 0.86434789 0.87566937
0.81542426 0.87885390 0.83601618 0.77535536 0.71149888 0.92496235 0.80168830 0.90644080 0.91307007 0.74303975 0.88353278 0.76765037 0.88370651 0.80669383 0.82137737 0.87683408 0.76473561 0.93936786 0.76616681 0.81697671 0.92159344 0.91821171 0.92764171 0.78183474 0.99770251 0.83961516 0.85177279 0.71946457 0.84823764 0.78641497 0.95885567
0.73587016 0.89244862 0.74918962 0.82541719 0.95683849 0.93639232 0.88833324 0.84220593 0.75374591 0.77798490 0.87975199 0.72653508 0.71870815 0.91321914 0.96505418 0.91011741 0.72591197 0.91619973 0.82700732 0.96327782 0.73930600 0.76633358 0.73281267 0.95305020 0.92204305 0.74357029 0.73140055 0.76616144 0.97015649 0.90702205 0.75647635
0.95827654 0.73191758 0.91360020 0.87445045 0.91812469 0.88516089 0.72148997 0.72566160 0.85924754 0.92757961 0.75834285 0.73845644 0.77310665 0.98958236 0.91600020 0.84871473 0.89515877 0.70576811 0.96236982 0.73231250 0.95025280 0.87941553 0.73676125 0.75479234 0.95532434 0.94459790 0.91754373 0.86116274 0.96585920 0.97262490 0.72042467
0.86927552 0.95796850 0.88347671 0.70195492 0.89263279 0.94016414 0.70873668 0.70605080 0.80275218 0.78804453 0.71024269 0.90138129 0.94737159 0.99109644 0.78826803 0.91440261 0.76880178 0.79369000 0.71450673 0.76663078 0.91663778 0.70209006 0.89847861 0.77542660 0.72081705 0.91592793 0.94118406 0.97512571 0.78466519 0.82607412 0.94692823
0.75978045 0.97309678 0.80122311 0.85319934 0.84008846 0.70854173 0.76274795 0.99932554 0.84526665 0.94644447 0.92150310 0.98734977 0.88568793 0.98333612 0.72125030 0.89315165 0.72403146 0.85350667 0.90125315 0.86231053 0.78150591 0.89520675 0.75533235 0.87354345 0.93138872 0.71408597 0.92629450 0.97276690 0.70468307 0.94022710 0.93314362
0.77292067 0.85212770 0.76566254 0.78385537 0.87865747 0.77310358 0.96166217 0.97874040 0.73084132 0.73516451 0.80935884 0.75854407 0.77351289 0.76797811 0.93343005 0.79742592 0.82556975 0.82239637 0.90658187 0.88383361 0.79087427 0.93918427 0.99248336 0.97203168 0.96384169 0.97261812 0.81657722 0.82366712 0.78277601 0.86172403 0.99784458
0.89224933 0.95031075 0.93636045 0.74012937 0.93379352 0.97927703 0.88665747 0.86902989 0.95412245 0.73316063 0.91250896 0.90964264 0.92744272 0.71302510 0.90487223 0.93159581 0.94180762 0.89736753 0.89256381 0.94083710 0.74494996 0.86783840 0.81704801 0.97254301 0.87871418 0.85209704 0.97339899 0.83629388 0.80193828 0.78528881 0.87817548
0.98331164 0.81013199 0.93371997 0.99438071 0.80608414 0.96566893 0.83827137 0.75998910 0.94310264 0.85445659 0.92093141 0.92970441 0.74571625 0.98416869 0.95554408 0.74967304 0.97025932 0.83512121 0.73345742 0.84180951 0.88663542 0.96774380 0.75622259 0.77819974 0.84444360 0.98034490 0.76083384 0.77673157 0.70951017 0.89748970 0.72821412
0.84666035 0.97734140 0.75280619 0.84274138 0.75725095 0.78554010 0.91040593 0.95957492 0.79394653 0.98463128 0.74635166 0.89738155 0.80469750 0.88601922 0.88572575 0.90677569 0.72414296 0.78695110 0.96184883 0.86937771 0.99527070 0.97538927 0.93206964 0.75885941 0.78698984 0.84259668 0.84929271 0.74368566 0.73173450 0.97801749 0.85003217
0.83147576 0.87977492 0.88968707 0.87827533 0.84699812 0.98634631 0.98393297 0.91981162 0.89977672 0.91401432 0.85053081 0.97392775 0.93312746 0.74587945 0.93375633 0.73849169 0.85415759 0.86528149 0.72592739 0.83044381 0.82385110 0.86459854 0.99805666 0.70658466 0.83782783 0.79954384 0.88213848 0.88929510 0.95170393 0.70604716 0.94137051
0.93844543 0.90019614 0.84436623 0.90826314 0.74424638 0.92620212 0.92950704 0.73611702 0.84616577 0.87505411 0.84834079 0.99675148 0.81028098 0.91998271 0.95198838 0.86664370 0.92155817 0.96754284 0.74710250 0.87479119 0.86854549 0.84634334 0.99161044 0.83863718 0.81583865 0.90888687 0.92928973 0.98930108 0.87442305 0.77466647 0.97323199
0.78413334 0.79161801 0.71287984 0.77080932 0.82326642 0.79084474 0.70521259 0.95219079 0.92736120 0.79681061 0.74310621 0.78076543 0.99614995 0.78394839 0.89976657 0.88701166 0.95165489 0.78507050 0.97488347 0.97741159 0.87611337 0.79319405 0.73962178 0.96694239 0.78266812 0.88236378 0.91090920 0.78748532 0.90678345 0.96304585 0.75738615
0.77517687 0.77812551 0.97428702 0.78459725 0.73728469 0.92629715 0.89832914 0.86409466 0.74362497 0.88934519 0.86374073 0.86008759 0.87884623 0.83136028 0.88037276 0.76811262 0.73008827 0.83476698 0.72356758 0.81291411 0.86958346 0.71405382 0.75604544 0.85731400 0.82370129 0.70072059 0.74376447 0.95031471 0.99874559 0.97412254 0.98679598
0.99101944 0.85949745 0.85966815 0.74787804 0.80516813 0.82905557 0.88448009 0.81980639 0.72317801 0.89795909 0.77115552 0.92819284 0.91254187 0.89688699 0.76266509 0.91836745 0.95327736 0.80041111 0.80570666 0.72432166 0.75283554 0.98933921 0.97598245 0.76358609 0.77646637 0.70611737 0.80689558 0.74480725 0.92050409 0.89157003 0.98306441
0.71453392 0.77937500 0.99193949 0.88183007 0.70634499 0.85234518 0.87274526 0.78958561 0.98894630 0.70311538 0.97041713 0.98528166 0.84023573 0.92433522 0.75396469 0.97086665 0.70158127 0.76994879 0.75712936 0.73769635 0.79067823 0.70099830 0.97652371 0.78910036 0.77234787 0.74510269 0.91319643 0.99232008 0.90451056 0.79629246 0.76386996
0.90793529 0.79131301 0.78022232 0.84378120 0.94167380 0.98700989 0.87999770 0.84561453 0.78215079 0.70269649 0.95994123 0.90844983 0.82861214 0.97336001 0.83859010 0.88695687 0.97515795 0.84496331 0.74805502 0.97425087 0.90220025 0.84039586 0.77458631 0.74188293 0.93206089 0.85912287 0.80478271 0.81737225 0.83364312 0.75823466 0.70334293
0.92349592 0.81101271 0.75234429 0.72160027 0.95423559 0.88250174 0.75640280 0.88129512 0.75983891 0.75060051 0.87899724 0.99513031 0.75788710 0.77843056 0.75406799 0.77461872 0.87856888 0.92599380 0.97622776 0.83657282 0.99054440 0.75867049 0.97898601 0.75230043 0.83884130 0.72159073 0.86617827 0.88816083 0.85815892 0.87653195 0.77477140
0.76260025 0.80376496 0.82289657 0.71196133 0.79312569 0.76785282 0.77110226 0.77110157 0.82689062 0.92178606 0.70536857 0.88949635 0.84065625 0.74409029 0.96341178 0.86646355 0.75985670 0.86036132 0.87296194 0.71231880 0.78233628 0.73444207 0.81929316 0.94805291 0.80004208 0.81027905 0.97411104 0.72147118 0.99154458 0.71080317 0.99416804
0.84843412 0.70972433 0.85398803 0.89788020 0.72758510 0.71230204 0.94692253 0.84999573 0.91357176 0.97810474 0.76629311 0.92801871 0.86726392 0.81905017 0.82810459 0.90961798 0.73184194 0.83679666 0.89077732 0.70765413 0.71087540 0.88384536 0.92394165 0.98873447 0.84863341 0.77159680 0.91030954 0.74235847 0.83386347 0.82245330 0.82993674
0.92074329 0.96614747 0.78952388 0.90499730 0.94432154 0.83868879 0.96582793 0.95887620 0.96468069 0.80300643 0.77510894 0.76594398 0.99536580 0.78950731 0.77845926 0.93781138 0.86149471 0.86327966 0.94492179 0.70816993 0.78153721 0.79669619 0.72007446 0.84150889 0.77888680 0.73953676 0.78431787 0.90105662 0.72700634 0.76333663 0.72217668
0.76822870 0.85995597 0.74953725 0.92538998 0.70967351 0.73001415 0.88076270 0.82590574 0.93868945 0.96587989 0.78116606 0.80010923 0.81534678 0.97859687 0.83528586 0.90270536 0.97408051 0.77786706 0.79522429 0.87763948 0.75882941 0.79882425 0.86320431 0.95428109 0.98397992 0.79861479 0.91068456 0.96980990 0.72443195 0.76328566 0.96620660
0.86333338 0.87003780 0.96850697 0.87202025 0.86372971 0.85847331 0.76255835 0.97427900 0.94155021 0.92628447 0.88678640 0.87321827 0.91552971 0.79041109 0.91739222 0.91822583 0.79634360 0.89192271 0.90293570 0.98808432 0.91421488 0.90001064 0.88434560 0.94891221 0.71281439 0.98746353 0.71850146 0.73145049 0.99961243 0.94891238 0.98260630
0.71533862 0.82242962 0.74006482 0.91459578 0.95089415 0.99339970 0.76995661 0.84473230 0.88865665 0.90489705 0.77893228 0.89530971 0.72357778 0.87719624 0.88262534 0.96904650 0.89423516 0.74472095 0.85664190 0.91227299 0.90781900 0.72670451 0.97796040 0.92642000 0.78888654 0.73892376 0.92724356 0.91059431 0.87400024 0.88588350 0.89131727
0.94917801 0.89536210 0.72741777 0.78700492 0.71141663 0.81442726 0.84013975 0.95631391 0.80486309 0.98122620 0.79251151 0.75865511 0.72132181 0.80674620 0.72251996 0.80833414 0.73258986 0.84421839 0.94903484 0.87498754 0.93381905 0.78052823 0.76188984 0.88094475 0.89472566 0.94121299 0.92156745 0.89268122 0.86315136 0.81163130 0.95708327
0.71358582 0.97163154 0.87288541 0.98025496 0.84219994 0.72565460 0.94394845 0.93600641 0.86389367 0.70219785 0.81119468 0.98169698 0.99462874 0.95890332 0.71315188 0.93368093 0.89301566 0.74790895 0.83179147 0.83639171 0.80130698 0.84387792 0.72204230 0.99821091 0.96727637 0.93317140 0.98846111 0.89922117 0.93711744 0.97038731 0.89211284
0.70865759 0.89455447 0.78963977 0.84171076 0.85446163 0.95329080 0.86098167 0.89093697 0.86380659 0.98872963 0.80727481 0.82861036 0.84180361 0.72058484 0.84358953 0.80998977 0.87581171 0.83055890 0.76986812 0.73599658 0.84486568 0.71869779 0.83811358 0.84251186 0.97769989 0.76834189 0.92776767 0.81414916 0.73868662 0.80277524 0.79721958
0.88602553 0.72872162 0.87673415 0.73553873 0.94304903 0.76768018 0.75286984 0.71655285 0.76911229 0.97653115 0.86706815 0.75729445 0.83832771 0.80053684 0.88721332 0.90461653 0.97706121 0.91018095 0.91754110 0.81743040 0.75901702 0.98355706 0.79516012 0.87754607 0.82599765 0.81291472 0.76662925 0.74949770 0.75420895 0.78890017 0.92066200
0.71901444 0.71010139 0.79874341 0.78808774 0.87094880 0.76073465 0.72923351 0.70213310 0.72050227 0.72152391 0.89178848 0.74089557 0.88649053 0.93897213 0.88526608 0.84956469 0.89216729 0.91761387 0.98237699 0.96250507 0.79777871 0.80889202 0.96765101 0.91474904 0.80954761 0.78506043 0.76887266 0.94875505 0.87218858 0.92345074 0.70974139
0.78547190 0.93633311 0.92556365 0.76922748 0.83880731 0.79839567 0.99144038 0.96268368 0.70953276 0.93843924 0.76264128 0.76123810 0.89846558 0.93150124 0.73690488 0.83933324 0.82945234 0.77961775 0.84418148 0.78549143 0.77023650 0.80543686 0.85723161 0.72847611 0.98372687 0.86383866 0.99035078 0.91998387 0.93349185 0.96538234 0.91702798
0.97584167 0.70548820 0.86467779 0.91146656 0.91039843 0.79309151 0.74793153 0.98989219 0.80339044 0.92442937 0.85694438 0.99544358 0.81502425 0.78982648 0.91174022 0.73518786 0.91336134 0.85285497 0.94078295 0.73942378 0.89830278 0.70104135 0.89639069 0.77193144 0.99856292 0.71171554 0.72348402 0.77519894 0.88198508 0.77479557 0.96220708
0.78690223 0.85539281 0.92748557 0.99923784 0.71303526 0.83788455 0.71592293 0.93875618 0.88908413 0.97106982 0.80574430 0.74206571 0.70350957 0.98120951 0.91734861 0.88476777 0.79754850 0.93156310 0.96231886 0.90216308 0.89196629 0.99846000 0.80502316 0.93720916 0.82488761 0.97170264 0.96784892 0.77088893 0.81520468 0.81887311 0.93983280
0.70224800 0.89330800 0.96395562 0.83663251 0.95463581 0.86500563 0.91340138 0.89484542 0.71583801 0.79549311 0.81735280 0.96561205 0.97281472 0.81810749 0.88020836 0.90125166 0.77666182 0.78734458 0.93304954 0.90436027 0.87018957 0.70724019 0.85066610 0.93136041 0.82916544 0.77471158 0.83800565 0.71192520 0.70879519 0.98282712 0.72483850
0.86200814 0.84941856 0.93121756 0.79326850 0.93139362 0.87967356 0.78996409 0.72043531 0.93674141 0.76153521 0.95929381 0.74834384 0.88803254 0.84966249 0.76028482 0.79422079 0.92013199 0.88738910 0.98152909 0.98813861 0.79186775 0.93347123 0.89332213 0.76986176 0.91258386 0.80735800 0.82444495 0.79396012 0.90055914 0.95627717 0.97697458
0.98119909 0.86899157 0.88483153 0.83180582 0.81505603 0.97343198 0.84707835 0.87168752 0.91492720 0.73960933 0.88221681 0.81957345 0.82217948 0.92252353 0.77803578 0.75795817 0.91166589 0.82649003 0.97117621 0.75961503 0.78966371 0.94150449 0.94004031 0.92177413 0.95940893 0.82385389 0.91483169 0.85427431 0.72749063 0.96833457 0.81973802
0.72759445 0.88833362 0.88574580 0.77467012 0.83891512 0.75983761 0.91251148 0.91824894 0.70348301 0.95095594 0.93934086 0.86988379 0.82454672 0.92158694 0.75277290 0.92681311 0.93800316 0.94661544 0.83725756 0.89188071 0.96764034 0.81928232 0.88611066 0.74959859 0.76348336 0.92427434 0.71723786 0.85169888 0.92924612 0.87801670 0.78395656
0.93890566 0.87526300 0.87261531 0.71255354 0.91305903 0.76052014 0.97073598 0.98639917 0.98300166 0.71152778 0.78142209 0.73149833 0.83879016 0.72677057 0.70144274 0.94029107 0.86182084 0.79334416 0.73322752 0.79932511 0.75336224 0.95713264 0.88878462 0.86210579 0.86076349 0.89950203 0.75921323 0.73098742 0.79926049 0.98198153 0.77151146
0.88140390 0.70782894 0.92577520 0.86834549 0.97804493 0.93993557 0.79519270 0.83228586 0.99576761 0.97431655 0.85320900 0.83373141 0.86809209 0.73706404 0.95335904 0.81133124 0.94306326 0.75432931 0.82504425 0.89518007 0.73006927 0.80485356 0.79907416 0.85640203 0.97189105 0.71331416 0.90688722 0.71195282 0.97381588 0.81912715 0.87039121
0.93056019 0.96608136 0.87087370 0.77973466 0.87468714 0.86722485 0.73392076 0.93356663 0.87424256 0.85409720 0.85808341 0.89046361 0.86047850 0.72935776 0.83332880 0.75119815 0.89310329 0.80920189 0.86454891 0.95939499 0.89010455 0.83288003 0.82133172 0.87286653 0.81811586 0.72125163 0.96543758 0.81954070 0.82137599 0.88417557 0.92734023
0.81039022 0.75941893 0.89597208 0.79371889 0.83714337 0.98759853 0.72450027 0.88019042 0.73480258 0.75039052 0.91257852 0.99784789 0.73811819 0.96513038 0.87053367 0.77832412 0.90716072 0.95343479 0.84559890 0.80012616 0.84000627 0.72901944 0.98768815 0.75888907 0.93029564 0.77396587 0.73175912 0.74597462 0.76404883 0.93070479 0.76453514
0.94349299 0.98361285 0.70407309 0.83778988 0.90935263 0.97699159 0.90676681 0.83170758 0.81334623 0.97805290 0.89235196 0.86001470 0.79455763 0.88722880 0.90271010 0.84363815 0.84152710 0.84332120 0.71138528 0.76157810 0.94963982 0.79489619 0.97076391 0.91649250 0.88510441 0.73449650 0.96935886 0.92817377 0.98166620 0.97052234 0.77568415
0.99065692 0.71485164 0.92012744 0.88729601 0.89813166 0.73906835 0.81184771 0.71754155 0.86113992 0.93528689 0.88892646 0.93839541 0.79772374 0.70130831 0.80342083 0.95548029 0.99424688 0.82277333 0.88717054 0.82095656 0.98754751 0.99109697 0.77858087 0.99143137 0.72388736 0.78441409 0.77391806 0.81137727 0.90084690 0.89939929 0.95843621