9.45031710 8.24387993 8.80889213 6.21270330 4.73120894 7.91911054 2.00967200 7.13694728 8.72955284 7.58185883 2.19800542 5.28089604 5.95344498 9.79845908 6.10588289 7.14560685 6.03475559 5.10003641 2.70681857 0.68552640 0.15286495 5.61054783 1.31971554 6.48553789 7.23566607 5.09767608 6.61722962 9.42290213 2.40762684 7.43052515 7.75939259
4.15057940 9.42227322 3.52376835 3.92208998 2.86537771 2.14653972 1.50610197 2.60131339 0.51381316 7.55700786 6.07156178 0.24793409 0.84053357 4.16313421 0.75546402 7.02407707 6.49860312 5.29014336 1.22243263 8.77099839 7.81789977 6.23434705 8.56217986 9.63969871 7.76733253 7.94621729 9.05941022 8.25933658 5.14853609 7.60163294 0.93741950
8.80482766 4.12315457 8.18928596 9.17066638 5.87384781 5.80278106 5.07231586 6.61979419 8.69478731 6.82006817 7.37482444 3.46328456 5.86102677 0.55148323 5.99898973 7.18313113 6.52324040 8.97663160 8.09608546 2.20761784 7.77025116 7.03602465 9.89478757 1.72249568 0.79030072 6.78862560 5.93272681 4.13255241 0.32841736 5.67245263 2.94232368
3.18877217 2.94189645 1.73598075 0.90952365 3.89198575 9.60473712 8.83502894 2.15412590 5.94211772 7.32320293 6.47927763 1.67297566 2.72283338 2.59850812 2.26451165 8.44237234 6.59460034 6.80895402 9.64113766 7.89362196 0.61487546 9.88267053 0.14648022 0.35573788 2.71233367 3.99344728 7.16781082 8.90187692 0.81275921 3.43596267 7.80501737
2.74117114 6.44742168 0.32305299 0.46627909 9.06519864 9.97046375 8.29648649 8.45705907 7.08840913 2.67002584 8.05403984 4.01218318 2.91440362 9.77854646 9.16949818 2.97272761 2.81504302 3.67086615 2.41853267 7.62388790 5.52693772 8.38447852 5.62223413 4.08695724 1.24995025 5.00446874 3.88141079 1.09799663 6.17492058 2.42638271 1.99858601
9.00772634 6.57290136 9.54347533 2.87096131 1.40163021 5.74576967 3.00049018 0.68643584 6.86620938 0.46815698 9.31432229 1.86610151 5.11677965 0.94322259 1.38262258 9.87046640 9.95415945 9.74986677 7.18460494 2.22297842 1.33204636 0.77656575 2.82401622 9.40325665 0.19383533 8.71708171 2.97244000 5.62376325 2.67708412 3.34588410 9.24179971
0.92747559 4.78578451 0.49619444 1.04813639 2.53044924 4.69505205 3.43114445 4.12443673 0.88198811 7.47979603 4.12861791 8.99848861 2.52646761 6.24839380 3.89292228 5.47244847 7.52468394 4.41433306 6.66151540 9.42400418 3.92893273 6.15325396 6.39258990 5.09472419 5.60484314 5.96976172 1.99939701 9.43937953 2.55433049 3.73784520 9.43977140
5.08073919 4.81784882 8.58068399 0.77438964 4.94753327 2.02046075 3.52007735 4.27488350 4.76898433 0.67506374 2.95269188 7.99299868 9.25751375 0.46744782 6.69976227 1.59457084 4.03192692 8.92167755 7.62885067 7.71717117 8.11659006 1.08063053 4.66070578 4.62784818 1.19781083 7.13534214 9.35122901 6.53747179 5.72683956 6.29814440 2.17800117
6.57076546 6.42961042 9.63840490 4.16278132 0.09618731 8.81654643 8.08600936 0.52583342 2.88740379 3.88145106 4.35655307 5.69490386 9.41816953 8.33672118 9.16353469 3.18111029 1.48501779 8.45280604 2.75668178 9.58596880 6.30722903 0.85305509 2.56185255 9.31823012 6.27113636 5.46078613 6.49679900 5.47615355 9.56589576 4.20362171 9.39839653
2.79030035 2.10043311 4.05083184 6.92077747 0.52387679 6.29635350 4.49263791 7.25013202 6.79211844 1.61918013 7.66612124 6.03076908 0.88915218 5.04036538 3.99059703 4.00835678 6.90022878 7.01509744 7.39600616 0.07009288 0.12917559 0.01600066 2.01108701 4.59787943 7.68536498 2.18041021 6.52379033 9.34940856 5.95145372 8.20897551 3.33460413
0.44339084 0.59259591 3.29592711 7.09415804 0.44898841 9.26979181 3.57642109 1.24967825 4.06584086 3.28448089 8.34395014 1.82057222 9.42990191 2.00844768 5.12089038 4.78161914 3.69163215 3.14255314 8.55783181 7.15294865 7.18692190 2.59976990 8.09241691 2.17919675 5.25744385 0.12243841 7.31598946 5.82592058 0.57596854 0.62062734 0.07643792
5.22957035 1.69349715 6.65792499 4.48818955 9.70800838 5.44890093 4.51294697 6.22539468 1.47177538 1.86807726 4.80929713 6.74191639 6.27200398 0.22847028 8.83367009 0.39182020 3.87908343 4.07612075 3.35124178 6.81663415 4.50688337 1.15624699 9.97943917 1.42073132 0.08054620 1.45468410 9.99564456 7.27376027 8.59156101 2.84633250 1.83133051
6.35913363 5.69203712 9.20810434 6.44458616 6.73015550 0.15079590 0.27767220 5.26494108 4.84045264 8.82710258 6.02566499 6.46884890 9.08294936 2.41356599 0.85777616 7.97114614 1.40170516 5.35793409 4.57457808 9.70725240 8.73351143 2.09421757 7.69066775 3.53283736 4.99122313 6.99677659 8.45109707 6.38212340 7.31837880 7.31670901 7.68186368
1.20295547 7.42473888 6.76808240 5.47257296 0.62621730 9.95495465 2.40225421 0.61320668 0.32912786 5.04765055 8.94172612 9.69326263 2.61640345 1.50979164 2.84068605 7.82035666 5.87022796 0.36127453 2.99759035 7.02670810 2.20942305 5.89726810 6.26584371 1.60575721 3.95016338 2.87090063 3.69183663 1.85749198 9.27503762 3.91647391 7.75530438
9.01988678 8.89420837 0.91346041 1.79517360 4.52518864 8.42187478 7.63411645 0.27476625 6.14360961 5.69319534 8.72262506 2.57343397 2.06331764 8.31128914 1.82125975 3.58739819 1.50443790 4.34087109 5.48913784 1.58077487 7.07611657 8.25454757 5.45170854 7.44846722 9.75951577 4.98973818 5.67420328 9.83581079 2.13594231 7.28865142 8.76985098
7.40555771 9.27814225 5.37068857 2.33373720 2.95099580 9.58411540 3.42610976 3.93577164 4.02469241 9.75664004 4.42174322 7.71129526 1.28556388 9.11801855 3.27397530 9.75544808 8.86267087 8.49838774 8.57121215 7.85748905 0.69234203 8.04726429 4.71745505 3.50384070 3.00593533 6.49182398 9.62058490 0.53370664 5.92874673 1.60174033 7.86340880
5.34869407 6.49627738 7.91923891 5.67246508 8.15794428 1.30227957 3.17434848 1.93904863 3.38285639 9.46369827 9.22916310 9.04886130 0.05056762 5.62083124 6.88124882 8.34114990 9.77293159 8.28673497 6.40516907 7.64514762 0.73780990 1.01810587 7.32241945 2.53108744 1.03207923 2.60056443 1.56389557 8.66500501 3.57082373 7.72448435 3.92534895
9.97101103 7.92477039 1.47319880 2.51510714 6.18165610 1.41809546 9.35363007 9.75466824 3.79646941 3.01131439 9.57008350 1.41660431 6.47070778 8.68903828 5.77515677 7.17053955 4.42079726 6.33996950 6.62741218 1.15679344 7.55991184 1.44657265 3.14366866 5.21861176 3.76657838 2.29444846 6.05446895 0.59773086 1.94115715 4.86650920 3.15448339
6.13435557 9.31949542 3.10463152 0.98531175 2.31145228 3.89000617 9.80154683 6.09635312 0.84459170 5.69988013 7.02830091 8.60010914 8.94240203 5.33808664 2.70769605 4.77149628 5.84902282 3.94727707 1.71170772 6.03644296 6.82877316 6.74365448 5.69094262 8.85324858 6.36458466 1.21333071 5.73678533 3.71088900 8.01556956 1.90563606 5.93196212
1.75165132 3.11542521 6.05831282 3.86281854 4.37118910 4.29220706 8.16646518 6.24669965 4.55728603 2.65132707 7.04659775 3.97038570 8.69932612 9.38746085 5.94902685 1.04062595 4.13366664 3.57738462 4.83640117 6.21538285 0.78581421 7.95457473 4.07301974 4.41448267 4.92850760 3.57774938 0.45909447 7.40094301 9.29551827 2.47934428 9.79604913
9.67932883 6.57417260 4.61625327 4.98340651 6.07506375 2.64531466 1.74398593 5.02476585 2.03870330 1.84762328 6.19672631 8.25982538 6.36175580 9.01390347 6.97960466 2.64135984 8.69571193 2.06017588 9.06581826 6.94051311 1.03352390 4.50408824 4.34007298 9.39072339 3.14285501 9.44738050 4.24113716 4.47004553 6.83299328 5.27783304 4.83013324
4.27359566 2.89240690 8.62933506 4.74751898 8.24228952 7.55149460 1.98441111 5.32053635 3.89100192 2.40515929 1.71174624 9.94423868 1.61873098 2.87241909 7.30195634 6.78302925 8.68529716 5.47534027 4.09804941 4.82597695 1.00356559 3.48715694 9.91273050 8.37800261 6.52313159 3.82952534 0.58290201 9.18035295 0.67086338 5.49143044 0.73241928
8.52761372 2.56564512 1.19734759 3.79735960 3.98483824 0.53912316 9.56983616 9.71376838 6.60719397 6.87120638 4.61182292 9.57605059 4.92586337 4.58852544 2.97640702 4.04487401 1.38775637 3.67600994 7.19710261 6.31666020 5.42292786 0.11619811 4.81900751 1.06243784 4.86241254 8.79783925 9.20146537 7.90203579 4.04052826 0.52480952 7.65537416
1.70030164 2.58951514 4.10831415 6.53335852 2.25522736 3.67071705 6.83979543 0.90861497 2.79357205 4.18533447 0.51893012 8.55830767 0.09777457 2.36910266 5.65053995 4.10997769 9.05864810 0.09908650 3.42620575 9.41449961 0.98155506 8.22710401 3.67081648 0.47670325 8.06946594 3.30311875 7.06124710 9.60485577 6.16450192 3.16327477 1.61380535
3.83277215 4.05027099 7.03107165 6.68904560 7.12340803 0.40050814 3.01650469 2.57699878 4.38036139 8.80523062 2.19682683 0.10281886 9.87378805 7.21382728 3.82391509 2.63230553 1.32981979 0.60520080 0.62705152 2.35870722 3.63764241 4.72828386 6.66625859 3.81666905 2.89597835 4.35195867 2.74015660 0.19614072 2.35079013 1.62160524 5.96363672
2.21851034 6.66860414 8.84021277 0.80447653 5.08918708 9.94492759 5.27518888 8.60434598 6.35530790 5.86481324 9.43770451 1.40848660 6.37419239 5.51270201 6.68961650 3.78966900 3.53762989 9.47125455 7.00371290 3.27586819 8.39903032 6.05395827 9.23622720 5.97741752 4.41492684 6.78387548 6.36627494 9.05823509 8.13926872 3.56097726 0.81506348
5.80704428 8.39839992 9.35308413 0.17843495 2.23833380 2.22656732 5.70051462 1.48950122 6.38913597 5.15625856 5.84211904 6.47383377 2.77652938 4.83462216 1.85045497 1.16787695 4.84209547 9.87667628 7.80643984 0.74195175 7.63339172 0.36796250 8.74889123 4.40242471 1.45883204 2.49375976 6.90194925 5.84331772 4.80118955 7.39891964 2.51344478
1.87583554 1.38626726 3.57184454 6.52986432 5.58499653 1.97711208 2.79807635 6.28863662 0.64574978 6.20047133 2.04342542 3.42604085 0.27666625 3.51102345 7.50350952 5.27912263 7.71749850 5.26024072 2.49604084 7.20257227 5.08759983 1.76056786 7.87414025 3.42660681 4.01540351 9.22193328 2.20341648 8.34946976 4.52486206 1.48643463 9.07250214
8.48824193 8.32294941 0.59836753 0.59618634 7.70423745 8.85303547 8.42059822 9.42224226 4.77433255 3.26214052 8.74460465 6.36750003 2.89715694 0.77578578 5.64034287 7.18566383 5.30315396 7.88235431 9.15342019 9.90883188 9.78009197 3.19958234 3.88088686 3.70662759 7.63069496 3.92900537 9.44328372 1.27130131 9.34662494 1.39988247 4.41941738
9.36412117 0.11314303 5.36233050 6.92165240 6.34781845 3.15134051 5.41009635 5.66334944 1.28180953 7.85991838 3.19660866 5.10639743 6.47136906 2.73606623 0.95364047 7.07562106 4.23888050 0.13507384 0.23012884 9.08817162 9.12474710 1.07088388 9.73939584 6.56983653 8.72749453 3.46487226 2.73621574 2.11653157 9.95705269 6.51772455 2.44088225
0.00807042 2.60215711 7.20935061 8.68562903 8.29262721 8.80226300 2.32435784 0.17945943 3.93414677 5.26631823 0.85568797 4.57064696 8.75127281 4.89519250 7.15658966 2.83186992 5.17520367 5.84151936 4.79118807 5.40114606 1.21520739 8.98015194 4.67648203 4.98243594 3.44435475 9.26439486 8.81368605 4.94299155 5.30436335 2.50762176 2.67440267
2.84022034 5.57726547 6.75684351 5.13719758 5.76904966 8.48295016 6.61424847 4.76272365 7.94146779 2.53544886 9.61468021 5.15061763 1.19313345 0.02716863 6.08148167 0.13897518 5.95763503 2.80910123 7.76008253 1.68728363 3.65719724 2.89636801 5.96815793 9.42627206 1.42932565 8.35228383 7.00314431 1.06321712 6.64208943 5.89045697 1.11234959
7.09882101 1.74644069 1.68326592 1.45784579 1.64185231 9.67217792 0.97638299 1.19778868 3.50032606 6.19485660 5.28284416 0.05775912 8.18306842 8.48416002 3.16649139 6.58017762 1.96309934 8.38994429 6.92344357 8.61679292 3.73433443 4.93036983 2.83157581 2.56870012 9.03569469 2.91724365 7.06182160 1.38029792 3.32178288 3.68689344 2.83143513
2.35804612 8.32687186 9.50059924 6.92818046 8.51183864 6.19901972 5.33680954 5.34574626 1.30626016 0.97370936 0.51807960 8.44450422 8.46094724 5.91148975 7.89886084 5.78806825 7.75372852 8.24167128 0.18598356 9.60493118 6.65717161 9.93420328 1.37187474 3.68578737 8.07861654 4.26444894 6.23125167 1.45097699 4.47573019 3.14064028 2.36524408
2.90881806 6.18406806 9.43138204 7.37259275 5.27441575 4.92008437 1.86064543 8.38577810 6.12987110 0.11248093 7.43027775 2.43063919 1.18063748 3.96674426 7.78512248 3.85123886 0.89910091 0.98216884 1.45343536 9.38744273 1.64529002 9.01761681 3.47534438 2.40087497 7.21594685 1.94172489 7.57469489 5.21562386 6.19702114 8.40521084 3.73468975
2.57326538 8.98097727 7.33739701 5.80531464 9.79748672 5.85912951 8.39601158 9.60061911 6.42178303 4.21055276 4.78878846 1.83649804 9.75441282 8.48294165 6.63733567 4.21470175 3.13799614 1.39711868 5.36819652 4.97637499 0.50684453 8.60572356 3.49298149 2.32850783 2.25331387 1.89793918 9.57890144 0.28925715 7.38517365 7.96594163 5.21298463
7.70317708 3.48919354 0.73508792 9.32771684 5.44497366 9.11184374 5.30868428 5.38279220 5.16047662 2.82621821 0.68950440 8.58711742 5.28610323 9.47498244 6.61405736 3.59716981 6.54315994 6.86236062 7.07193114 7.94225195 9.62091478 5.51387350 9.38136628 2.80415198 2.34244196 0.03074252 3.05354335 0.71815920 2.24982766 3.03658303 7.10189532
9.26434866 3.25039770 1.74720499 7.93908265 0.88249354 1.73320554 2.79005116 2.55309989 1.57092040 8.39510420 3.05799937 3.26530877 5.41907808 6.90829526 3.10296139 1.04702087 7.67553653 9.51633108 4.85791430 4.10758184 6.36759519 2.66312448 7.32170202 7.26573661 1.36562492 2.83959618 2.24914865 5.47738478 0.22472539 3.97516900 6.85972952
1.81666118 2.13823064 2.90639873 2.11124475 6.19360387 4.90205115 8.72260373 3.18064951 6.14050684 4.91579122 5.11844097 3.45239301 5.11037284 6.93603494 2.27594822 4.53532391 6.90471766 8.54914618 6.25365184 2.61242200 7.08430093 4.14538487 9.37792172 5.77332045 3.51519044 4.55308710 4.71182502 7.88778451 8.56388987 1.43112041 1.31931765
2.04901520 4.87909397 0.01976701 4.74768314 0.64885435 5.18395783 9.91465186 8.91871088 9.74266073 4.05159938 1.15527728 1.44918218 2.51984405 6.24787995 2.10918355 4.31381133 0.41673185 1.89933465 6.38470646 5.71886688 0.69165873 3.48045876 8.31975551 7.07227517 6.12786453 3.41337397 0.47099222 1.01609059 5.93799443 3.93423741 1.96723539
2.62978663 6.91469466 2.80457695 3.59288156 6.11791225 0.40499948 9.43206724 4.03157320 3.56322256 3.78191600 6.01408903 1.82730797 0.65648233 4.74480419 7.42874307 9.30963022 6.70671263 3.00086422 1.77181466 7.98150089 2.69073005 6.66323854 0.67451844 9.68289694 1.61840785 0.04694306 4.83567663 4.22013962 0.07016569 5.45204437 5.56331291
2.09041081 8.40576936 3.99420232 7.54447506 0.43286278 9.84860921 9.57589915 1.54842411 1.40218596 5.41719003 5.68738396 8.31715696 4.78744712 2.50565869 6.88455952 6.50855852 0.88846854 9.80776151 5.51174381 8.23130839 5.41396766 0.23370894 9.52044193 5.44698981 5.48013094 6.48700000 9.08096645 9.31368482 4.66525243 1.04833714 8.09194836
2.40666139 5.51551379 3.45634212 1.66348193 0.67558847 9.89894235 2.97986163 2.18285286 7.98404381 1.16903269 4.04422326 4.66749921 1.12590733 7.22647119 5.10389356 6.76805942 7.32455820 0.25685927 9.04655198 0.00506643 9.39462811 7.17427681 4.66868765 6.60604449 5.98238118 4.61499042 4.28039246 0.65547521 5.59963421 3.70255519 2.07710895
3.17829755 3.52744049 2.74501710 1.55866759 8.24831366 0.08960458 0.52687334 7.98102495 1.24606923 7.28241701 8.92290583 3.59369452 0.98648936 8.29582102 1.18794808 9.24593804 4.59474403 1.07256390 1.46610677 5.83736572 7.72952889 2.72570048 1.81490871 3.04366887 3.03614516 6.37115426 5.35429688 0.76578922 6.55746720 5.73086396 8.02735295
0.83090535 5.23908848 5.72337332 6.89907670 2.61619756 8.63564252 9.18255305 9.92150817 6.47142603 4.45849429 0.83146374 0.65792592 3.08394088 0.70070512 9.68720816 1.58581362 5.25981544 6.73337300 0.18393870 1.28773808 0.98737590 1.98815653 0.47502022 4.09123256 3.10447893 3.62399355 3.61167586 5.53323913 1.40846159 3.92172641 3.59426851
3.40160795 7.62777400 4.05855032 3.65370250 2.04561033 2.31687635 3.38490625 8.54425669 7.14937688 5.44106558 2.35963880 6.11548599 9.22661945 9.18546802 2.89494625 5.97966140 6.72195194 2.35252324 2.02085282 4.70254189 3.79358079 0.60484909 3.49963191 7.61910263 3.60408357 5.76546897 7.30381905 7.11217138 5.26045090 0.40495024 8.71715124
5.99075164 1.42151912 1.02508860 7.22597436 2.46614183 4.03037529 4.29134436 0.33936437 0.14778618 7.63126535 5.97132135 9.00940697 2.46712117 3.29499681 1.50415294 9.41879083 5.98650890 1.30377125 0.45573784 0.56106569 1.16168097 7.43584159 4.50734961 8.25962282 2.29993709 5.94234256 0.08021946 4.05465810 0.69267834 2.12308921 2.21626927
1.73308164 6.19967943 8.78509994 5.91525314 5.18454101 2.92383061 3.80704655 4.77114019 8.73742517 4.03891291 0.53479283 4.45565217 5.16192489 9.31929491 8.79763141 0.36444714 7.12292334 6.46926800 1.96178373 4.57151602 5.02369737 3.96106527 4.62718362 7.12994149 7.90211032 8.76443963 6.32551248 0.71224243 4.32418259 7.08699898 8.89191251
5.60110834 7.06562819 0.04333353 9.05975540 4.12140370 8.78014779 9.03228647 3.26729498 9.74690447 5.82397407 7.52556152 8.66699073 6.32029966 3.93936795 6.95717468 2.89273619 7.09257969 2.59546253 4.45209737 5.26718274 1.61799926 4.44306489 9.24375889 3.82080505 0.93339279 2.56071668 2.80390694 5.74629733 7.90568551 0.95252897 4.94465409
3.72635869 0.14903652 3.10400032 4.45136351 6.94986171 7.49311295 9.31023861 8.16635842 3.57086589 4.62658292 5.96170273 6.86726350 0.86688083 2.24499251 9.00578935 9.77012216 0.41724314 6.79976043 9.39829003 2.03625123 8.24942169 9.77511646 0.51694541 1.27313370 4.09051702 2.31237762 6.23003406 9.69346875 9.61318074 9.95603426 3.59612442
8.33283468 2.87962328 5.31370556 6.01683345 8.52524087 5.06434363 3.50209155 1.07263091 3.69717947 5.97565610 6.39362951 2.24243556 1.46461035 6.89805233 6.88364878 5.24094838 2.00364704 2.84188136 3.66538305 7.80337723 3.71453171 1.41379089 0.33028704 6.40540400 1.30982263 2.21082254 0.00368005 4.62695197 4.63154147 8.89300314 8.18081503
5.65151673 8.73835720 5.90373763 1.94605227 5.73851765 7.10271209 3.18425245 3.33789289 6.41434431 0.11912063 5.16779334 8.26520899 0.59845910 0.54870644 4.84124162 0.08507988 1.91413807 6.01135987 9.72625384 8.72022860 7.02911566 6.18574223 4.25899744 2.02412375 8.02962152 8.98867304 2.23699304 5.99439686 5.55198599 5.67928075 3.75354009
4.39029966 3.67920141 9.56961485 3.35464700 6.32750205 4.45552657 6.82225065 0.03034446 2.50361563 3.28042795 0.67674405 5.09171352 6.85040073 6.41385009 2.37062225 0.98690868 0.61369310 8.35801356 3.00692543 2.67391738 0.12966806 9.97664224 0.66914073 3.29474166 7.89613637 7.87072307 6.19569934 7.58514826 8.93014116 1.75060547 9.20003520
9.70608151 0.85820689 9.32745052 3.15853172 6.99728844 6.70317209 7.59274403 4.68751207 7.53065915 3.91160681 5.26279013 7.49175487 7.28023885 1.80840192 3.63580260 5.89084748 2.22781678 2.37019421 2.14242041 6.31601502 1.78745926 5.97686552 0.46616988 7.71889246 2.55929613 4.63043505 1.26860625 3.44503656 5.61233310 0.02324409 6.27456160
7.79879923 6.24800828 2.79240608 3.75613981 0.26251531 2.51066924 2.31507453 7.29979334 9.13178495 7.58809714 3.47916436 4.14902468 4.18995563 1.68465644 8.00672984 6.38595715 4.96874450 0.95160938 3.11229257 9.74822215 7.12826100 4.62357611 9.54598181 2.97331452 4.53852365 6.63708377 4.40143209 5.22076878 8.75589297 4.69659587 1.46096014
0.34321632 0.76166591 8.00537092 3.30562067 4.56057821 2.06641059 4.69294524 4.93531954 8.43736474 3.58244595 1.34799773 8.22424151 4.97124017 1.02819908 0.00479594 0.17942576 3.07172854 5.05200079 2.43338884 5.67540144 9.74112961 2.74920831 7.64815237 7.10537674 4.86542288 4.79537402 6.17625587 9.21954676 9.68113716 9.02950396 3.81706758
7.31366854 3.70486903 6.99528077 8.37546810 0.88613107 5.19533481 4.68445147 5.16649827 2.89931803 7.06354400 2.52541151 0.96571837 6.86114885 3.55488778 2.52134129 1.51910846 0.08525767 2.99763360 2.36608289 4.72829467 1.69334374 8.44552728 7.35226923 0.19133675 8.19081355 1.13790144 0.93505028 5.90626990 7.77690683 1.35889416 3.92608425
4.63403844 6.94307684 7.49808643 0.46629415 5.66942433 9.36847772 6.89806715 6.16221592 2.58301453 7.63898521 1.42014042 0.06959172 3.87421174 2.89625796 6.56758951 7.56919418 1.41474381 6.16592403 5.47662005 5.60368836 1.06408104 7.81905334 8.11830333 5.23067509 0.90262297 8.38866062 1.65054439 8.99587942 5.15546827 4.79305341 0.01730776
2.24178166 6.06903711 0.91042441 9.61302920 8.14081491 1.75476854 0.40416391 3.11335012 5.97857751 5.32856350 2.71594381 5.41901458 1.01134371 9.55160407 0.22370431 4.06796594 2.08347979 1.61762842 5.70425562 1.44139420 0.11420070 4.73369557 4.44527913 7.62267592 6.54943011 6.70592544 4.61909555 0.86386113 5.92336093 0.86865562 2.86064236
7.27255856 0.78563021 1.38490848 9.38468503 2.55278069 0.42386365 3.19801155 8.43236001 6.41650343 7.04765932 6.72867484 5.35472715 4.62840690 4.39892323 8.78877343 1.22109048 4.55446470 4.11478222 4.12254508 9.48242013 7.55574880 4.59314028 6.48785725 6.92528811 5.60202296 5.59726464 4.25465839 2.91930756 0.07540470 9.38462144 3.12467808
6.79114860 7.89256816 5.75650307 7.76589176 3.05077076 3.79467556 4.09882466 4.90722486 8.15060512 7.93741917 0.22078700 2.75341725 0.47598182 4.75926573 9.59694009 5.45692792 7.34518945 2.51418876 1.47950179 6.82320913 8.94012457 2.82589125 0.27161952 4.42763407 9.29356765 6.15370886 1.53858775 3.88681477 8.72670160 2.15610079 0.08286630
3.15400033 0.46056862 3.59582771 6.62006547 8.39769866 6.51773422 8.65162659 7.76690069 6.27461792 4.48551124 9.28439156 1.28844171 2.22247649 7.22967098 2.65157524 4.85080931 0.77518357 2.22764702 8.47172420 1.88680732 1.84234811 5.83281792 7.71177277 2.60579438 6.39702222 0.48652985 7.00291369 1.66544082 6.08004281 9.66210057 8.78657442
6.57183380 3.85628373 6.15512430 9.35022504 2.48572813 7.04759111 4.22697189 5.63345420 9.78656518 9.81911744 5.06346586 6.96794374 0.48221296 9.51023342 8.02827815 9.76068375 8.35120532 0.07814223 7.27068631 1.53796783 5.56558971 6.36177848 4.38989545 5.73841469 5.46631881 4.87552307 3.06321383 0.17646078 7.14945039 0.40672535 0.81294888
0.19347894 2.57024782 2.81796604 6.41696492 2.17187414 0.98360059 5.14446038 8.86042792 4.30821403 8.71301543 2.32894443 5.18133552 9.32465585 4.47675285 9.75084211 0.08000942 8.14363155 1.79851470 2.08347069 9.74280928 4.45895703 0.39141494 5.95248478 5.97290044 7.60723849 7.82779680 4.37072197 4.42598915 5.17664493 1.29378165 6.98905733
2.51651520 7.38582411 6.77627075 7.82983692 8.38987116 2.42394150 9.64144350 1.35890432 2.24879655 5.66352444 6.23762535 8.50419295 5.27716888 5.94099458 0.89172759 6.54330806 9.42199726 8.94547972 6.46728891 0.65947754 3.37450110 1.16469587 9.51347749 0.40469819 6.23372893 7.80739257 2.95823612 1.31086604 0.54125879 4.65506050 0.28509078
0.45412423 0.64309599 6.89130366 5.18195721 4.90461843 0.66495838 7.61547627 9.76162320 3.68330563 8.77972549 4.96789585 2.62740005 7.09940806 0.90089902 9.57713906 5.29377215 2.15656644 7.45350315 3.38563731 1.77069892 9.09269222 1.45393252 6.81798461 1.48155266 2.05797261 4.77283098 3.72708045 0.10850153 6.43744263 2.16016245 2.58642973
6.44547909 6.38898023 9.37921869 7.99262436 5.88770665 8.79454214 2.62637877 8.70023708 2.79806307 4.01191008 1.30601871 7.13205771 4.66442704 9.56616352 5.18504750 0.59081143 0.69844230 0.23455975 9.96912055 6.24419038 6.32498640 6.85544241 2.42266344 0.36324696 2.87295094 6.63126525 7.29741565 7.26489001 8.70176711 9.69775733 3.53927965
4.94243072 3.98444560 0.29572587 6.51084446 2.46383348 6.41671674 6.00892701 6.29702529 8.87551979 9.23319788 5.22090486 9.55384021 4.57028754 6.08533042 1.19564116 3.81542757 3.86110302 9.57216828 1.00131627 8.69197911 1.84822922 1.51391809 8.87343347 7.97134586 9.57535921 3.41946982 6.55301265 0.27965259 8.94112007 5.02297051 7.63751190
3.66133233 2.86552538 7.25083979 9.04658702 1.20657150 6.80664663 3.52943648 0.33175807 0.68423469 4.88098733 9.95492681 0.74849655 1.03091672 7.56173838 0.52072441 4.76120753 2.50184674 8.21230329 8.33420764 8.96602830 5.30694667 2.55817739 7.55323872 7.29332440 3.63542659 8.60847692 3.63434763 6.79121075 8.11487622 4.50911024 1.40826514
3.29338233 9.95588936 8.34278798 1.48481582 4.83899167 4.30083822 6.98677692 5.53801935 0.83926390 8.62549040 0.79749604 0.13356588 6.67498912 4.43474098 7.11176744 6.93466538 6.66099269 6.94880988 8.33772814 4.35859873 3.12813004 7.99383276 9.75411893 2.05512320 5.75030821 1.89085143 8.04486459 4.93921723 3.18349127 2.77978815 4.06656704
7.93447404 8.58559748 4.52006774 2.37973298 6.06978454 1.65064978 1.07712625 5.67026196 7.12077613 2.41749573 6.13412581 4.34592499 5.59880170 6.30286183 5.56077450 0.31326365 7.56410559 5.56046872 5.32622272 9.22354786 5.47611346 9.68237621 0.46059192 7.32212766 1.09263157 6.13568863 7.74976718 7.44372264 2.29105736 3.26720078 5.99066101
3.66689402 6.60854195 9.21051690 2.83923750 5.67414288 0.28436716 4.19463014 6.55116326 1.95979282 6.63662831 8.77990466 4.24502713 5.68600299 1.71664490 7.23684805 5.71065117 8.20797609 8.35834635 3.53502696 3.24009451 3.07261451 1.97621080 7.22391913 3.47652650 7.64059359 2.76416055 7.86445872 6.85622560 0.39001632 9.30914765 9.60947900
3.86154072 9.43051856 8.05698985 2.03320848 5.00772355 1.78989725 1.55434820 9.37443859 3.25412730 3.63104153 5.93956133 7.98492022 3.36033712 8.71513847 4.76638190 0.96401306 2.60038030 6.14784280 1.91849094 9.71255692 1.20324214 8.72829153 1.10898939 4.45338798 8.90548991 0.06655301 3.25789747 9.64287912 6.08188600 2.04330307 5.90202073
5.63733584 4.06245029 4.15622010 0.71536689 4.98002789 9.44950943 2.83080001 6.20462896 0.23909685 1.51584825 1.86899016 2.69307749 0.45352832 0.09515746 4.86724562 5.81752970 4.93383178 3.76854926 6.65631749 2.93689798 6.41602401 4.60599197 3.59828051 4.08714082 0.38196598 6.23908997 1.92201516 5.41627262 3.73605557 6.62171847 9.18656112
8.39441556 3.96773094 5.47759280 6.43245909 2.51770417 9.43119492 9.13894063 7.61440764 2.71118027 2.43821968 2.24801242 8.50425744 5.18464896 9.48684956 6.62325254 9.41157343 7.10678778 7.13826752 2.48452730 4.78969870 6.13663429 7.80604792 6.18688333 8.07844997 5.58790330 7.03646974 1.62989156 1.98029113 9.80041333 2.73551788 9.58970699
2.77501779 2.15423081 7.23765082 0.36355448 2.24870444 5.08596763 5.11337298 0.32142693 2.34585787 7.45299542 3.17709424 2.22736432 5.74942825 9.64017118 4.28371722 2.52275210 0.25153452 0.91499188 3.19184949 6.15666842 5.99845754 6.71092817 1.02348015 1.00337288 2.47666363 5.75501412 4.66442603 9.42462029 6.45232127 8.25459668 8.82679728
4.11455294 2.98497709 6.71947749 1.43418727 9.00750716 9.10676180 0.41951112 7.49224720 3.73414633 3.79169680 2.96404398 2.67175680 1.87891088 8.43538092 0.03841580 5.45825554 9.12185446 9.22353152 0.94406656 5.91175149 7.24051412 6.48856614 3.26262236 9.83198289 3.90253603 6.43660800 4.70066334 9.43915057 6.19736532 7.47300417 9.97070224
5.55700521 7.93537791 6.76264843 3.42523244 1.72461535 6.88541309 2.63210131 0.08452971 7.66510113 8.32674764 4.95370854 8.68522442 8.10407196 5.55912426 8.74761628 0.42548420 3.05745719 6.34453027 5.89578729 6.19397941 7.39786993 6.64699703 6.08282546 3.24362752 0.76060682 9.49177030 0.86162086 9.50744593 3.66482604 7.28278221 4.08752453
0.05266594 2.10241095 0.49742662 7.87297398 5.53059116 0.78647185 4.32022641 5.68518651 6.90351269 4.75339647 7.48205392 3.24274181 4.21631727 0.07681048 4.33914473 3.46258454 9.72925987 7.07876247 2.05622432 3.86717085 7.33969261 3.61290141 9.65064348 3.58219322 0.89437483 1.74636910 4.60949990 2.33851887 3.73031628 8.48158071 5.80929687
5.73768031 0.58093264 0.03602008 8.54777033 9.44845790 0.84562169 9.63763332 8.64009659 9.97280192 9.14469687 0.79535095 7.73676541 1.15253875 5.06793835 1.56872711 1.28798418 3.68401420 9.07386202 0.48763692 3.90955986 9.56602761 5.60811734 1.46242154 4.29777762 4.62711269 7.68326954 3.27683189 3.29587747 0.06142693 9.39854006 9.07056547
4.23230759 8.24821247 4.17690912 2.59515224 4.23100986 9.03799303 6.85831674 0.96639407 8.83657260 0.15938118 7.21151917 8.13851548 0.00216276 9.43356309 0.91349203 9.38963879 9.25572864 7.07924018 1.59409904 4.73514874 3.69004149 3.54900600 4.15506649 8.37496276 2.31472365 2.05884026 5.24614437 2.03267982 4.26348732 5.25560525 1.51764810
2.35903290 8.36738923 2.31313175 0.06741804 6.44901953 5.68497882 6.15569036 8.36154708 4.96154395 2.72280465 0.47833562 2.83207040 9.33235293 3.28481032 2.76682849 6.34112412 8.13550314 1.15674227 2.61553168 4.74992060 7.77554861 4.16175776 4.29988615 1.94220765 4.38209234 2.51600864 8.78077383 0.82571140 7.03029883 0.86804917 3.10127699
5.07138973 7.22541518 3.92349557 4.48204804 2.64915019 5.96630465 0.13644708 2.32970655 7.58001536 7.64244716 6.59174818 3.84338180 0.74854815 9.52081672 0.90725856 7.93772582 4.10567469 6.64349642 2.75286924 7.79642019 5.14087175 4.58384599 8.41308447 4.52840805 0.11401602 6.69849072 6.71256708 3.11978062 5.21101654 8.26435379 3.57912078
7.15745795 4.52368494 7.20440196 5.53616288 0.64649704 2.55311802 9.98273887 9.49682276 3.65107191 6.79720811 1.68912012 7.37436694 3.45986991 2.90671002 1.33492825 9.22874832 4.50985230 0.88063230 6.94709123 7.93663857 8.39802860 5.82054615 0.17338823 1.70238879 9.96909941 0.87472840 6.80202987 8.11994277 6.68752575 3.17689253 7.85036693
4.95080100 6.28578381 5.82057804 5.69201866 8.30071307 2.02626959 0.20910886 1.06868026 8.45785639 5.82251851 3.48235038 9.77230929 7.29783536 6.93611156 5.14532625 2.28535469 8.86591288 7.99883867 5.51008581 5.73113531 6.51446557 0.70539754 6.11103755 5.11343861 5.80373041 0.68010407 8.86529543 0.01385054 2.26649201 4.74179988 6.42341056
3.66729566 7.09243380 4.07433798 0.89219088 3.65070464 1.80545600 3.65573935 1.91013739 7.29669179 5.08734386 1.70730944 7.91735686 0.38356976 1.04374283 2.89470867 6.38563336 4.65498822 8.41348195 5.54617815 9.76067839 8.28692925 4.48985635 6.24881516 3.91739547 3.54675434 5.85256680 4.84201056 5.04033515 7.57844128 0.40158762 9.04784815
9.01533552 5.50011125 1.63931018 0.76148012 4.65467621 9.81439114 6.66489405 5.37019061 8.37690021 6.50911945 3.92482916 1.37806471 3.32378696 6.16534309 5.40629599 0.08388142 0.32078730 7.89152349 0.66498385 4.09305402 1.57356001 4.96730450 6.84660932 9.04014439 0.54207591 3.70716470 9.69145474 5.05667870 3.04508583 1.24371647 5.40382078
3.23969711 5.32157772 3.68237614 2.22337174 7.65967419 4.51217011 3.39357990 3.55292374 5.29214700 5.82222674 3.08567039 1.57730813 4.66559163 8.48979645 4.74103568 1.45052210 8.98879510 9.60531613 3.50003572 1.33344956 1.05416808 0.81634150 0.14170221 2.83202038 5.30915177 7.99939600 0.93714932 9.71575426 7.14606950 8.09235974 0.34109339
0.18920559 0.68148361 0.45464645 0.23882269 9.44391456 4.07931688 2.35874588 9.28042051 4.73603993 5.81769938 9.51553481 7.21099101 4.81493100 6.20771171 2.89709168 2.04509597 9.17047223 5.94289016 2.54457350 2.43555899 0.27211526 7.49156869 7.53504657 3.65125027 3.74008437 5.73983438 8.82998676 3.20541602 7.21933177 1.45107184 8.33949514
1.36557208 8.61938115 4.82878317 3.21010278 2.52793126 8.33829076 6.75256503 9.08036607 5.75378879 8.10653843 2.10283386 9.84728194 6.64224504 1.16670534 2.99808904 4.34788220 8.15309424 4.64742415 9.73920881 2.28419173 4.99566424 5.19512558 3.78847863 2.70606559 4.76384208 3.19469889 0.20674902 8.41524586 9.12447888 9.24026261 6.63033210
8.76531086 0.05581220 8.90981439 2.08993727 1.50601380 9.38450806 8.35261338 1.75716443 1.55683721 4.68436562 3.71571953 3.04975978 0.89341914 0.97669178 2.01620026 4.43505808 9.09183360 5.61179938 9.70808575 0.74172414 8.49953495 3.21303753 7.89823710 7.82312332 1.48810875 8.62921526 9.93286716 5.01134036 9.79179107 8.46823686 7.90653466
5.95908050 7.54705810 5.97421145 9.53800508 7.18738225 0.32240384 9.76226357 5.81245809 8.94027741 2.16376116 4.23971402 2.80709050 4.79323851 1.47984425 8.41926434 8.19724857 4.87045263 4.45302106 0.26925758 4.08279799 2.49666755 1.58515204 5.74805794 2.97952078 5.64255937 8.97415859 5.23402846 3.08790154 2.61826786 0.96591311 5.18955164
2.28175110 6.12796094 4.93737417 9.58698385 7.65168645 1.01897700 2.14070945 3.87639002 8.89356704 8.84231178 0.77448979 4.08935833 9.34956937 6.68691094 8.74685466 5.05014730 8.08964989 8.65843328 3.95688254 4.60486999 0.06373822 5.84385762 9.34422988 5.28137603 9.06006569 4.63650197 8.44342382 0.85694028 9.97262614 3.89173565 4.72802974
2.93782561 2.71083446 8.54185803 4.64123588 1.84423768 9.97703003 1.01933098 9.88323136 6.84614064 5.09255194 2.12074757 9.26207696 3.10986109 4.07068720 9.78962536 4.21360050 6.59235535 8.21487449 7.70431576 4.95717160 3.55947158 9.66312279 5.52802713 6.17804655 8.40649187 2.50468181 9.21115440 2.11329249 2.02368718 6.36258077 2.83181916
0.96713720 3.07657992 7.66572834 3.11872519 7.69291181 6.26005364 6.22684855 4.02113309 2.35258806 4.83740702 1.19759696 1.47396706 8.50123257 9.58990234 0.98979255 7.85176656 2.34253837 2.67931101 6.33176585 1.51339895 8.76291088 2.86540853 4.27141104 9.31015239 4.77542440 8.02233265 3.64260335 8.96303359 4.39128399 1.96216203 9.27922256
3.81079394 1.48526467 5.20103323 3.09110188 4.58841370 8.83291670 3.49256317 5.00879834 1.61647885 2.17116893 3.70529658 5.75916214 6.06508062 7.87027488 3.93535692 6.45125335 0.80158325 1.60388341 3.62242321 7.03224389 9.73979290 3.26534457 9.87661697 6.81550769 9.57878060 0.30218285 8.22583181 5.48819186 9.35280145 7.62700379 9.55749168
2.27313116 1.30946384 7.31192701 0.15567933 4.25005141 1.29150014 5.38496311 8.42402642 2.23358317 8.01819902 6.22058751 0.13671291 4.06068582 8.44575721 7.25308374 3.87437331 0.65766040 0.73151620 8.04006310 9.67866507 9.83700802 7.23524735 8.06489244 6.89870068 6.41696597 7.46135787 7.09059251 1.70450600 4.96163896 4.87909038 0.36409531
0.80711526 3.20720987 2.15348899 8.51857792 5.55186490 0.06980537 6.47811416 8.63291548 9.74091031 2.02315689 0.42118764 8.58113389 5.29293112 5.58928902 3.98005059 1.54105481 2.16245089 1.70303114 0.38452689 1.33017061 2.81815182 9.79124047 1.59797975 2.09810187 7.01900900 5.55019132 9.43555847 7.82882670 9.62903458 6.60966980 4.75233277
8.09219357 2.77586225 4.53989015 0.24971363 6.53306274 3.78536850 9.98742566 2.10676765 7.69774339 2.01396700 0.11892707 1.86373055 5.97122849 0.95217808 4.00647727 2.76822844 7.63505090 6.78751909 2.10601138 4.14042473 3.35441714 0.99171956 0.56030966 3.22150303 3.76460249 2.43671614 9.70064431 6.44061163 5.25041630 4.04583606 8.82624656
1.06858873 6.49887806 0.05103120 6.10833399 3.82249462 8.95407203 2.55397825 3.29551248 5.14318184 5.91447394 0.27831120 9.78995767 6.58883231 5.68687550 8.15220936 9.61884441 4.07060040 3.94735642 3.67501429 7.84308010 1.50219585 9.25858584 4.89850304 0.02547230 7.84345388 3.55405777 5.29289794 9.52304285 5.48863004 6.32370159 2.76964769
2.57327101 9.48337396 7.22162645 3.69746682 0.41163722 5.15002990 6.86559455 7.87506978 0.98790542 6.35911606 9.70914553 7.11349913 0.24117219 7.90554618 6.04111501 8.33288804 4.34877612 3.23134548 2.40363040 1.89295933 9.88175121 3.08233140 1.01848394 7.25351341 8.37957776 1.59442123 9.17311886 1.00061006 5.49956689 3.77593826 8.94128632
6.77610298 2.60128748 2.38548872 6.09976690 2.71263842 0.39403282 2.80068518 4.65137051 9.60318470 0.10538916 1.63119583 9.97576057 2.22360675 7.52155745 8.55030059 9.30347669 6.97876260 9.20515166 1.10234156 2.94485854 1.35704042 8.21377723 9.08915499 3.50439771 4.55521704 8.72277062 8.54677394 3.17237777 4.07496752 5.09806041 5.29440085
1.10948941 0.09430945 1.17018674 4.57084486 3.92643172 7.98171924 9.72809409 6.36932424 2.30934385 9.44760856 0.58139385 5.73974040 5.95323862 4.51730693 7.93236546 3.54822760 7.13943342 9.76164498 4.25404838 5.96699237 0.52930808 3.03568617 8.38835266 0.31315123 3.04554309 1.35311335 0.15819336 0.76348887 3.07332034 6.46322146 2.43023509
9.94275024 2.63780038 2.19942802 4.26990828 1.41629460 9.70051054 8.73266256 5.59793739 3.71363495 0.26611688 1.48994885 4.58770030 8.66759145 1.60237020 6.68794834 3.93531789 5.57449203 8.54985342 1.18318815 1.08944434 7.96405543 4.63447942 1.65514492 0.54531665 1.61329432 8.49452088 7.01531254 3.38769033 0.84698002 3.99527939 8.37483725
0.40987303 5.13791509 9.32832971 2.90524916 0.34114439 9.55345896 6.37860292 1.49128164 3.98242520 0.69045892 6.69140180 5.20171351 8.38014212 4.39894145 4.48276898 2.29363338 2.56080830 2.81561853 0.31045402 5.71746593 7.80392134 6.01147151 1.25905948 0.90456342 0.94835661 7.90337469 4.79176886 4.99611453 8.80751040 6.98792473 3.78238805
1.61157376 5.41103003 9.92634824 9.66526467 9.75677332 1.49604225 0.04255482 9.12697225 1.53632614 7.43837037 3.39211859 7.31247539 0.96188868 6.64430925 2.21816084 7.12982507 5.33729631 6.31610550 9.33081999 9.91125439 1.45354890 6.45936807 7.23019148 7.42487594 1.14106521 6.01821063 2.63832888 9.03001521 4.60358646 7.10401005 0.51409404
0.63053207 5.39756057 4.42623882 1.59535455 4.00432023 7.92278677 7.23890762 4.04622401 6.07349786 6.85456239 5.38373727 2.88274598 7.72863058 8.07451708 9.34125058 0.50862701 0.93165905 2.34678138 6.59355721 7.91332572 0.99602910 6.23808435 3.05768325 8.86800506 8.17884901 9.59482737 8.86587092 8.80056653 9.01873157 5.26714079 2.34935684