第1个最优解：
Iter = 124
Nfe = 20007
Fitness = 16.392488763987867
The number of total device = 288
The number of various devices = 36 36 36 36 36 36 36 36
The scheme of allocation = 1 1 1 2 1 3 1 2|2 2 2 3 2 3 2 3|1 2 1 3 3 3 2 2|1 2 3 2 3 3 3 2|2 2 2 1 3 1 2 1|2 1 3 3 2 2 2 2|2 4 2 1 3 3 3 2|2 1 2 1 1 1 1 1|3 2 2 2 2 2 2 3|3 2 3 3 2 1 3 2|2 3 2 1 2 1 2 1|1 3 1 2 1 2 1 3|1 3 2 2 2 2 3 1|3 1 2 2 3 2 3 1|3 3 1 3 1 2 1 4|2 1 1 1 1 2 1 1|3 1 3 2 2 2 2 3|2 2 3 2 2 1 2 2

第2个最优解：
Iter = 55
Nfe = 8935
Fitness = 16.3110944983848
The number of total device = 288
The number of various devices = 36 36 36 36 36 36 36 36
The scheme of allocation = 1 2 2 1 3 2 2 2|1 1 1 2 3 2 2 2|2 2 3 1 3 1 2 3|2 5 2 2 1 3 2 1|3 3 2 4 2 2 3 2|2 2 2 1 1 3 2 2|2 2 2 3 3 3 2 4|3 3 1 2 1 1 3 1|2 1 2 2 2 1 3 3|2 3 1 2 2 2 1 2|2 2 4 2 2 1 2 1|2 3 3 3 1 2 1 3|2 1 3 1 2 4 1 2|2 1 3 1 1 2 1 1|2 2 1 2 4 1 2 2|3 1 1 2 2 2 3 1|1 1 1 3 2 2 1 2|2 1 2 2 1 2 3 2

第3个最优解：
Iter = 101
Nfe = 16283
Fitness = 16.421458734985144
The number of total device = 288
The number of various devices = 36 36 36 36 36 36 36 36
The scheme of allocation = 2 3 2 2 2 3 3 3|2 2 3 2 2 2 3 2|2 1 2 3 2 3 1 2|2 3 1 2 3 2 2 2|2 3 2 1 1 3 2 2|1 2 1 2 3 1 2 2|3 1 1 3 3 2 3 2|2 1 3 1 1 1 2 1|2 2 2 2 3 2 1 3|2 2 2 3 2 2 1 1|2 3 2 2 1 1 1 2|2 1 3 1 2 1 1 2|2 1 3 1 2 2 3 3|2 1 2 2 2 4 2 3|2 3 2 3 1 1 3 0|3 2 2 2 2 2 2 2|1 3 1 2 2 2 3 3|2 2 2 2 2 2 1 1

第4个最优解：
Iter = 63
Nfe = 10241
Fitness = 16.330548638252175
The number of total device = 288
The number of various devices = 36 36 36 36 36 36 36 36
The scheme of allocation = 2 3 3 2 2 1 2 2|2 2 1 1 2 3 1 4|1 2 3 3 3 2 1 1|1 1 3 2 2 2 1 2|2 3 2 2 2 2 1 2|2 3 1 2 2 1 2 2|3 2 1 2 1 2 2 2|1 3 2 2 2 1 2 1|2 3 2 2 2 3 2 2|1 1 1 1 2 2 2 2|2 1 3 3 2 2 2 2|1 0 2 2 3 2 4 2|2 1 2 2 1 4 2 3|2 2 2 3 1 3 1 2|4 1 2 2 2 1 2 2|4 3 2 2 3 2 3 1|3 3 1 2 2 1 2 1|1 2 3 1 2 2 4 3

第5个最优解：
Iter = 107
Nfe = 17283
Fitness = 16.37508602306092
The number of total device = 288
The number of various devices = 36 36 36 36 36 36 36 36
The scheme of allocation = 2 1 2 2 3 3 2 1|2 3 2 3 2 2 3 3|1 3 2 2 4 1 2 2|2 2 2 2 3 2 3 2|2 1 1 2 1 2 1 4|2 1 3 1 2 2 1 2|2 1 1 3 1 3 3 2|2 1 1 2 3 1 4 1|3 2 2 3 1 2 2 2|2 3 3 1 1 3 2 2|2 2 2 2 0 1 1 2|2 2 2 1 2 2 2 2|2 2 3 3 2 2 2 2|2 2 3 3 1 2 1 2|1 3 2 2 2 2 1 3|2 2 1 1 2 2 2 1|2 2 2 2 3 2 2 1|3 3 2 1 3 2 2 2

第6个最优解：
Iter = 121
Nfe = 19461
Fitness = 16.466212144806086
The number of total device = 288
The number of various devices = 36 36 36 36 36 36 36 36
The scheme of allocation = 2 2 4 1 2 1 2 3|2 2 1 2 2 2 2 3|1 2 2 2 3 3 2 1|2 2 1 3 3 1 2 3|3 2 2 2 1 2 1 2|1 2 2 2 1 3 2 1|3 3 2 2 1 2 2 3|2 2 2 1 1 2 1 1|2 2 2 2 3 2 1 2|1 1 2 2 2 2 4 2|3 2 2 2 1 1 3 2|2 2 3 1 2 2 2 3|1 2 2 3 2 2 2 3|2 1 3 3 2 4 3 2|2 2 2 1 4 2 1 1|3 3 1 2 2 2 1 2|2 2 2 2 2 1 3 1|2 2 1 3 2 2 2 1

第7个最优解：
Iter = 93
Nfe = 15075
Fitness = 16.513706089372274
The number of total device = 288
The number of various devices = 36 36 36 36 36 36 36 36
The scheme of allocation = 2 3 2 3 2 2 1 3|2 2 2 3 2 2 3 2|2 2 3 2 2 2 3 1|1 2 1 2 2 2 1 2|1 2 2 2 2 2 2 3|2 1 1 2 2 2 1 1|2 3 2 3 3 1 1 2|2 2 3 2 2 2 2 2|2 2 2 1 1 2 2 1|2 2 2 2 3 2 2 1|2 1 3 1 2 3 3 3|3 2 1 2 2 2 2 2|2 2 3 1 2 2 2 3|2 2 2 2 3 2 3 2|3 1 1 2 1 2 2 1|2 3 2 3 1 2 1 3|2 2 2 2 3 1 2 2|2 2 2 1 1 3 3 2

第8个最优解：
Iter = 24
Nfe = 4015
Fitness = 16.273064441292274
The number of total device = 288
The number of various devices = 36 36 36 36 36 36 36 36
The scheme of allocation = 2 2 1 4 3 3 2 3|4 1 2 4 1 3 2 3|2 2 3 2 2 2 3 2|1 2 1 2 2 1 1 2|2 3 1 1 2 1 3 2|1 3 2 1 3 2 2 3|1 1 1 3 2 1 3 3|3 2 4 1 2 1 2 1|3 1 2 2 2 2 2 1|2 1 2 2 1 2 2 3|1 2 3 1 1 5 1 3|2 4 1 2 2 2 2 1|3 2 2 1 2 2 2 2|2 2 2 2 2 2 1 1|2 2 3 3 3 1 2 2|2 2 2 1 2 2 3 2|1 3 2 2 2 2 1 1|2 1 2 2 2 2 2 1

第9个最优解：
Iter = 99
Nfe = 16087
Fitness = 16.43045973375299
The number of total device = 288
The number of various devices = 36 36 36 36 36 36 36 36
The scheme of allocation = 2 3 2 1 3 2 2 3|3 2 3 3 2 2 2 2|1 3 1 1 4 3 3 3|3 2 3 2 2 3 2 2|2 2 2 2 2 2 2 4|1 1 2 2 2 1 1 1|2 2 3 4 3 1 2 2|3 2 2 2 1 3 2 2|3 3 2 1 1 2 1 2|1 2 1 2 1 2 2 1|2 2 2 2 2 3 1 2|3 2 2 2 2 2 2 1|3 1 2 2 2 2 3 2|1 3 2 2 2 1 3 1|1 1 2 2 1 3 2 2|2 2 1 3 2 1 2 2|1 1 2 2 1 1 3 1|2 2 2 1 3 2 1 3

第10个最优解：
Iter = 114
Nfe = 18537
Fitness = 16.29546290206127
The number of total device = 288
The number of various devices = 36 36 36 36 36 36 36 36
The scheme of allocation = 2 1 1 2 1 2 4 3|2 2 2 2 1 3 1 2|3 3 1 3 3 3 2 2|2 3 3 1 3 3 1 3|1 2 2 2 1 2 2 1|3 4 2 2 2 2 1 1|1 1 2 3 2 2 2 1|4 2 2 2 4 2 2 2|1 2 3 1 1 2 3 3|2 2 1 1 3 2 1 2|2 1 2 2 3 2 2 2|2 2 3 3 2 2 3 2|2 2 3 3 2 2 2 2|1 2 1 2 3 1 3 2|1 2 1 3 2 2 2 1|2 2 1 2 1 1 2 3|3 2 3 1 1 2 2 2|2 1 3 1 1 1 1 2

第11个最优解：
Iter = 5
Nfe = 915
Fitness = 16.113708156114342
The number of total device = 288
The number of various devices = 36 36 36 36 36 36 36 36
The scheme of allocation = 2 5 4 4 3 3 5 1|3 2 2 3 2 2 2 1|3 5 4 2 3 3 2 4|2 2 3 1 2 3 2 6|3 2 2 3 3 1 2 4|2 1 2 2 2 2 2 2|2 2 1 1 2 4 2 1|3 1 1 1 2 2 1 1|1 1 2 2 2 3 1 2|2 2 2 1 2 1 2 1|2 2 2 2 2 2 2 2|2 2 2 2 2 1 2 2|1 2 1 2 2 1 1 1|1 1 3 3 1 1 1 2|2 2 1 2 1 1 2 1|1 2 1 2 2 2 4 1|2 1 2 2 2 3 1 2|2 1 1 1 1 1 2 2

第12个最优解：
Iter = 58
Nfe = 9395
Fitness = 16.54176147753099
The number of total device = 288
The number of various devices = 36 36 36 36 36 36 36 36
The scheme of allocation = 2 2 2 3 2 2 1 2|2 3 2 1 2 2 2 2|3 2 2 2 2 2 2 1|2 3 3 2 1 3 2 2|3 2 2 2 2 1 2 3|1 2 1 2 2 2 1 2|3 2 3 3 2 2 3 2|2 2 2 1 2 3 2 1|1 3 2 1 3 1 1 2|2 1 2 4 2 2 2 1|2 2 2 2 2 3 2 2|1 2 3 2 2 1 2 2|2 2 2 2 2 1 2 2|2 1 2 1 3 5 3 2|2 1 2 2 3 2 2 4|2 2 1 2 1 2 3 2|2 2 1 2 1 1 3 1|2 2 2 2 2 1 1 3

第13个最优解：
Iter = 121
Nfe = 19566
Fitness = 16.48933253338336
The number of total device = 288
The number of various devices = 36 36 36 36 36 36 36 36
The scheme of allocation = 1 2 1 2 2 2 1 3|3 2 2 2 2 2 2 3|2 3 2 2 3 2 2 2|1 3 2 2 2 2 2 2|2 1 3 2 2 2 2 1|2 2 2 3 1 2 2 1|2 2 3 1 3 1 2 2|2 1 4 2 1 2 2 3|2 2 2 3 2 2 3 2|3 1 2 2 1 2 1 2|2 1 1 2 3 2 3 2|2 3 1 1 3 2 1 2|3 3 3 2 2 2 3 2|1 3 3 1 2 2 1 2|1 2 1 3 2 1 2 2|2 2 1 2 1 2 3 2|3 2 1 2 2 3 2 1|2 1 2 2 2 3 2 2

第14个最优解：
Iter = 95
Nfe = 15421
Fitness = 16.42873816385119
The number of total device = 288
The number of various devices = 36 36 36 36 36 36 36 36
The scheme of allocation = 2 4 2 2 4 2 1 2|2 2 2 3 2 2 2 1|2 2 2 2 2 1 2 2|2 2 1 3 1 3 1 2|3 2 3 4 2 2 4 3|3 2 2 1 1 2 2 1|2 2 3 3 2 2 2 2|1 2 1 1 1 2 1 1|3 2 2 1 2 2 2 3|2 2 3 1 2 2 1 2|1 1 2 2 3 2 3 3|1 2 3 2 1 1 1 3|2 2 1 2 1 3 3 2|2 2 1 2 2 2 4 1|2 2 2 1 2 1 1 2|2 2 3 2 2 3 2 2|3 1 2 1 3 3 2 2|1 2 1 3 3 1 2 2

第15个最优解：
Iter = 102
Nfe = 16411
Fitness = 16.390537748396497
The number of total device = 288
The number of various devices = 36 36 36 36 36 36 36 36
The scheme of allocation = 2 3 3 2 1 2 1 4|3 3 3 3 2 3 2 3|3 3 1 2 2 2 1 3|1 2 2 2 2 3 2 2|2 2 1 1 2 2 1 2|3 1 2 2 3 1 3 2|1 1 2 2 2 1 2 1|2 1 2 1 1 2 1 2|3 1 2 2 2 3 2 2|2 1 2 1 3 2 3 2|1 3 1 3 2 2 3 1|2 2 1 2 1 2 1 2|3 2 1 2 3 3 4 1|1 2 3 2 3 2 2 2|2 2 4 2 2 1 2 3|2 3 2 3 2 2 2 1|2 1 1 3 2 2 2 2|1 3 3 1 1 1 2 1

第16个最优解：
Iter = 93
Nfe = 14997
Fitness = 16.571225447334527
The number of total device = 288
The number of various devices = 36 36 36 36 36 36 36 36
The scheme of allocation = 1 2 2 2 3 2 2 2|2 1 2 2 1 2 2 2|3 1 2 3 2 3 2 2|2 4 2 2 2 2 1 2|2 3 2 3 2 2 2 1|1 3 2 1 2 1 1 2|3 2 1 1 2 2 2 3|2 1 2 1 2 1 2 1|2 2 3 1 2 3 1 1|3 2 2 2 2 1 2 2|2 2 2 2 2 2 2 2|1 2 1 2 3 2 1 2|2 1 2 2 1 3 3 3|2 2 3 2 1 2 2 3|2 2 1 3 3 3 2 2|2 1 2 3 2 2 3 2|2 3 2 2 2 2 3 2|2 2 3 2 2 1 3 2

第17个最优解：
Iter = 120
Nfe = 19362
Fitness = 16.41961778659764
The number of total device = 288
The number of various devices = 36 36 36 36 36 36 36 36
The scheme of allocation = 1 5 3 2 3 1 3 1|2 1 3 3 3 2 1 3|3 1 2 3 2 1 2 2|2 2 2 1 2 2 3 2|2 2 2 2 2 3 2 2|2 2 1 3 1 1 1 3|2 1 1 2 2 2 3 2|1 2 2 2 2 2 3 2|2 2 3 2 2 3 1 4|2 2 2 1 2 3 1 2|2 3 2 2 2 3 2 2|2 1 3 2 1 2 2 1|2 1 2 0 2 1 2 1|3 1 2 2 2 2 2 2|1 2 2 2 2 3 2 3|2 3 1 2 1 2 2 2|3 2 1 2 2 2 2 1|2 3 2 3 3 1 2 1

第18个最优解：
Iter = 87
Nfe = 13949
Fitness = 16.53916729168864
The number of total device = 288
The number of various devices = 36 36 36 36 36 36 36 36
The scheme of allocation = 2 2 1 1 3 2 1 2|1 3 3 1 2 2 2 2|2 2 2 2 3 2 1 3|2 2 2 2 2 1 1 2|1 2 3 2 3 2 3 2|2 2 1 2 3 2 2 1|3 3 2 3 2 2 2 3|1 2 2 2 2 2 1 2|2 2 3 2 2 2 2 1|2 2 1 1 2 2 2 3|2 2 2 2 2 2 3 2|2 1 2 2 1 3 3 1|3 2 2 3 1 3 3 3|3 1 2 1 2 2 2 2|2 1 2 3 1 1 2 2|2 2 2 2 1 1 2 2|3 2 2 2 2 3 1 2|1 3 2 3 2 2 3 1

第19个最优解：
Iter = 115
Nfe = 18733
Fitness = 16.431274063051156
The number of total device = 288
The number of various devices = 36 36 36 36 36 36 36 36
The scheme of allocation = 2 1 2 2 1 2 2 2|2 3 3 2 2 4 2 2|2 2 1 3 2 2 2 1|3 4 2 2 3 2 3 2|1 1 2 1 2 2 3 2|2 3 2 3 2 2 1 1|1 1 2 1 3 2 2 1|1 3 1 2 2 2 2 3|2 1 3 2 2 1 2 1|2 1 2 2 1 1 2 1|4 2 3 2 2 1 3 2|3 1 2 1 3 2 1 4|1 3 2 4 3 2 2 3|3 3 2 2 2 2 2 2|2 1 2 1 2 2 1 3|2 2 2 2 1 3 1 3|2 2 1 2 1 2 3 2|1 2 2 2 2 2 2 1

第20个最优解：
Iter = 124
Nfe = 19951
Fitness = 16.518900156694112
The number of total device = 288
The number of various devices = 36 36 36 36 36 36 36 36
The scheme of allocation = 1 1 3 1 3 2 2 3|3 3 2 3 2 1 1 2|2 2 2 3 2 4 1 1|3 2 2 2 2 2 2 1|2 3 2 2 1 2 2 2|2 5 2 2 2 3 2 3|3 2 1 2 2 1 2 2|2 1 1 1 1 2 2 2|3 2 2 2 3 1 2 2|2 2 2 2 3 2 3 2|2 1 3 2 2 2 2 2|1 2 1 1 1 1 1 3|2 3 3 1 2 2 2 2|1 1 2 3 3 3 3 2|2 1 2 3 2 2 3 3|1 1 2 3 2 2 2 1|3 2 1 1 1 2 2 1|1 2 3 2 2 2 2 2

第21个最优解：
Iter = 122
Nfe = 19581
Fitness = 16.40049434834279
The number of total device = 288
The number of various devices = 36 36 36 36 36 36 36 36
The scheme of allocation = 2 1 1 2 2 1 2 1|2 2 2 1 3 1 1 3|3 2 1 2 2 3 4 2|3 3 2 1 2 2 2 2|1 3 3 2 2 1 2 2|2 1 2 2 2 3 2 1|2 3 2 1 4 3 2 2|1 2 2 2 1 1 1 2|2 2 2 3 3 2 2 2|3 1 2 1 2 3 1 2|1 2 2 2 1 2 2 3|1 2 4 3 1 1 3 2|1 3 1 2 2 2 2 1|2 1 2 2 1 3 2 1|3 3 2 4 2 1 2 3|2 1 3 2 2 2 2 2|2 1 1 2 3 3 3 2|3 3 2 2 1 2 1 3

第22个最优解：
Iter = 48
Nfe = 7815
Fitness = 16.39070238626308
The number of total device = 288
The number of various devices = 36 36 36 36 36 36 36 36
The scheme of allocation = 2 3 2 2 1 4 2 1|3 2 2 2 2 1 2 2|2 1 1 3 3 1 3 1|1 1 3 1 1 3 3 2|3 2 3 3 2 1 3 2|3 2 1 1 2 2 2 3|2 3 3 1 2 4 2 2|2 2 1 2 1 2 2 3|2 3 2 1 3 2 3 2|1 3 2 1 2 1 1 2|1 2 2 4 2 2 2 2|2 2 1 1 1 1 1 2|3 2 2 2 3 3 2 1|2 2 2 3 3 3 1 2|3 2 1 3 2 1 1 2|2 1 4 3 2 1 2 3|1 2 2 1 2 2 2 3|1 1 2 2 2 2 2 1

第23个最优解：
Iter = 75
Nfe = 12177
Fitness = 16.464755015547105
The number of total device = 288
The number of various devices = 36 36 36 36 36 36 36 36
The scheme of allocation = 2 2 2 1 2 2 2 2|2 2 2 3 2 2 3 2|3 3 3 2 3 2 3 1|1 1 2 2 2 2 3 2|2 3 2 2 2 3 2 3|1 2 2 2 2 2 1 2|2 2 2 1 1 1 2 1|2 2 1 2 1 1 2 2|3 1 1 2 2 2 2 3|1 3 2 2 1 2 2 3|2 2 2 2 2 3 2 2|3 2 2 3 4 2 1 3|3 2 2 2 3 1 1 2|1 1 2 2 1 3 3 1|3 2 1 2 2 1 2 2|2 2 3 2 3 2 1 1|1 2 3 2 2 3 2 1|2 2 2 2 1 2 2 3

第24个最优解：
Iter = 120
Nfe = 19325
Fitness = 16.406020696855812
The number of total device = 288
The number of various devices = 36 36 36 36 36 36 36 36
The scheme of allocation = 2 2 1 2 2 1 2 3|3 2 2 3 1 2 2 1|3 2 2 2 1 2 2 1|3 1 2 1 3 2 2 2|2 2 2 3 2 2 3 5|2 3 2 2 4 1 2 1|3 3 3 3 1 2 2 2|2 3 1 1 2 2 3 3|2 1 2 2 3 1 1 2|2 2 3 2 2 1 1 1|2 1 1 1 2 3 1 1|1 3 3 2 3 2 3 2|1 2 2 1 1 4 3 2|1 2 2 2 4 2 3 2|3 2 2 3 2 2 2 2|1 2 3 2 1 2 2 2|1 1 1 2 1 1 1 1|2 2 2 2 1 4 1 3

第25个最优解：
Iter = 43
Nfe = 7028
Fitness = 16.36888187860453
The number of total device = 288
The number of various devices = 36 36 36 36 36 36 36 36
The scheme of allocation = 2 2 3 3 2 2 2 1|2 3 2 2 2 3 2 2|3 4 2 1 2 2 1 3|3 2 3 1 2 2 4 1|2 2 1 2 2 2 2 2|2 2 2 1 3 3 3 2|1 1 3 3 2 2 1 3|0 1 2 2 1 1 2 2|2 3 1 2 2 2 3 3|2 2 2 3 1 2 2 2|3 4 2 2 3 2 1 2|2 1 1 1 2 2 2 3|3 1 2 2 1 2 1 2|2 1 1 1 2 2 2 2|3 3 3 2 4 2 3 1|1 2 2 3 2 2 2 1|2 1 2 2 2 1 1 2|1 1 2 3 1 2 2 2

第26个最优解：
Iter = 50
Nfe = 8133
Fitness = 16.392370988268752
The number of total device = 288
The number of various devices = 36 36 36 36 36 36 36 36
The scheme of allocation = 2 3 1 2 3 2 2 2|3 3 3 3 1 2 3 2|2 2 2 2 2 2 1 3|4 2 2 0 2 2 3 2|1 2 3 2 2 2 2 4|3 2 1 2 2 2 2 2|1 3 2 2 2 3 2 2|1 1 2 2 1 1 1 1|2 1 1 2 3 2 2 3|1 3 3 5 3 4 3 1|3 1 2 1 2 1 2 2|1 2 2 1 2 2 2 3|3 1 2 3 2 2 2 1|2 2 1 2 2 3 2 2|2 2 3 1 2 2 1 2|1 2 3 1 2 2 2 1|2 2 2 2 2 1 2 1|2 2 1 3 1 1 2 2

第27个最优解：
Iter = 11
Nfe = 1979
Fitness = 16.562995596248978
The number of total device = 288
The number of various devices = 36 36 36 36 36 36 36 36
The scheme of allocation = 3 2 1 2 1 1 3 2|1 2 1 2 3 1 2 1|1 2 1 3 2 2 2 2|2 2 2 1 2 2 2 2|2 2 2 1 2 2 2 3|2 2 3 2 2 2 2 2|3 2 2 2 2 2 1 1|3 3 2 2 1 2 2 2|2 3 3 2 2 1 1 2|1 2 2 3 2 2 2 2|2 1 2 3 2 1 2 2|2 3 3 1 2 3 2 2|3 1 2 3 2 3 3 2|3 1 2 2 2 3 2 2|2 2 2 1 2 2 2 2|3 2 2 2 2 2 2 2|0 2 2 2 2 2 2 2|1 2 2 2 3 3 2 3

第28个最优解：
Iter = 120
Nfe = 19373
Fitness = 16.430438681326816
The number of total device = 288
The number of various devices = 36 36 36 36 36 36 36 36
The scheme of allocation = 3 1 2 2 2 2 2 4|1 2 3 1 2 2 3 2|1 2 2 3 2 3 3 2|2 2 2 2 2 3 2 2|3 2 2 3 3 1 3 1|2 2 2 2 3 3 2 1|2 2 2 2 2 1 1 2|2 3 2 2 1 1 1 3|2 1 3 1 3 3 1 2|2 2 1 1 2 1 2 3|2 2 2 1 2 3 3 1|1 1 2 2 2 1 3 2|3 2 2 1 2 1 2 2|2 1 2 4 1 2 1 2|2 3 2 2 2 4 1 1|1 3 2 2 2 1 1 3|3 3 1 2 2 2 2 2|2 2 2 3 1 2 3 1

第29个最优解：
Iter = 33
Nfe = 5435
Fitness = 16.077846582359896
The number of total device = 288
The number of various devices = 36 36 36 36 36 36 36 36
The scheme of allocation = 4 3 2 2 3 3 1 2|2 3 2 2 2 3 4 2|1 2 3 3 3 2 3 3|2 3 2 2 1 3 1 3|2 2 2 4 3 1 4 1|3 4 3 0 3 2 3 1|2 2 2 3 2 2 3 1|2 1 2 2 2 2 1 2|3 2 1 2 2 3 1 2|1 2 4 3 1 1 1 3|1 2 2 2 1 1 1 3|3 1 2 1 2 2 2 1|1 1 1 1 1 2 2 2|1 1 1 1 0 2 1 2|3 2 2 2 2 2 2 1|1 2 2 1 4 2 2 2|3 1 1 2 2 1 2 2|1 2 2 3 2 2 2 3

第30个最优解：
Iter = 108
Nfe = 17305
Fitness = 16.511636557153345
The number of total device = 288
The number of various devices = 36 36 36 36 36 36 36 36
The scheme of allocation = 2 1 2 2 2 2 2 2|2 3 2 3 3 2 4 2|1 2 2 2 2 1 2 2|2 2 2 2 1 3 2 3|3 2 2 2 2 2 2 2|1 2 3 2 2 1 1 2|2 3 1 2 1 2 1 3|2 2 2 1 2 3 2 1|3 2 2 2 2 1 3 2|2 3 2 2 2 3 1 3|1 2 2 1 2 3 2 2|3 1 4 2 2 1 2 2|2 2 1 3 3 2 2 2|2 2 3 3 1 2 2 1|1 2 1 1 2 2 2 2|2 1 2 3 2 2 2 2|2 1 2 1 2 2 2 2|3 3 1 2 3 2 2 1

第31个最优解：
Iter = 82
Nfe = 13321
Fitness = 16.22095776671952
The number of total device = 288
The number of various devices = 36 36 36 36 36 36 36 36
The scheme of allocation = 2 2 2 1 2 4 2 3|3 2 1 2 2 3 1 4|1 2 2 3 3 1 3 3|4 4 2 2 3 2 3 3|2 3 4 2 3 2 3 2|4 2 2 2 2 3 1 2|2 2 3 2 1 1 4 2|1 2 1 2 1 1 2 2|3 2 2 1 2 3 2 2|2 1 1 4 3 1 3 2|1 1 3 1 3 3 2 1|2 1 1 1 1 2 2 3|2 2 2 2 2 2 2 2|1 3 2 2 1 2 1 1|2 2 2 2 2 1 1 1|2 1 3 3 2 2 1 0|1 2 1 2 2 1 2 1|1 2 2 2 1 2 1 2

第32个最优解：
Iter = 114
Nfe = 18485
Fitness = 16.54241831383225
The number of total device = 288
The number of various devices = 36 36 36 36 36 36 36 36
The scheme of allocation = 2 2 1 2 3 2 2 2|2 3 2 3 3 3 2 3|3 2 2 2 2 3 3 2|2 2 3 3 2 2 2 1|2 2 2 2 2 2 1 2|2 1 2 2 2 3 2 1|2 2 2 2 2 2 2 2|3 2 2 1 2 2 1 2|1 1 2 2 2 2 2 2|2 2 2 1 3 1 2 2|2 2 2 1 2 3 2 2|2 3 1 3 1 1 2 2|1 3 3 2 1 2 3 3|1 2 2 2 2 2 2 1|2 1 2 2 2 2 2 3|2 1 2 2 2 1 3 2|3 3 2 2 1 1 1 1|2 2 2 2 2 2 2 3

第33个最优解：
Iter = 87
Nfe = 14078
Fitness = 16.302018660102203
The number of total device = 288
The number of various devices = 36 36 36 36 36 36 36 36
The scheme of allocation = 2 2 3 1 2 2 1 1|2 1 2 0 1 1 1 3|2 2 3 1 3 3 1 2|2 1 1 2 3 2 3 1|1 2 2 2 1 3 2 3|3 3 1 2 2 2 1 1|2 3 3 3 3 2 2 3|2 2 2 3 1 2 2 0|3 2 3 1 2 2 3 2|2 2 2 2 3 1 3 1|3 4 2 2 2 3 2 2|1 2 2 2 2 2 1 2|3 2 2 3 2 2 2 3|2 1 2 3 1 2 3 2|1 2 1 3 2 2 1 1|2 2 2 2 1 2 3 3|1 2 1 2 3 1 3 3|2 1 2 2 2 2 2 3

第34个最优解：
Iter = 80
Nfe = 12979
Fitness = 16.408614731185022
The number of total device = 288
The number of various devices = 36 36 36 36 36 36 36 36
The scheme of allocation = 2 1 2 2 1 2 2 2|1 2 3 1 2 2 2 1|2 2 1 1 2 2 1 3|2 2 2 2 2 1 2 1|2 3 2 2 2 2 2 3|2 2 2 2 3 4 2 2|2 3 2 2 2 2 1 1|3 2 3 2 2 2 2 2|1 2 3 2 2 2 3 2|1 3 1 3 5 2 2 2|2 1 1 4 1 2 1 3|3 3 2 3 2 2 2 3|3 1 2 0 1 3 3 2|2 2 2 2 4 2 2 1|2 2 2 2 1 1 2 2|1 2 2 2 2 2 2 1|2 1 2 2 1 2 2 2|3 2 2 2 1 1 3 3

第35个最优解：
Iter = 112
Nfe = 18059
Fitness = 16.368259836184766
The number of total device = 288
The number of various devices = 36 36 36 36 36 36 36 36
The scheme of allocation = 1 2 1 3 2 3 2 4|3 1 3 3 2 2 3 2|2 4 2 2 2 2 3 1|2 3 1 2 5 1 3 2|2 1 2 2 2 3 2 2|2 3 2 4 2 1 1 1|1 3 3 2 3 3 2 2|2 1 1 1 2 1 1 2|3 2 2 1 1 2 1 2|2 3 2 2 1 1 2 3|2 1 2 1 1 1 2 2|3 1 2 2 4 2 2 1|3 2 3 3 2 3 1 3|2 2 2 2 2 3 2 2|1 1 3 1 2 1 2 1|1 2 1 2 1 2 3 1|1 2 2 2 1 3 2 2|3 2 2 1 1 2 2 3

第36个最优解：
Iter = 22
Nfe = 3645
Fitness = 16.256441845910715
The number of total device = 288
The number of various devices = 36 36 36 36 36 36 36 36
The scheme of allocation = 4 3 2 1 3 4 4 2|2 2 2 1 2 2 2 3|1 1 2 2 3 2 2 3|2 3 3 1 2 2 1 3|3 1 3 4 1 2 4 3|1 3 2 2 2 2 2 2|3 1 2 3 3 2 2 2|2 2 1 1 2 1 1 2|2 2 3 1 0 2 4 2|3 1 1 3 2 2 1 2|2 4 3 1 2 1 2 2|1 2 2 2 2 2 2 1|1 1 2 2 2 2 2 2|1 1 2 2 2 2 2 1|1 2 1 4 2 3 1 1|2 2 1 3 2 2 2 2|2 4 2 2 2 1 1 1|3 1 2 1 2 2 1 2

第37个最优解：
Iter = 99
Nfe = 15881
Fitness = 16.421529149155322
The number of total device = 288
The number of various devices = 36 36 36 36 36 36 36 36
The scheme of allocation = 2 1 2 1 1 2 4 1|2 2 3 2 2 3 2 2|2 2 2 2 1 3 2 2|3 2 2 2 2 2 3 2|2 2 2 2 2 2 1 2|1 2 1 1 1 1 2 2|2 4 1 3 3 1 2 3|3 1 2 4 1 2 1 2|2 1 3 1 1 1 2 2|2 1 2 1 1 1 1 2|3 2 2 1 3 3 2 1|2 3 2 2 3 2 2 3|2 2 2 2 2 2 1 2|2 2 2 2 2 4 3 1|2 2 2 1 2 1 3 2|2 1 3 3 2 2 2 2|1 2 1 2 3 2 1 3|1 4 2 4 4 2 2 2

第38个最优解：
Iter = 60
Nfe = 9737
Fitness = 16.550507899876326
The number of total device = 288
The number of various devices = 36 36 36 36 36 36 36 36
The scheme of allocation = 3 1 2 2 2 2 2 2|1 2 1 2 3 1 2 1|1 2 2 1 2 2 2 2|2 2 2 2 3 2 1 2|1 3 1 2 2 2 1 2|2 2 3 1 1 1 1 2|2 2 2 2 2 2 2 1|3 1 1 2 1 2 1 2|2 2 2 3 1 2 2 3|2 3 2 2 3 3 2 2|2 3 3 2 3 2 2 3|2 2 2 2 2 2 2 2|2 2 2 2 2 2 2 2|2 2 2 3 2 2 1 3|2 3 2 1 2 2 4 1|3 1 3 2 2 2 3 3|2 1 2 3 1 3 4 1|2 2 2 2 2 2 2 2

第39个最优解：
Iter = 82
Nfe = 13345
Fitness = 16.53085132553517
The number of total device = 288
The number of various devices = 36 36 36 36 36 36 36 36
The scheme of allocation = 2 2 2 2 1 3 1 2|2 2 1 2 2 3 2 2|3 2 1 2 4 2 2 2|2 2 2 2 2 2 2 3|1 1 2 1 3 1 1 4|2 3 3 2 2 2 2 1|1 2 2 2 2 2 2 1|1 2 2 2 1 2 3 2|2 2 2 2 1 1 3 2|3 2 2 3 3 2 2 2|2 2 3 2 1 2 1 1|3 2 2 2 2 2 2 2|2 2 4 1 1 2 3 3|2 2 2 4 3 2 2 2|2 2 3 2 2 2 2 2|1 2 1 2 1 3 2 2|3 2 1 1 3 2 2 2|2 2 1 2 2 1 2 1

第40个最优解：
Iter = 75
Nfe = 12217
Fitness = 16.31543120900457
The number of total device = 288
The number of various devices = 36 36 36 36 36 36 36 36
The scheme of allocation = 3 1 1 1 2 1 2 2|1 1 2 2 1 3 2 2|2 2 1 2 1 2 2 3|2 2 2 1 2 3 1 1|1 3 1 2 2 2 2 3|3 1 3 2 2 2 2 1|3 2 5 2 3 1 1 2|1 2 2 1 1 2 4 2|2 1 2 3 2 1 2 1|1 2 1 1 2 2 1 2|2 1 2 3 3 2 2 3|2 2 3 2 2 2 3 3|2 2 1 2 3 2 1 3|4 3 1 3 1 3 2 2|1 3 3 1 3 1 4 1|2 2 2 2 1 3 2 1|2 4 2 3 3 2 1 3|2 2 2 3 2 2 2 1

第41个最优解：
Iter = 98
Nfe = 15769
Fitness = 16.39334322616953
The number of total device = 288
The number of various devices = 36 36 36 36 36 36 36 36
The scheme of allocation = 2 2 1 1 3 1 3 1|1 3 2 2 1 1 2 2|2 2 3 3 2 1 1 3|1 2 3 3 2 2 2 2|1 1 2 3 2 3 2 2|2 3 1 2 2 3 3 1|1 1 1 2 1 3 1 2|2 2 1 2 2 2 2 1|2 2 2 2 3 3 1 2|1 2 2 2 2 2 2 3|2 1 2 2 1 1 2 2|3 1 3 0 2 2 2 2|3 2 1 2 1 2 2 3|3 3 3 2 3 1 2 3|3 2 2 1 2 4 2 2|2 3 3 3 3 3 2 2|2 2 2 2 2 1 3 2|3 2 2 2 2 1 2 1

第42个最优解：
Iter = 110
Nfe = 17927
Fitness = 16.57991366281556
The number of total device = 288
The number of various devices = 36 36 36 36 36 36 36 36
The scheme of allocation = 2 2 1 2 3 2 2 2|2 2 1 2 1 2 3 3|2 1 4 2 3 3 2 2|2 2 2 2 3 1 2 2|2 3 2 1 2 2 2 2|2 1 2 2 2 1 2 2|3 1 3 1 2 1 2 2|2 2 1 2 2 2 3 2|2 2 1 2 1 1 1 2|3 2 3 2 2 2 2 1|2 2 2 3 1 2 1 2|2 2 2 2 2 2 2 2|2 3 2 2 3 3 3 2|1 2 2 2 1 3 2 2|1 2 3 2 2 2 2 2|2 3 2 3 2 3 1 2|2 2 2 2 2 2 2 2|2 2 1 2 2 2 2 2

第43个最优解：
Iter = 111
Nfe = 17793
Fitness = 16.48536123558261
The number of total device = 288
The number of various devices = 36 36 36 36 36 36 36 36
The scheme of allocation = 2 0 2 2 3 2 2 2|2 2 2 1 4 3 3 2|2 2 3 2 1 2 3 1|3 2 2 3 2 2 2 2|2 3 2 1 1 2 2 2|2 2 2 2 3 2 2 2|3 2 2 2 2 2 2 3|1 2 1 3 3 2 1 2|2 3 3 2 2 3 1 3|2 2 3 3 1 2 2 2|2 2 2 2 1 2 2 2|2 2 2 1 1 2 1 2|2 2 3 2 2 3 1 2|2 4 1 2 1 1 3 2|3 1 1 2 3 2 3 1|1 2 2 2 2 1 2 2|1 1 2 2 2 2 2 2|2 2 1 2 2 1 2 2

第44个最优解：
Iter = 32
Nfe = 5187
Fitness = 16.230432042252282
The number of total device = 288
The number of various devices = 36 36 36 36 36 36 36 36
The scheme of allocation = 2 1 1 2 1 1 2 2|2 2 2 1 1 1 1 1|2 2 3 1 2 3 1 1|2 3 2 1 2 0 1 2|2 2 2 2 2 3 2 3|1 1 1 3 3 3 3 3|1 1 2 2 2 3 3 2|5 2 2 3 4 2 1 3|1 1 2 1 1 2 1 1|1 1 4 2 1 1 2 2|2 1 2 2 2 2 1 3|2 2 2 1 3 2 2 1|2 2 2 2 1 1 2 3|2 3 2 3 3 3 2 2|2 3 2 3 2 3 2 2|3 4 1 2 2 3 3 1|2 4 2 4 3 1 4 3|2 1 2 1 1 2 3 1

第45个最优解：
Iter = 115
Nfe = 18437
Fitness = 16.43829820583734
The number of total device = 288
The number of various devices = 36 36 36 36 36 36 36 36
The scheme of allocation = 2 2 3 1 1 2 3 2|3 2 1 3 4 1 2 2|2 1 2 2 1 2 3 2|2 2 3 2 1 2 2 2|2 2 2 1 2 2 2 2|1 2 1 2 2 2 1 2|2 2 2 1 2 1 1 2|2 4 2 2 1 2 1 1|1 1 2 2 2 3 2 3|4 2 2 2 3 4 2 3|2 2 1 3 2 1 2 1|1 2 3 2 2 3 2 3|2 3 2 1 3 1 3 2|2 2 3 2 1 2 2 2|2 1 2 1 2 2 2 2|1 1 2 4 2 1 2 1|3 2 2 3 3 2 2 3|2 3 1 2 2 3 2 1

第46个最优解：
Iter = 36
Nfe = 5863
Fitness = 16.343603768008006
The number of total device = 288
The number of various devices = 36 36 36 36 36 36 36 36
The scheme of allocation = 1 1 1 3 2 3 1 3|2 3 1 2 1 2 1 1|2 2 1 2 1 2 3 1|2 2 2 4 2 1 2 1|1 2 3 3 3 5 1 3|3 3 2 1 2 1 4 2|2 2 2 2 2 1 3 2|2 3 1 2 2 2 2 2|3 1 3 2 2 2 1 3|3 1 3 2 1 1 2 1|2 2 2 3 3 2 2 3|1 2 2 0 2 2 2 2|1 2 2 1 2 3 2 3|2 3 2 1 1 2 3 1|3 2 2 3 3 2 2 3|1 2 1 2 2 1 2 2|2 2 3 2 3 2 2 1|3 1 3 1 2 2 1 2

第47个最优解：
Iter = 73
Nfe = 11753
Fitness = 16.520483269868
The number of total device = 288
The number of various devices = 36 36 36 36 36 36 36 36
The scheme of allocation = 3 2 2 1 1 3 1 1|2 1 2 2 3 3 1 3|1 2 1 2 2 1 2 2|3 1 2 2 2 2 1 2|1 1 2 2 2 2 2 2|3 3 2 2 1 3 2 3|2 2 2 2 2 2 2 2|1 2 2 1 3 1 2 1|3 3 2 2 3 3 2 2|1 2 2 2 2 1 2 2|3 2 2 3 2 2 2 2|1 2 3 2 2 2 1 2|2 2 2 2 2 2 2 1|3 2 2 2 2 1 3 1|2 3 1 1 1 2 3 3|1 2 2 3 2 2 3 1|2 2 2 2 2 2 2 2|2 2 3 3 2 2 3 4

第48个最优解：
Iter = 104
Nfe = 16741
Fitness = 16.519782948992837
The number of total device = 288
The number of various devices = 36 36 36 36 36 36 36 36
The scheme of allocation = 2 1 1 2 2 2 2 2|1 3 3 1 2 2 3 2|2 2 3 2 3 3 1 1|2 4 2 2 2 1 2 2|1 2 2 2 1 1 2 2|3 2 3 2 2 2 3 3|2 2 1 1 2 2 3 2|2 1 1 2 2 2 2 1|2 2 3 2 2 2 2 3|2 2 2 2 1 1 1 2|2 1 2 2 3 2 1 2|2 2 1 2 3 1 2 1|3 1 3 2 2 3 2 2|2 1 1 3 1 2 1 2|2 3 2 3 2 2 2 1|2 2 2 1 2 3 2 3|2 3 2 3 2 2 3 3|2 2 2 2 2 3 2 2

第49个最优解：
Iter = 99
Nfe = 15988
Fitness = 16.384165532364253
The number of total device = 288
The number of various devices = 36 36 36 36 36 36 36 36
The scheme of allocation = 2 2 2 2 2 3 3 3|3 4 1 1 2 2 1 1|1 1 3 3 2 2 1 2|3 1 3 1 2 2 1 3|1 1 2 4 2 2 1 2|2 2 2 2 2 3 3 3|1 2 1 2 1 1 3 1|1 2 1 2 3 1 2 2|2 3 2 2 1 2 2 1|2 2 2 3 2 1 2 1|2 2 2 2 3 2 2 1|2 3 1 2 1 2 1 2|3 2 2 4 3 1 2 2|4 2 3 1 2 3 3 3|2 1 4 1 2 2 2 2|1 2 1 2 2 2 3 2|3 2 3 1 2 3 2 3|1 2 1 1 2 2 2 2

第50个最优解：
Iter = 43
Nfe = 7029
Fitness = 16.35257373482898
The number of total device = 288
The number of various devices = 36 36 36 36 36 36 36 36
The scheme of allocation = 2 1 2 2 3 2 3 2|2 3 1 1 2 3 1 3|2 1 2 1 1 2 1 3|2 2 3 1 2 2 1 1|2 1 2 3 1 2 2 1|1 2 1 2 3 2 2 2|1 2 2 3 1 1 4 2|3 2 3 2 2 2 2 1|1 2 1 3 1 2 2 1|2 1 1 2 2 2 1 2|3 4 2 2 2 2 2 2|2 2 4 2 3 2 1 3|2 2 2 1 2 1 4 2|2 3 2 1 2 4 2 3|2 2 1 3 2 1 1 1|3 1 2 3 2 3 2 3|2 2 2 2 2 1 2 2|2 3 3 2 3 2 3 2

The final result:
fmax = 16.57991366281556
fmin = 16.077846582359896
fmean = 16.408499517795892
standard std = 0.11205343205241304
The number of total device = 288
The number of various devices = 36 36 36 36 36 36 36 36
The optimal allocation = 2 2 1 2 3 2 2 2|2 2 1 2 1 2 3 3|2 1 4 2 3 3 2 2|2 2 2 2 3 1 2 2|2 3 2 1 2 2 2 2|2 1 2 2 2 1 2 2|3 1 3 1 2 1 2 2|2 2 1 2 2 2 3 2|2 2 1 2 1 1 1 2|3 2 3 2 2 2 2 1|2 2 2 3 1 2 1 2|2 2 2 2 2 2 2 2|2 3 2 2 3 3 3 2|1 2 2 2 1 3 2 2|1 2 3 2 2 2 2 2|2 3 2 3 2 3 1 2|2 2 2 2 2 2 2 2|2 2 1 2 2 2 2 2
