第1个最优解：
Iter = 129
Nfe = 20120
Fitness = 16.255995731596258
The number of total device = 288
The number of various devices = 36 36 36 36 36 36 36 36
The scheme of allocation = 2 4 2 5 2 2 1 2|2 7 3 4 2 5 4 2|2 1 2 2 2 1 2 1|2 3 2 1 2 1 1 5|2 2 2 1 2 2 2 2|2 1 1 2 2 2 2 1|1 1 3 1 2 2 2 3|1 1 1 2 1 2 3 2|2 3 1 1 2 3 1 1|2 1 1 1 1 1 2 2|2 2 2 1 2 3 2 2|2 2 3 1 1 1 1 2|3 1 2 3 2 0 3 1|2 2 2 2 4 2 2 2|3 1 3 3 3 2 1 3|2 2 2 3 2 2 2 2|2 1 2 2 2 2 3 2|2 1 2 1 2 3 2 1

第2个最优解：
Iter = 94
Nfe = 14671
Fitness = 16.14791603049233
The number of total device = 288
The number of various devices = 36 36 36 36 36 36 36 36
The scheme of allocation = 5 3 4 6 4 2 4 2|3 3 3 5 2 2 3 6|2 1 2 2 4 2 3 2|3 4 3 3 1 2 1 1|3 1 2 3 3 1 2 2|1 1 3 1 3 2 3 2|1 2 2 1 1 2 2 2|1 2 1 1 1 1 1 2|2 2 2 2 1 2 1 1|2 1 1 1 1 2 1 1|1 3 1 2 2 2 2 2|1 1 2 1 2 2 2 2|2 2 2 1 1 1 2 1|2 2 2 2 3 3 2 2|2 1 1 1 2 3 1 3|2 2 2 1 3 2 2 1|1 2 2 2 1 3 2 2|2 3 1 1 1 2 2 2

第3个最优解：
Iter = 99
Nfe = 15462
Fitness = 15.925282713774198
The number of total device = 288
The number of various devices = 36 36 36 36 36 36 36 36
The scheme of allocation = 4 3 2 7 2 2 2 2|3 1 1 2 6 2 2 3|2 2 7 3 5 2 2 2|1 4 1 2 1 2 2 2|2 4 2 4 1 6 2 2|5 2 2 1 1 3 2 2|3 1 3 1 3 1 1 3|2 3 2 2 2 3 2 2|1 2 2 2 2 1 2 1|1 1 1 2 1 1 2 3|2 1 1 1 3 1 2 1|1 1 1 1 0 1 2 1|2 3 2 2 1 1 3 2|3 2 2 1 1 2 2 3|1 2 1 1 1 1 3 3|1 1 2 1 3 3 2 2|1 1 2 2 1 1 2 1|1 2 2 1 2 3 1 1

第4个最优解：
Iter = 71
Nfe = 11146
Fitness = 16.07957063929063
The number of total device = 288
The number of various devices = 36 36 36 36 36 36 36 36
The scheme of allocation = 1 2 1 2 1 4 1 3|2 6 2 2 3 3 1 3|1 2 4 6 1 1 1 4|3 3 2 4 3 1 10 2|2 1 2 0 2 2 2 2|2 3 3 2 2 1 2 2|3 2 2 2 1 1 1 1|2 1 2 1 1 1 1 1|4 1 3 1 2 2 1 2|2 1 1 3 3 1 1 1|2 2 3 3 1 1 1 1|1 1 2 2 3 3 2 1|2 2 2 1 1 1 2 3|3 2 2 1 2 2 3 2|1 2 1 1 2 3 2 2|1 2 2 1 4 4 1 1|1 1 1 2 2 2 2 3|3 2 1 2 2 3 2 2

第5个最优解：
Iter = 125
Nfe = 19509
Fitness = 16.034307547235667
The number of total device = 288
The number of various devices = 36 36 36 36 36 36 36 36
The scheme of allocation = 1 1 6 4 1 2 1 4|1 2 3 1 2 2 3 5|3 3 3 4 4 2 2 2|3 4 1 1 3 2 3 3|2 2 2 5 2 2 2 4|2 2 1 2 3 2 2 2|3 3 7 1 2 2 2 1|1 2 1 2 2 1 3 1|2 2 1 2 1 1 1 1|1 1 2 0 2 1 2 2|3 1 0 1 1 2 2 1|1 1 1 2 1 2 2 1|2 1 1 3 2 3 3 1|2 5 1 2 2 3 3 2|2 1 1 1 3 3 2 1|2 2 2 2 2 2 1 2|2 1 1 1 1 2 1 1|3 2 2 2 2 2 1 2

第6个最优解：
Iter = 128
Nfe = 19982
Fitness = 16.36833200961716
The number of total device = 288
The number of various devices = 36 36 36 36 36 36 36 36
The scheme of allocation = 2 1 2 1 2 2 2 2|2 4 2 1 2 2 1 3|2 2 1 7 1 1 3 2|1 2 3 2 3 3 4 2|2 4 1 3 2 4 2 3|3 2 1 3 2 2 2 2|5 2 2 1 1 2 2 2|1 1 1 1 2 1 3 2|2 1 4 3 2 2 2 2|1 2 3 2 2 1 2 1|2 2 2 2 2 1 1 2|2 2 3 1 1 3 2 1|2 2 2 1 3 3 1 2|2 2 2 3 3 3 1 2|3 1 2 1 2 2 3 2|2 2 1 2 2 1 1 2|1 1 1 1 2 2 2 2|1 3 3 1 2 1 2 2

第7个最优解：
Iter = 126
Nfe = 19652
Fitness = 16.319430942685877
The number of total device = 288
The number of various devices = 36 36 36 36 36 36 36 36
The scheme of allocation = 4 4 2 2 1 2 2 2|2 4 2 4 2 1 2 2|2 3 2 1 3 2 3 2|5 3 3 0 3 3 3 1|3 2 2 3 2 2 2 3|2 1 4 3 2 1 1 1|3 3 3 2 1 2 2 3|1 2 1 2 1 2 1 2|1 2 3 2 2 1 2 2|2 1 2 1 2 2 1 2|2 0 1 1 1 2 1 2|2 2 2 1 3 2 4 2|1 1 2 4 2 3 3 2|1 2 2 2 3 3 2 3|2 1 1 2 3 2 3 2|1 1 1 2 1 2 1 2|1 2 2 2 2 1 1 1|1 2 1 2 2 3 2 2

第8个最优解：
Iter = 128
Nfe = 19992
Fitness = 15.807078973081813
The number of total device = 288
The number of various devices = 36 36 36 36 36 36 36 36
The scheme of allocation = 2 2 8 2 1 1 1 2|3 4 2 4 4 2 1 2|10 1 2 4 3 2 8 2|6 2 2 1 2 2 4 2|3 2 3 1 2 2 4 2|1 2 3 1 1 2 1 2|1 2 1 2 1 2 1 2|1 1 2 1 3 1 2 1|1 2 1 2 1 2 2 3|1 2 1 3 1 2 1 2|2 2 2 2 2 2 1 2|1 1 1 2 2 2 1 1|1 2 2 1 3 2 1 2|1 4 1 2 1 2 2 3|0 1 1 2 1 3 2 3|0 2 1 2 3 2 1 2|1 1 2 1 3 3 2 2|1 3 1 3 2 2 1 1

第9个最优解：
Iter = 110
Nfe = 17150
Fitness = 16.00227765363839
The number of total device = 288
The number of various devices = 36 36 36 36 36 36 36 36
The scheme of allocation = 2 1 2 7 5 1 2 4|2 3 4 2 4 2 4 2|1 3 1 1 3 2 4 4|3 5 1 2 1 2 2 5|3 1 3 1 1 2 4 1|1 2 1 2 2 2 1 2|3 3 3 2 1 2 4 1|2 1 3 2 2 1 1 2|1 3 2 1 2 2 1 1|1 2 1 1 1 1 1 1|2 1 1 2 1 2 2 1|2 2 3 3 3 2 0 1|3 0 1 1 1 3 1 2|3 1 2 1 2 3 1 3|1 2 1 2 1 3 2 2|2 2 3 2 2 2 1 1|2 1 2 2 1 2 3 1|2 3 2 2 3 2 2 2

第10个最优解：
Iter = 127
Nfe = 19804
Fitness = 16.176579517519137
The number of total device = 288
The number of various devices = 36 36 36 36 36 36 36 36
The scheme of allocation = 2 3 2 2 2 1 2 1|4 3 2 2 3 2 1 3|5 2 5 2 1 1 2 6|1 2 4 2 3 2 5 4|2 1 1 2 3 2 1 2|1 2 2 3 1 2 2 2|1 2 2 2 3 2 2 1|1 2 2 2 2 5 1 2|2 1 2 2 2 4 2 1|1 4 2 2 2 1 1 1|2 1 1 2 1 1 1 2|1 2 1 1 3 2 2 1|2 3 1 1 2 2 2 3|2 2 1 3 3 2 2 1|2 2 3 2 1 2 3 2|2 1 2 2 1 1 1 1|3 2 2 2 1 1 2 1|2 1 1 2 2 3 4 2

第11个最优解：
Iter = 83
Nfe = 12977
Fitness = 16.201799126024433
The number of total device = 288
The number of various devices = 36 36 36 36 36 36 36 36
The scheme of allocation = 2 2 2 2 1 2 2 2|3 3 5 1 3 2 1 2|2 3 2 5 3 5 2 2|3 3 2 4 3 4 4 3|2 2 1 5 1 1 2 2|1 2 2 1 2 2 2 1|2 1 1 2 1 4 3 2|2 1 1 1 2 2 1 1|2 3 2 1 2 2 1 2|2 2 1 2 2 2 1 3|1 2 2 1 2 1 1 2|2 1 2 2 2 1 2 1|3 2 4 1 3 3 2 1|3 2 2 2 1 1 1 3|1 2 1 1 1 1 1 1|2 2 2 2 1 1 3 2|2 1 2 2 3 1 3 3|1 2 2 1 3 1 4 3

第12个最优解：
Iter = 108
Nfe = 16883
Fitness = 15.993616669371967
The number of total device = 288
The number of various devices = 36 36 36 36 36 36 36 36
The scheme of allocation = 2 2 2 3 1 1 1 1|3 2 5 3 3 2 2 8|2 4 1 2 2 3 2 1|2 0 3 1 4 3 2 2|2 2 1 2 2 4 2 2|2 3 4 4 2 1 2 1|1 2 1 1 1 4 2 1|1 1 3 1 2 1 1 2|2 2 2 1 1 1 2 3|2 2 1 3 2 1 2 1|1 1 1 2 2 2 2 1|1 2 2 1 1 3 2 0|2 3 3 2 3 2 3 2|2 6 1 2 2 2 3 2|3 1 1 1 2 1 2 1|3 0 1 5 2 0 2 2|2 1 1 1 2 3 2 4|3 2 3 1 2 2 2 2

第13个最优解：
Iter = 128
Nfe = 19952
Fitness = 16.300311661227926
The number of total device = 288
The number of various devices = 36 36 36 36 36 36 36 36
The scheme of allocation = 2 1 2 2 1 2 1 2|1 2 2 2 2 1 2 1|3 7 3 2 1 2 2 3|2 2 1 2 3 2 5 2|2 1 2 2 5 3 2 4|1 2 2 2 2 1 1 1|4 2 3 2 3 2 1 1|2 1 2 1 3 1 1 3|1 1 1 2 1 2 2 2|2 1 2 2 2 2 3 1|2 2 2 3 2 3 2 3|1 2 2 1 1 1 1 2|3 3 2 1 2 3 1 2|2 1 2 2 1 2 2 2|4 1 2 2 2 2 2 2|1 3 2 3 2 2 2 3|1 2 3 3 1 1 3 0|2 2 1 2 2 4 3 2

第14个最优解：
Iter = 114
Nfe = 17777
Fitness = 16.280378827351722
The number of total device = 288
The number of various devices = 36 36 36 36 36 36 36 36
The scheme of allocation = 2 2 3 2 3 4 5 2|3 3 3 2 1 2 4 3|2 2 3 2 5 2 2 4|3 2 2 2 1 1 2 3|3 2 1 1 3 3 1 3|2 2 2 1 2 4 1 2|2 2 1 2 2 3 4 1|1 2 2 2 2 2 2 1|2 2 1 3 2 1 2 2|1 2 1 2 2 1 2 1|2 2 2 2 3 2 1 2|1 2 3 2 1 1 0 2|3 3 2 1 2 2 2 3|1 2 3 3 1 2 2 1|2 1 2 2 2 2 1 1|2 1 1 3 1 2 2 2|1 1 2 2 1 1 2 1|3 3 2 2 2 1 1 2

第15个最优解：
Iter = 129
Nfe = 20122
Fitness = 16.26508487874429
The number of total device = 288
The number of various devices = 36 36 36 36 36 36 36 36
The scheme of allocation = 2 1 2 2 2 2 2 1|2 3 1 2 4 1 1 1|4 3 4 4 1 3 2 2|3 2 1 1 3 2 2 2|1 1 2 1 1 1 4 2|2 2 2 1 3 2 2 2|3 2 2 1 1 2 2 2|1 2 1 2 1 1 2 1|1 3 2 3 3 2 1 1|3 1 3 2 2 2 2 3|2 2 2 2 1 2 3 7|0 2 2 1 1 2 1 1|2 2 2 2 2 2 3 2|3 2 1 1 1 3 2 2|2 2 3 4 3 2 2 1|2 2 1 2 3 3 2 3|1 2 3 3 2 3 2 1|2 2 2 2 2 1 1 2

第16个最优解：
Iter = 126
Nfe = 19649
Fitness = 16.26716007089008
The number of total device = 288
The number of various devices = 36 36 36 36 36 36 36 36
The scheme of allocation = 3 2 2 2 5 3 1 2|2 3 6 2 1 3 2 5|2 2 4 2 2 2 8 2|2 3 2 2 2 2 2 3|1 1 1 2 2 2 1 1|2 2 2 1 1 3 1 3|2 2 1 2 3 2 2 2|2 2 2 3 2 1 1 2|2 2 2 2 1 1 2 1|2 2 2 2 3 1 1 2|2 2 1 2 2 1 2 1|2 2 1 2 2 1 1 1|2 2 1 1 1 2 2 2|2 1 2 2 2 4 2 2|1 2 1 3 2 3 1 1|3 1 2 2 2 2 3 1|2 2 1 2 1 2 2 2|2 3 3 2 2 1 2 3

第17个最优解：
Iter = 120
Nfe = 18734
Fitness = 16.16056779528671
The number of total device = 288
The number of various devices = 36 36 36 36 36 36 36 36
The scheme of allocation = 1 3 2 4 5 1 2 6|7 3 2 1 2 2 1 2|2 3 2 1 2 2 3 2|1 3 2 2 2 2 2 2|1 2 1 2 3 2 3 2|1 2 3 1 1 2 1 3|2 2 2 3 3 2 3 2|2 2 2 1 2 1 1 2|2 2 2 2 2 2 3 3|1 1 2 2 1 1 1 1|4 1 2 2 1 2 2 4|2 2 2 2 2 2 2 1|2 2 2 3 2 3 2 1|2 1 1 2 2 3 2 1|2 1 2 2 0 3 2 0|1 2 3 1 2 2 2 2|2 1 2 3 2 2 1 1|1 3 2 2 2 2 3 1

第18个最优解：
Iter = 129
Nfe = 20135
Fitness = 16.14112148526479
The number of total device = 288
The number of various devices = 36 36 36 36 36 36 36 36
The scheme of allocation = 2 2 2 2 2 2 1 2|2 2 5 4 2 2 6 2|3 2 2 2 2 2 2 2|2 2 2 3 4 2 2 0|2 2 1 2 1 3 1 3|2 3 2 1 2 1 1 2|2 2 2 2 1 1 1 1|1 2 2 2 2 5 1 3|1 2 3 2 1 1 2 3|1 1 2 2 0 3 4 2|2 3 1 2 3 2 1 2|2 2 3 1 1 2 3 1|2 2 1 2 2 2 4 3|2 3 2 1 2 1 1 3|2 1 1 1 2 1 1 1|3 2 1 2 2 2 1 2|2 1 1 3 2 1 2 2|3 2 3 2 5 3 2 2

第19个最优解：
Iter = 129
Nfe = 20105
Fitness = 16.08435448417408
The number of total device = 288
The number of various devices = 36 36 36 36 36 36 36 36
The scheme of allocation = 2 4 2 2 7 8 3 4|2 2 2 2 1 1 6 1|1 2 3 2 5 4 2 2|3 8 2 2 1 3 2 3|2 1 2 1 3 2 2 1|2 2 3 2 2 1 2 2|2 2 2 3 2 2 1 3|1 1 3 1 1 1 2 3|2 1 2 2 1 2 2 3|2 2 1 3 1 2 1 1|2 3 2 2 1 1 1 1|2 2 2 2 2 1 1 2|3 1 2 2 1 1 2 1|3 0 2 2 2 1 2 3|2 1 1 3 2 2 2 1|1 1 1 2 1 1 1 2|2 1 1 1 1 2 2 1|2 2 3 2 2 1 2 2

第20个最优解：
Iter = 127
Nfe = 19793
Fitness = 16.29465466525922
The number of total device = 288
The number of various devices = 36 36 36 36 36 36 36 36
The scheme of allocation = 2 2 2 2 2 2 2 2|2 2 2 2 3 2 3 1|2 2 2 1 4 2 2 3|3 1 2 1 3 2 3 1|2 7 2 1 2 3 3 1|2 2 2 1 1 2 1 2|2 2 2 1 3 1 3 4|1 2 1 1 1 2 1 3|2 1 2 2 2 2 2 2|2 2 2 4 1 2 2 1|2 1 2 2 2 2 1 1|1 1 2 2 2 1 2 6|2 2 3 2 2 2 1 1|2 4 3 4 1 2 2 2|2 1 1 4 3 3 3 1|2 1 2 2 2 2 2 1|3 1 2 2 2 3 1 1|2 2 2 2 0 1 2 3

第21个最优解：
Iter = 99
Nfe = 15495
Fitness = 16.036836654857375
The number of total device = 288
The number of various devices = 36 36 36 36 36 36 36 36
The scheme of allocation = 2 2 2 3 2 3 2 4|2 3 1 2 5 1 5 1|2 1 2 4 3 4 2 1|3 2 2 3 2 5 2 2|2 3 2 3 1 4 1 3|2 3 2 1 1 1 2 1|2 1 2 2 1 3 1 2|2 2 1 1 1 2 1 1|2 2 3 1 1 2 2 3|2 2 2 2 5 1 1 3|2 3 2 1 1 0 2 1|2 1 2 0 3 0 3 3|3 3 3 3 1 2 3 1|2 2 2 2 2 1 2 2|2 2 2 2 2 0 2 3|1 2 1 1 2 3 1 2|2 1 2 4 1 2 1 1|1 1 3 1 2 2 3 2

第22个最优解：
Iter = 98
Nfe = 15307
Fitness = 16.023920769630756
The number of total device = 288
The number of various devices = 36 36 36 36 36 36 36 36
The scheme of allocation = 4 2 1 4 1 2 2 1|2 2 4 2 1 2 2 3|2 2 1 1 4 1 3 1|5 2 3 5 2 1 1 1|1 2 2 2 4 1 4 4|2 2 2 4 1 2 1 3|2 2 1 2 1 2 1 2|1 2 2 0 2 3 2 2|1 2 4 2 1 1 4 1|2 2 1 1 0 1 1 2|2 2 1 1 5 1 2 4|1 2 3 1 2 2 1 3|1 2 2 1 2 4 3 1|2 2 2 1 1 3 2 2|2 2 1 1 2 3 2 3|2 2 2 3 1 3 3 1|2 2 1 1 3 2 1 1|2 2 3 4 3 2 1 1

第23个最优解：
Iter = 31
Nfe = 4915
Fitness = 15.643246519571624
The number of total device = 288
The number of various devices = 36 36 36 36 36 36 36 36
The scheme of allocation = 2 7 2 2 2 5 2 3|2 2 12 3 3 3 3 2|2 2 2 2 2 1 1 3|2 2 2 3 2 3 1 2|3 1 3 4 2 2 2 2|1 2 1 2 2 5 5 3|2 2 1 2 2 1 2 3|1 1 2 1 1 1 2 1|1 2 1 2 1 1 4 0|1 0 1 1 2 1 1 1|3 3 1 3 5 2 3 3|1 1 1 1 1 1 1 2|1 1 1 3 2 2 1 2|3 1 1 1 1 2 1 2|3 2 1 1 3 2 1 3|3 3 1 2 2 1 1 2|1 3 2 1 1 1 3 2|4 1 1 2 2 2 2 0

第24个最优解：
Iter = 129
Nfe = 20123
Fitness = 16.477821030412795
The number of total device = 288
The number of various devices = 36 36 36 36 36 36 36 36
The scheme of allocation = 2 3 2 2 3 5 2 3|2 2 2 2 3 2 3 2|2 3 2 2 3 2 4 3|2 2 1 1 1 3 2 2|2 2 2 2 3 2 3 2|2 2 2 2 1 2 2 1|3 2 1 1 2 2 1 1|1 1 2 1 1 1 2 1|2 1 3 3 2 2 2 3|2 2 2 2 1 2 3 1|2 2 2 2 2 2 2 1|1 3 2 3 2 1 1 3|1 2 2 2 2 2 1 2|3 2 2 3 2 2 3 4|2 2 4 2 2 2 1 2|2 2 2 1 2 1 1 1|3 1 1 3 2 1 2 2|2 2 2 2 2 2 1 2

第25个最优解：
Iter = 116
Nfe = 18107
Fitness = 16.173812549706366
The number of total device = 288
The number of various devices = 36 36 36 36 36 36 36 36
The scheme of allocation = 2 2 2 4 4 1 1 1|2 5 6 1 5 2 4 2|2 2 3 2 1 2 1 2|2 3 1 2 1 2 2 2|2 2 1 3 5 2 1 3|2 2 4 3 1 2 2 2|3 2 1 2 2 2 3 1|2 1 2 3 2 1 1 2|2 2 3 3 3 2 1 2|1 2 1 1 2 2 0 2|2 2 1 1 1 2 2 2|2 2 1 1 1 1 4 2|2 2 2 1 1 3 3 2|2 2 2 2 1 3 2 3|2 1 1 2 2 2 2 2|2 2 0 1 2 2 2 2|2 1 2 2 1 3 4 2|2 1 3 2 1 2 1 2

第26个最优解：
Iter = 129
Nfe = 20118
Fitness = 16.155280426180767
The number of total device = 288
The number of various devices = 36 36 36 36 36 36 36 36
The scheme of allocation = 2 1 4 2 2 4 1 2|2 4 2 2 8 3 1 4|2 2 3 2 4 1 2 1|2 1 5 1 1 1 1 3|2 2 2 2 3 2 3 2|1 3 2 3 2 1 4 1|2 2 2 2 3 1 1 2|2 2 1 3 1 1 2 2|2 2 1 1 1 2 4 3|2 2 2 2 1 2 1 1|2 1 2 1 1 2 1 2|2 2 1 2 1 1 3 2|4 4 1 2 0 3 2 2|1 2 1 3 1 3 1 2|2 2 1 2 2 4 3 1|2 1 2 2 2 3 1 1|2 1 2 2 1 1 3 3|2 2 2 2 2 1 2 2

第27个最优解：
Iter = 128
Nfe = 19978
Fitness = 16.288811040070378
The number of total device = 288
The number of various devices = 36 36 36 36 36 36 36 36
The scheme of allocation = 2 3 2 1 1 2 1 6|3 1 1 2 1 2 3 2|2 3 2 3 2 2 2 4|3 2 2 2 3 2 1 0|2 3 1 2 2 2 3 2|2 1 1 1 3 1 3 2|2 2 2 1 2 2 1 3|1 1 2 1 1 2 2 2|1 2 3 2 2 2 2 1|2 2 1 3 1 2 1 1|3 3 2 2 2 2 2 2|1 1 4 2 4 1 2 2|2 1 3 2 3 3 3 2|2 3 2 1 1 3 2 1|2 2 2 1 3 3 4 1|2 2 2 2 1 2 1 2|2 2 2 6 1 1 1 1|2 2 2 2 3 2 2 2

第28个最优解：
Iter = 85
Nfe = 13283
Fitness = 16.221142736473887
The number of total device = 288
The number of various devices = 36 36 36 36 36 36 36 36
The scheme of allocation = 9 1 1 2 2 2 1 2|1 2 2 1 2 2 2 2|2 4 3 5 1 2 2 2|1 2 1 0 3 3 1 2|2 2 1 1 2 4 2 3|1 1 1 2 2 2 2 2|3 2 2 2 2 1 2 2|1 1 3 1 1 2 1 1|1 3 2 2 3 1 2 2|2 4 3 1 1 1 2 1|1 2 3 2 2 1 1 2|2 4 1 2 1 1 5 2|2 0 1 1 3 2 3 3|3 1 3 4 3 3 2 3|1 2 2 2 2 3 4 1|2 1 2 4 2 3 1 2|1 2 2 2 2 1 1 2|1 2 3 2 2 2 2 2

第29个最优解：
Iter = 113
Nfe = 17664
Fitness = 16.16534803196047
The number of total device = 288
The number of various devices = 36 36 36 36 36 36 36 36
The scheme of allocation = 1 2 2 2 1 7 1 3|2 3 2 4 2 1 3 2|2 2 2 2 2 3 1 2|1 1 2 2 2 2 3 2|3 1 2 2 3 3 3 2|2 3 2 1 2 2 2 2|2 4 2 1 2 1 4 2|1 1 2 2 1 1 2 1|2 3 2 1 2 2 1 3|2 1 2 2 1 2 3 1|1 2 2 4 3 2 2 3|2 3 2 1 2 2 1 2|3 2 2 2 2 2 2 2|2 2 2 4 3 1 1 2|3 2 2 0 2 1 3 2|3 3 1 3 2 1 0 1|1 0 3 2 2 0 3 2|3 1 2 1 2 3 1 2

第30个最优解：
Iter = 82
Nfe = 12864
Fitness = 16.050448110396964
The number of total device = 288
The number of various devices = 36 36 36 36 36 36 36 36
The scheme of allocation = 2 3 1 2 1 3 5 10|2 2 4 6 1 2 4 1|1 1 2 1 4 2 3 3|2 3 2 2 2 5 1 2|2 2 2 3 1 3 4 2|2 1 5 2 2 3 1 1|2 2 2 1 2 2 2 2|1 1 1 2 2 2 1 1|2 2 2 2 3 2 2 1|2 3 3 1 3 2 3 1|2 2 2 1 1 1 2 2|2 2 1 2 1 1 1 1|3 2 1 2 4 1 2 2|3 3 1 2 2 1 1 1|2 1 2 2 1 1 1 2|2 2 1 1 2 1 1 2|2 2 1 2 1 2 1 1|2 2 3 2 3 2 1 1

第31个最优解：
Iter = 129
Nfe = 20112
Fitness = 16.129263275948567
The number of total device = 288
The number of various devices = 36 36 36 36 36 36 36 36
The scheme of allocation = 3 2 3 1 1 5 5 5|3 3 3 4 2 1 1 4|2 5 3 2 1 4 1 4|2 5 2 1 2 0 3 1|2 3 1 2 2 1 2 1|2 1 2 2 2 2 2 1|2 2 2 3 2 3 2 3|3 1 1 2 2 2 1 1|2 1 2 2 2 2 2 1|2 3 1 1 1 1 2 1|1 0 1 2 2 2 1 3|2 1 3 2 2 2 1 2|3 1 1 2 3 1 2 2|2 1 3 1 3 2 2 2|2 2 1 2 3 4 2 2|1 1 3 2 2 2 2 1|1 1 2 3 2 1 2 1|1 3 2 2 2 1 3 1

第32个最优解：
Iter = 129
Nfe = 20141
Fitness = 16.192376691869217
The number of total device = 288
The number of various devices = 36 36 36 36 36 36 36 36
The scheme of allocation = 4 2 2 2 2 3 1 2|5 1 3 2 2 2 2 5|1 4 2 2 4 2 2 2|2 5 2 1 4 2 2 3|2 1 2 2 2 2 2 2|1 2 2 2 1 4 2 0|3 2 2 2 4 2 2 5|3 2 0 2 3 1 1 1|3 2 3 2 1 2 3 3|1 2 2 2 2 2 2 2|1 2 2 3 2 1 2 1|1 2 1 2 2 2 1 1|3 2 3 2 1 2 3 1|2 1 2 2 1 2 2 3|1 1 3 2 1 2 3 1|1 2 1 2 1 2 2 2|1 1 2 2 2 1 2 1|1 2 2 2 1 2 2 1

第33个最优解：
Iter = 128
Nfe = 19970
Fitness = 16.039567527726064
The number of total device = 288
The number of various devices = 36 36 36 36 36 36 36 36
The scheme of allocation = 7 2 4 2 1 3 2 2|1 3 2 2 5 2 2 2|3 2 5 2 2 2 1 2|0 4 4 1 3 2 6 2|2 2 1 2 3 2 2 2|5 2 1 2 3 3 1 1|2 2 2 2 3 2 1 1|1 2 1 2 2 1 1 3|1 1 3 2 1 1 3 4|2 1 1 2 2 1 3 2|1 2 1 2 1 2 1 2|2 1 2 2 1 1 4 1|1 2 1 1 1 2 1 3|3 2 1 2 1 2 2 2|1 1 2 3 2 2 1 2|1 3 1 3 2 3 1 2|2 2 2 2 1 3 1 1|1 2 2 2 2 2 3 2

第34个最优解：
Iter = 128
Nfe = 19962
Fitness = 16.13366501209562
The number of total device = 288
The number of various devices = 36 36 36 36 36 36 36 36
The scheme of allocation = 2 2 2 1 2 1 1 2|2 4 2 8 2 3 2 4|2 2 2 6 2 1 5 2|2 4 2 0 1 1 4 1|2 2 2 0 4 4 2 3|2 2 2 2 2 1 4 2|2 2 2 2 2 1 2 1|1 0 2 2 1 2 1 4|2 1 2 1 2 3 1 1|2 2 2 1 1 3 1 2|3 1 2 1 3 1 2 3|1 1 1 2 2 2 1 1|2 1 2 3 2 2 1 1|3 1 2 1 2 3 3 4|2 2 3 2 2 3 1 2|2 3 2 2 2 1 2 1|2 2 2 1 3 2 1 1|2 4 2 1 1 2 2 1

第35个最优解：
Iter = 127
Nfe = 19832
Fitness = 16.040333021806195
The number of total device = 288
The number of various devices = 36 36 36 36 36 36 36 36
The scheme of allocation = 1 3 1 2 3 4 3 1|2 4 3 6 3 2 2 2|2 1 2 1 2 2 4 2|2 1 1 1 2 3 1 3|2 2 2 1 2 2 2 2|2 2 1 1 1 1 2 1|2 2 2 1 1 2 2 2|1 2 1 3 1 2 1 2|2 3 3 4 3 1 1 2|1 2 2 2 2 2 1 2|2 3 2 2 2 2 2 3|2 2 2 1 1 2 3 2|3 0 0 3 3 2 4 4|3 2 2 2 3 0 1 2|2 0 5 4 2 4 2 1|3 2 2 1 2 1 2 2|2 4 3 0 1 2 1 2|2 1 2 1 2 2 2 1

第36个最优解：
Iter = 98
Nfe = 15340
Fitness = 16.195921112324548
The number of total device = 288
The number of various devices = 36 36 36 36 36 36 36 36
The scheme of allocation = 6 2 1 1 2 2 1 1|2 8 5 4 2 4 2 1|3 5 4 1 2 1 2 2|2 4 1 3 3 2 2 3|1 2 1 2 2 2 3 2|3 2 1 1 2 2 2 1|1 1 3 2 2 1 2 2|1 1 1 3 2 2 2 4|2 3 2 2 2 1 2 2|1 1 1 3 1 2 2 2|1 1 2 1 2 3 1 2|2 1 2 2 1 1 1 2|2 1 2 1 2 2 3 2|2 1 3 1 2 2 3 3|3 0 2 2 3 3 2 3|1 1 2 1 2 2 2 1|1 1 1 2 2 2 2 1|2 1 2 4 2 2 2 2

第37个最优解：
Iter = 127
Nfe = 19812
Fitness = 16.18493146954122
The number of total device = 288
The number of various devices = 36 36 36 36 36 36 36 36
The scheme of allocation = 3 2 2 3 4 1 2 2|7 2 3 4 5 2 1 3|2 2 2 2 1 3 3 1|1 3 3 2 1 3 3 3|3 1 3 4 2 1 1 3|2 2 1 1 2 2 2 2|2 3 2 2 1 2 1 1|1 1 1 2 2 2 2 2|1 2 1 3 3 1 2 3|2 2 4 2 1 3 2 1|1 1 1 2 1 2 2 1|1 1 2 2 2 2 2 2|2 3 1 1 2 3 1 2|1 3 1 1 1 3 3 3|2 2 4 1 3 1 2 2|1 2 2 1 2 1 2 1|1 2 1 1 1 2 2 2|3 2 2 2 2 2 3 2

第38个最优解：
Iter = 112
Nfe = 17507
Fitness = 16.328141625839823
The number of total device = 288
The number of various devices = 36 36 36 36 36 36 36 36
The scheme of allocation = 1 2 2 3 5 2 1 4|2 2 3 4 2 2 1 3|2 2 1 3 1 2 3 3|3 3 2 2 1 2 2 3|2 2 7 2 1 2 1 2|1 2 1 2 2 2 3 1|2 2 2 3 2 2 2 2|1 2 2 1 2 2 3 1|2 2 2 1 1 2 1 2|1 1 1 2 1 1 2 1|2 2 1 2 3 2 2 4|3 2 1 2 1 1 2 2|4 1 2 2 4 3 2 1|3 3 3 1 2 1 2 2|2 2 2 1 2 3 2 1|1 2 2 2 3 2 2 2|2 2 1 1 1 3 3 1|2 2 1 2 2 2 2 1

第39个最优解：
Iter = 124
Nfe = 19332
Fitness = 16.227252858602398
The number of total device = 288
The number of various devices = 36 36 36 36 36 36 36 36
The scheme of allocation = 3 2 4 2 1 2 1 2|2 2 2 2 1 4 3 4|5 2 2 3 3 4 2 3|1 2 4 1 2 2 2 3|2 2 2 2 2 2 2 3|3 2 2 2 2 2 2 1|2 2 5 2 2 1 2 2|2 1 1 2 2 2 2 2|1 2 1 2 3 1 1 1|1 2 1 2 2 2 1 1|2 2 2 2 2 0 2 1|3 2 1 2 2 1 0 1|2 2 2 2 1 2 5 2|1 3 1 3 3 4 4 4|1 2 1 2 3 1 2 2|3 2 1 2 2 2 1 1|1 2 2 2 1 2 2 2|1 2 2 1 2 2 2 1

第40个最优解：
Iter = 118
Nfe = 18444
Fitness = 16.055350687674437
The number of total device = 288
The number of various devices = 36 36 36 36 36 36 36 36
The scheme of allocation = 5 2 4 1 5 1 5 2|3 2 1 5 3 3 1 2|4 2 4 5 2 3 1 2|1 2 3 2 3 2 1 3|2 2 1 1 3 6 3 2|2 2 1 2 1 2 2 2|2 2 2 2 2 1 4 2|1 2 2 1 1 2 2 2|1 2 2 2 1 1 1 2|1 2 2 2 1 1 4 1|2 2 1 2 1 4 1 2|2 1 2 2 2 2 2 2|2 2 2 0 1 1 3 2|3 3 3 2 2 2 2 2|1 2 2 2 2 1 1 2|1 2 2 2 2 1 1 2|1 2 1 2 2 2 2 2|2 2 1 1 2 1 0 2

第41个最优解：
Iter = 99
Nfe = 15466
Fitness = 16.218153928844707
The number of total device = 288
The number of various devices = 36 36 36 36 36 36 36 36
The scheme of allocation = 1 3 3 3 2 2 3 2|2 7 3 2 3 3 3 2|1 3 2 2 7 1 3 2|4 3 3 2 2 1 2 3|2 1 1 1 1 3 4 2|3 2 2 1 2 1 2 1|2 2 3 2 1 1 1 1|1 2 1 1 3 1 3 1|2 1 3 2 2 1 2 2|2 1 2 1 1 2 3 2|2 1 2 2 0 3 1 2|1 1 2 2 1 2 1 2|3 1 1 3 2 4 3 3|4 2 2 2 3 3 1 3|1 1 2 2 2 2 1 2|1 1 2 2 1 2 1 2|2 3 1 3 2 2 1 2|2 1 1 3 1 2 1 2

第42个最优解：
Iter = 102
Nfe = 15944
Fitness = 16.05018806097978
The number of total device = 288
The number of various devices = 36 36 36 36 36 36 36 36
The scheme of allocation = 3 1 5 2 4 6 1 2|2 2 2 2 3 2 4 2|1 2 1 2 2 1 2 2|3 3 2 2 4 2 1 2|4 3 2 2 1 5 3 2|1 2 1 2 2 4 1 2|2 2 2 2 2 2 2 2|2 2 1 2 2 1 4 1|1 2 1 2 2 2 2 3|3 1 3 2 0 0 1 2|1 2 1 2 2 2 3 2|2 3 1 2 1 1 1 1|3 2 4 2 1 0 1 1|1 3 2 2 2 2 1 2|1 2 2 2 1 1 3 3|2 1 2 2 5 2 2 2|2 1 3 2 1 2 3 3|2 2 1 2 1 1 1 2

第43个最优解：
Iter = 129
Nfe = 20135
Fitness = 16.19596395741677
The number of total device = 288
The number of various devices = 36 36 36 36 36 36 36 36
The scheme of allocation = 1 5 2 1 1 2 1 1|3 1 1 2 2 1 1 4|1 7 3 2 2 1 7 5|3 3 4 1 2 6 1 1|2 2 1 1 2 3 2 2|3 2 2 2 2 1 1 1|3 2 2 2 2 2 1 2|1 1 3 2 1 3 2 3|2 1 2 2 2 1 1 2|2 1 1 2 2 1 2 1|2 1 1 3 2 1 4 1|2 2 1 2 2 2 1 1|2 1 2 2 3 2 1 1|2 1 1 2 3 2 2 2|3 1 2 3 2 2 2 1|1 1 3 3 2 2 2 3|2 2 3 2 2 2 2 3|1 2 2 2 2 2 3 2

第44个最优解：
Iter = 94
Nfe = 14695
Fitness = 16.02443103032967
The number of total device = 288
The number of various devices = 36 36 36 36 36 36 36 36
The scheme of allocation = 4 0 2 3 1 4 2 2|2 5 2 1 6 1 2 1|3 3 4 3 4 2 2 2|2 3 1 2 1 2 2 2|2 2 2 1 2 4 2 2|2 4 3 1 1 1 2 2|1 3 2 3 4 2 2 2|3 3 0 1 2 1 2 2|2 1 1 2 0 2 1 2|2 1 2 2 1 2 2 2|1 1 2 2 2 2 1 2|2 2 6 2 2 2 1 2|2 1 2 2 1 2 3 2|2 1 1 3 3 2 3 3|2 1 1 2 0 3 3 2|1 2 1 3 2 2 2 2|1 2 3 1 2 1 2 2|2 1 1 2 2 1 2 2

第45个最优解：
Iter = 120
Nfe = 18732
Fitness = 16.28914140658608
The number of total device = 288
The number of various devices = 36 36 36 36 36 36 36 36
The scheme of allocation = 2 3 2 1 0 2 1 2|2 3 6 3 2 1 2 2|2 2 1 1 3 3 2 2|2 1 1 1 2 1 2 2|2 1 3 1 2 4 2 2|2 1 5 2 2 1 2 2|2 3 2 2 2 1 2 2|2 3 1 2 2 3 2 2|1 4 3 3 2 2 2 2|2 4 0 1 4 1 2 1|3 2 1 3 2 2 2 2|2 1 2 2 1 4 2 2|2 1 2 3 3 2 3 2|2 2 1 2 1 2 3 3|2 1 2 1 2 1 2 2|2 1 2 2 2 1 1 2|2 1 1 3 3 3 2 2|2 2 1 3 1 2 2 2

第46个最优解：
Iter = 109
Nfe = 17048
Fitness = 16.43192930796577
The number of total device = 288
The number of various devices = 36 36 36 36 36 36 36 36
The scheme of allocation = 2 4 1 1 2 6 2 2|2 3 3 2 2 1 2 3|2 2 2 4 3 3 2 2|2 1 3 2 3 3 2 3|3 4 1 5 2 1 2 4|2 2 2 2 3 2 2 1|2 2 2 2 1 1 2 2|2 2 1 2 2 2 1 1|2 1 2 1 1 1 3 2|1 3 3 1 1 1 1 1|2 1 2 2 2 1 2 1|2 2 2 2 1 2 2 2|2 1 2 1 2 3 2 2|2 1 2 1 3 2 2 3|3 2 2 2 1 2 2 2|2 2 2 2 4 2 2 1|2 1 2 2 2 1 3 2|1 2 2 2 1 2 2 2

第47个最优解：
Iter = 80
Nfe = 12506
Fitness = 16.167538675975482
The number of total device = 288
The number of various devices = 36 36 36 36 36 36 36 36
The scheme of allocation = 1 3 1 3 2 1 2 1|3 4 6 3 2 1 4 4|3 3 2 2 1 2 2 3|3 2 3 2 10 3 4 5|5 3 2 2 1 2 1 1|1 1 2 2 2 2 2 1|1 2 2 2 2 1 1 2|2 2 1 2 1 2 1 1|2 2 1 2 1 1 2 3|1 1 2 2 2 3 2 1|2 1 2 1 3 3 2 1|2 2 1 2 1 4 2 2|2 1 2 1 1 2 2 2|2 1 3 2 1 2 3 2|2 1 1 2 1 2 2 1|2 2 1 2 2 2 1 3|1 3 2 2 1 1 1 1|1 2 2 2 2 2 2 2

第48个最优解：
Iter = 109
Nfe = 17010
Fitness = 16.034343348782496
The number of total device = 288
The number of various devices = 36 36 36 36 36 36 36 36
The scheme of allocation = 1 3 3 3 3 1 1 4|5 3 2 6 4 2 1 5|1 2 1 0 2 2 2 2|2 3 2 2 2 2 2 2|7 2 2 2 1 2 2 1|2 3 1 2 2 2 2 2|2 2 2 0 2 2 2 3|2 1 4 1 2 1 2 1|2 1 2 1 2 2 1 2|1 2 1 3 1 2 2 2|2 3 2 2 2 3 2 1|1 0 2 3 0 2 2 2|2 2 2 2 2 3 3 2|1 3 1 1 2 3 3 2|1 1 1 2 3 2 3 1|2 2 2 3 1 2 2 1|1 1 3 2 3 2 2 2|1 2 3 1 2 1 2 1

第49个最优解：
Iter = 109
Nfe = 17044
Fitness = 16.26487113107803
The number of total device = 288
The number of various devices = 36 36 36 36 36 36 36 36
The scheme of allocation = 2 1 2 6 3 2 4 2|2 2 6 2 4 2 1 3|2 1 1 2 1 2 2 2|2 2 5 1 2 1 4 2|2 5 1 2 3 3 2 1|2 3 1 2 2 2 2 2|2 2 3 2 3 1 1 2|1 1 1 1 1 2 3 2|2 2 1 2 2 2 2 2|2 1 1 2 2 2 2 1|2 5 1 2 1 2 2 3|2 1 2 3 3 2 1 1|3 2 3 2 2 3 1 3|3 1 3 2 1 3 1 2|2 3 2 1 1 3 2 2|2 1 1 1 2 1 2 1|1 1 1 2 1 1 2 3|2 2 1 1 2 2 2 2

第50个最优解：
Iter = 113
Nfe = 17653
Fitness = 16.369276318110437
The number of total device = 288
The number of various devices = 36 36 36 36 36 36 36 36
The scheme of allocation = 3 2 2 2 3 2 3 1|3 3 3 2 2 2 5 8|1 5 2 3 1 2 2 2|2 2 2 2 1 2 2 2|3 2 2 3 5 2 2 2|2 1 2 3 1 2 2 1|2 1 1 1 1 2 2 2|1 2 2 1 1 1 2 1|1 3 2 3 2 2 1 2|2 1 2 1 3 2 2 1|2 1 2 3 2 3 1 1|2 2 2 2 1 2 2 2|2 2 2 2 2 2 2 2|2 3 2 2 2 2 2 3|2 2 2 1 1 3 1 2|2 1 1 2 2 1 2 2|2 1 2 1 2 2 2 1|2 2 3 2 4 2 1 1

The final result:
fmax = 16.477821030412795
fmin = 15.643246519571624
fmean = 16.158302594825706
standard std = 0.1514082444250741
The number of total device = 288
The number of various devices = 36 36 36 36 36 36 36 36
The optimal allocation = 2 3 2 2 3 5 2 3|2 2 2 2 3 2 3 2|2 3 2 2 3 2 4 3|2 2 1 1 1 3 2 2|2 2 2 2 3 2 3 2|2 2 2 2 1 2 2 1|3 2 1 1 2 2 1 1|1 1 2 1 1 1 2 1|2 1 3 3 2 2 2 3|2 2 2 2 1 2 3 1|2 2 2 2 2 2 2 1|1 3 2 3 2 1 1 3|1 2 2 2 2 2 1 2|3 2 2 3 2 2 3 4|2 2 4 2 2 2 1 2|2 2 2 1 2 1 1 1|3 1 1 3 2 1 2 2|2 2 2 2 2 2 1 2
