第1个最优解：
Iter = 111
Nfe = 17318
Fitness = 14.2218522678149
The number of total device = 288
The number of various devices = 36 36 36 36 36 36 36 36
The scheme of allocation = 1 2 1 0 2 1 1 2|1 3 4 3 0 2 1 1|7 3 6 1 2 6 1 8|4 1 1 7 0 2 2 1|0 0 1 3 3 1 0 2|0 1 1 2 1 3 0 2|4 1 1 2 1 1 3 4|0 2 0 4 1 1 2 2|0 4 2 4 4 2 1 3|1 2 2 1 2 0 4 0|0 0 1 1 1 4 4 1|2 0 5 0 4 1 3 1|2 0 2 0 2 4 4 2|7 8 3 1 2 2 2 3|2 6 2 3 2 2 1 0|2 0 2 2 3 1 2 1|2 1 2 1 4 2 3 2|1 2 0 1 2 1 2 1

第2个最优解：
Iter = 95
Nfe = 14825
Fitness = 14.204097514357528
The number of total device = 288
The number of various devices = 36 36 36 36 36 36 36 36
The scheme of allocation = 0 2 1 1 0 1 3 3|4 3 1 0 2 2 5 0|1 1 1 1 2 0 1 1|2 3 3 7 1 1 4 4|2 3 7 1 1 2 0 1|2 2 0 4 4 4 2 2|1 3 1 3 1 1 1 4|2 4 1 3 1 1 1 4|1 0 2 3 0 1 2 1|1 1 1 1 2 1 3 1|1 3 3 1 0 6 0 1|1 1 3 2 1 1 2 1|1 1 1 2 8 2 4 0|9 1 1 4 9 1 4 1|4 2 3 1 2 3 1 1|0 0 3 1 1 6 2 4|2 4 1 0 1 2 1 5|2 2 3 1 0 1 0 2

第3个最优解：
Iter = 103
Nfe = 16079
Fitness = 13.990990369488415
The number of total device = 288
The number of various devices = 36 36 36 36 36 36 36 36
The scheme of allocation = 2 3 1 2 0 2 1 2|2 3 2 8 2 2 0 6|6 4 1 0 3 2 0 2|1 0 0 4 3 0 2 1|4 1 2 0 1 0 1 4|2 7 6 2 3 2 1 2|1 0 3 2 2 2 3 1|0 1 2 0 1 1 1 1|2 1 0 1 3 2 4 2|1 0 1 1 1 2 1 5|0 2 4 2 1 1 1 1|1 1 2 4 0 1 2 1|2 0 1 2 5 1 2 2|6 2 1 2 1 0 3 1|0 5 3 4 2 8 0 0|2 0 4 1 2 2 11 2|1 2 0 0 3 1 2 1|3 4 3 1 3 7 1 2

第4个最优解：
Iter = 49
Nfe = 7696
Fitness = 14.134467062260123
The number of total device = 288
The number of various devices = 36 36 36 36 36 36 36 36
The scheme of allocation = 1 2 0 0 0 1 2 0|1 1 1 0 0 2 3 2|2 2 1 1 2 1 1 3|2 10 2 1 3 2 3 2|3 1 0 1 1 2 1 2|0 1 1 1 1 9 2 1|1 2 1 4 1 1 2 1|0 3 3 3 4 3 1 3|3 1 1 1 1 1 0 2|1 2 4 1 0 0 5 3|6 1 2 1 2 2 1 3|2 1 2 1 2 1 1 1|1 4 7 3 2 0 3 1|4 1 0 2 1 0 3 1|4 1 3 5 7 1 2 1|2 0 0 5 7 0 2 9|2 2 4 3 1 7 2 0|1 1 4 3 1 3 2 1

第5个最优解：
Iter = 26
Nfe = 4133
Fitness = 14.184996547855386
The number of total device = 288
The number of various devices = 36 36 36 36 36 36 36 36
The scheme of allocation = 2 2 5 3 0 2 2 2|8 1 2 2 0 1 1 1|2 4 2 0 0 4 4 2|1 1 3 3 0 1 7 2|4 2 0 2 1 1 0 6|1 1 4 1 2 3 5 4|5 1 0 1 8 2 0 3|1 0 10 1 5 2 2 2|1 5 1 1 2 4 1 3|0 1 1 2 2 2 2 2|0 2 1 1 1 1 1 1|3 1 1 7 3 2 1 1|1 3 0 1 5 1 1 1|1 4 2 1 2 4 2 3|1 1 1 2 2 1 2 0|1 0 0 3 1 3 1 1|1 0 1 4 1 1 1 1|3 7 2 1 1 1 3 1

第6个最优解：
Iter = 9
Nfe = 1509
Fitness = 14.173173366823482
The number of total device = 288
The number of various devices = 36 36 36 36 36 36 36 36
The scheme of allocation = 4 0 1 9 7 1 1 11|0 7 4 0 3 4 0 0|1 4 3 5 1 4 5 1|9 3 6 1 3 4 5 4|2 0 1 2 2 1 1 1|3 2 2 1 1 3 3 1|2 3 1 0 1 1 2 2|0 2 1 2 1 2 1 0|2 2 0 1 1 1 4 1|1 0 4 1 1 4 2 1|3 1 1 2 1 2 1 1|1 3 3 1 4 3 2 2|2 2 1 0 3 0 2 2|1 0 1 1 3 1 0 2|2 2 2 3 1 1 1 3|0 2 1 2 1 2 3 1|1 1 3 3 1 2 2 0|2 2 1 2 1 0 1 3

第7个最优解：
Iter = 82
Nfe = 12819
Fitness = 14.031386085349824
The number of total device = 288
The number of various devices = 36 36 36 36 36 36 36 36
The scheme of allocation = 5 3 1 2 3 0 1 1|2 3 2 4 3 0 2 1|4 0 2 2 0 3 4 0|1 2 0 2 1 2 0 2|2 4 1 1 2 2 5 1|0 1 3 0 2 7 0 3|1 2 1 3 3 3 2 3|4 2 0 0 1 2 0 0|0 2 1 6 1 3 0 2|1 0 2 5 2 2 2 1|1 1 4 5 1 2 2 1|2 0 2 0 4 1 1 3|2 2 3 2 9 3 3 2|3 4 3 0 0 1 2 4|3 2 4 1 0 1 7 2|2 1 4 2 3 1 1 4|3 2 2 1 0 3 1 2|0 5 1 0 1 0 3 4

第8个最优解：
Iter = 41
Nfe = 6456
Fitness = 13.994565187044982
The number of total device = 288
The number of various devices = 36 36 36 36 36 36 36 36
The scheme of allocation = 3 0 1 1 7 1 7 2|1 1 6 0 1 0 0 3|1 1 3 5 3 2 4 1|1 1 1 1 4 0 5 6|3 2 4 0 1 2 1 1|3 5 2 2 0 2 2 2|3 4 2 1 1 6 1 2|1 1 1 3 2 0 1 1|3 0 1 9 1 3 0 4|1 0 4 0 2 0 2 2|1 0 1 1 4 2 2 2|0 1 3 1 2 2 1 1|1 1 2 2 3 4 1 1|4 1 1 2 4 0 1 3|4 8 4 2 0 2 0 1|2 4 0 3 0 6 3 1|3 2 0 2 0 1 2 1|1 4 0 1 1 3 3 2

第9个最优解：
Iter = 102
Nfe = 15911
Fitness = 13.9906828560098
The number of total device = 288
The number of various devices = 36 36 36 36 36 36 36 36
The scheme of allocation = 2 2 0 4 4 1 3 2|3 0 8 2 4 1 3 0|1 1 2 3 0 6 0 1|2 4 2 0 2 0 0 1|1 4 2 2 1 1 2 2|5 2 1 2 2 2 2 0|0 0 4 2 3 1 1 2|2 1 2 3 1 1 3 1|1 2 2 2 5 4 0 2|2 1 3 0 1 0 1 4|1 1 2 1 2 2 4 0|8 3 5 1 2 4 0 4|1 1 0 2 1 4 2 5|0 4 1 2 1 0 2 3|1 1 1 2 1 3 1 1|3 4 0 2 2 2 4 3|1 5 1 1 2 1 7 4|2 0 0 5 2 3 1 1

第10个最优解：
Iter = 110
Nfe = 17161
Fitness = 14.140092842776202
The number of total device = 288
The number of various devices = 36 36 36 36 36 36 36 36
The scheme of allocation = 5 1 1 4 1 1 1 1|4 2 3 5 3 2 4 1|3 3 1 1 1 1 2 7|1 2 7 3 5 1 3 2|3 0 1 0 1 1 3 1|1 1 1 1 0 7 2 0|1 3 0 1 2 1 1 1|3 1 1 3 1 1 1 2|1 1 1 0 3 1 1 1|1 1 2 4 2 2 1 6|1 6 1 3 2 2 2 2|1 0 8 0 1 2 3 1|0 2 0 1 2 1 3 5|0 5 2 1 4 3 0 2|3 1 2 2 2 2 0 2|1 1 5 2 0 4 2 1|6 5 0 3 4 0 6 0|1 1 0 2 2 4 1 1

第11个最优解：
Iter = 49
Nfe = 7699
Fitness = 14.042134846097836
The number of total device = 288
The number of various devices = 36 36 36 36 36 36 36 36
The scheme of allocation = 1 2 1 0 1 6 3 2|2 6 7 2 3 0 1 3|1 3 2 1 2 1 2 1|2 3 2 0 4 3 2 1|1 1 2 0 1 0 4 1|2 2 1 2 3 5 3 0|3 1 3 1 7 3 4 3|1 0 2 0 1 5 1 1|1 3 0 2 0 1 2 0|6 5 1 0 2 2 3 2|1 0 2 0 1 3 0 5|2 1 3 1 0 2 0 1|5 1 0 4 1 1 2 2|3 3 1 18 3 1 5 2|2 1 1 1 3 0 2 2|0 1 3 2 1 0 0 4|1 0 3 1 1 2 0 3|2 3 2 1 2 1 2 3

第12个最优解：
Iter = 83
Nfe = 12967
Fitness = 13.946897477154991
The number of total device = 288
The number of various devices = 36 36 36 36 36 36 36 36
The scheme of allocation = 3 0 3 1 0 7 5 1|1 3 1 1 11 1 2 3|6 3 2 2 0 3 0 0|7 3 2 1 0 2 2 4|5 2 1 1 0 1 2 2|0 0 2 3 1 3 2 1|1 3 4 6 2 2 2 1|3 2 4 1 1 1 2 1|0 1 1 1 0 2 2 8|1 3 1 2 0 0 0 2|0 2 2 2 1 1 3 0|1 2 1 1 3 2 2 1|1 2 3 5 1 1 1 0|3 2 2 1 1 1 2 1|2 2 1 0 12 1 1 0|1 2 4 1 1 2 1 3|1 1 1 4 1 5 3 6|0 3 1 3 1 1 4 2

第13个最优解：
Iter = 78
Nfe = 12196
Fitness = 14.128308670932963
The number of total device = 288
The number of various devices = 36 36 36 36 36 36 36 36
The scheme of allocation = 2 2 3 1 0 2 1 2|2 3 1 1 4 0 1 1|1 1 1 2 1 4 3 3|4 1 0 0 1 0 3 3|2 3 0 0 0 4 2 1|1 2 1 0 3 3 2 1|1 3 7 0 1 3 1 5|1 1 5 3 1 7 0 5|7 1 6 6 1 0 1 3|0 0 0 1 4 0 2 1|0 2 1 3 1 2 2 2|0 1 1 1 1 1 2 2|4 4 0 0 6 1 3 2|2 2 2 4 0 1 8 1|3 1 1 0 3 3 3 2|4 3 1 5 2 1 0 1|1 3 4 8 3 2 1 0|1 3 2 1 4 2 1 1

第14个最优解：
Iter = 94
Nfe = 14692
Fitness = 14.327855302464478
The number of total device = 288
The number of various devices = 36 36 36 36 36 36 36 36
The scheme of allocation = 3 1 1 3 1 2 1 1|0 6 2 1 2 4 7 0|2 1 1 1 0 1 2 0|0 1 6 0 0 2 3 1|2 1 0 1 4 1 1 1|1 2 1 4 2 1 0 2|3 2 3 3 0 2 0 2|2 1 2 2 2 1 1 1|6 1 1 1 2 2 0 1|1 3 1 0 4 1 1 1|4 2 1 2 2 1 3 1|4 2 4 3 2 4 3 2|2 2 1 3 4 3 3 8|2 0 2 3 1 0 3 0|0 6 3 1 5 1 3 1|2 2 1 2 4 4 2 7|1 0 5 4 0 3 1 5|1 3 1 2 1 3 2 2

第15个最优解：
Iter = 129
Nfe = 20100
Fitness = 14.302996739995265
The number of total device = 288
The number of various devices = 36 36 36 36 36 36 36 36
The scheme of allocation = 1 1 2 3 0 1 3 2|5 2 0 4 2 1 1 0|1 0 1 1 2 4 4 3|2 2 3 1 1 3 1 1|4 7 3 3 2 4 1 0|2 3 2 3 1 0 1 1|0 2 3 1 4 3 2 6|2 1 5 3 7 3 6 2|1 2 2 1 2 0 0 1|0 1 0 0 1 3 2 3|3 2 1 0 1 1 0 4|2 2 1 1 3 2 1 1|1 1 4 3 2 3 3 1|1 1 1 0 0 3 1 2|3 2 3 1 3 1 0 2|2 2 0 5 4 3 3 3|2 3 3 4 0 1 6 2|4 2 2 2 1 0 1 2

第16个最优解：
Iter = 75
Nfe = 11730
Fitness = 14.007957537241714
The number of total device = 288
The number of various devices = 36 36 36 36 36 36 36 36
The scheme of allocation = 0 2 1 1 0 0 2 2|2 1 0 1 2 1 2 1|2 2 0 0 1 0 1 1|3 1 0 5 1 1 0 1|2 2 8 2 2 8 1 2|2 1 2 2 1 2 6 2|1 3 3 3 1 1 1 1|3 4 2 1 1 0 3 4|4 1 3 1 4 2 0 1|1 0 5 1 1 2 4 3|0 4 0 0 5 6 1 1|2 3 2 4 3 1 1 3|0 2 1 2 1 0 0 2|3 2 1 5 5 1 1 0|4 0 5 3 2 0 3 4|2 5 1 3 2 4 3 1|3 0 0 1 0 2 3 5|2 3 2 1 4 5 4 2

第17个最优解：
Iter = 17
Nfe = 2736
Fitness = 14.187993875609175
The number of total device = 288
The number of various devices = 36 36 36 36 36 36 36 36
The scheme of allocation = 8 2 0 1 1 5 3 1|2 5 2 2 2 3 2 1|2 0 4 0 2 1 1 1|1 1 2 0 1 0 0 1|1 7 0 5 3 6 1 2|1 0 0 3 6 4 2 1|0 1 3 3 1 0 1 0|1 2 0 1 2 1 1 1|1 2 1 2 1 1 2 1|2 3 5 1 8 0 3 7|2 1 2 3 1 2 1 4|1 1 2 4 1 4 2 3|3 3 2 2 0 2 3 0|1 2 2 1 0 2 1 3|1 1 2 3 1 0 1 1|4 1 2 2 3 2 6 6|1 1 5 3 2 1 3 2|4 3 2 0 1 2 3 1

第18个最优解：
Iter = 36
Nfe = 5683
Fitness = 14.22156612825414
The number of total device = 288
The number of various devices = 36 36 36 36 36 36 36 36
The scheme of allocation = 8 1 1 5 1 0 1 1|10 2 3 6 1 1 1 4|0 1 0 0 0 1 2 1|1 1 2 0 3 1 2 1|4 4 3 4 2 4 6 3|0 0 2 7 4 1 1 3|0 2 3 1 2 1 1 1|1 2 3 0 3 0 1 3|3 0 5 1 3 3 2 2|1 6 1 2 2 2 2 1|1 5 3 2 1 3 3 2|0 1 2 2 2 3 0 2|1 1 1 0 1 1 1 1|1 2 0 2 6 3 1 1|1 4 1 0 2 1 1 1|1 2 1 1 1 3 4 5|2 0 0 1 1 5 4 3|1 2 5 2 1 3 3 1

第19个最优解：
Iter = 65
Nfe = 10176
Fitness = 14.094285831223921
The number of total device = 288
The number of various devices = 36 36 36 36 36 36 36 36
The scheme of allocation = 3 0 1 2 2 2 3 1|2 5 3 2 2 2 2 3|3 8 5 1 1 4 1 3|0 0 0 6 7 2 0 1|2 1 4 0 1 1 5 2|5 2 0 0 2 1 1 3|1 1 6 6 1 4 2 1|0 5 0 1 1 2 1 1|4 1 1 6 4 1 3 2|3 1 1 1 3 2 1 1|1 4 1 0 0 2 0 1|1 1 3 0 1 0 1 1|2 1 1 1 1 2 5 5|2 1 2 1 1 3 1 4|1 1 4 3 1 0 8 2|5 2 1 1 5 1 2 2|1 2 1 1 2 2 0 2|0 0 2 4 1 5 0 1

第20个最优解：
Iter = 14
Nfe = 2274
Fitness = 14.004577767921514
The number of total device = 288
The number of various devices = 36 36 36 36 36 36 36 36
The scheme of allocation = 0 1 6 3 2 0 1 1|10 13 3 3 4 1 1 5|4 4 3 5 3 1 2 5|1 4 5 0 3 1 1 0|3 0 0 0 1 1 1 1|1 1 6 1 1 4 3 1|0 1 1 2 2 2 3 1|1 1 1 5 1 2 1 1|1 1 1 1 4 3 1 1|0 0 5 2 1 2 3 1|4 1 1 2 3 4 2 2|2 1 0 2 1 3 1 1|3 1 3 1 2 3 2 0|2 3 0 1 2 3 7 3|1 2 1 5 0 0 1 6|1 1 0 0 2 2 2 2|1 1 0 2 2 1 3 4|1 0 0 1 2 3 1 1

第21个最优解：
Iter = 94
Nfe = 14673
Fitness = 14.227938561504075
The number of total device = 288
The number of various devices = 36 36 36 36 36 36 36 36
The scheme of allocation = 4 2 2 3 1 3 3 2|0 2 5 1 1 2 2 1|1 3 1 4 0 3 3 2|1 1 5 2 1 0 1 0|1 2 0 3 0 2 2 4|1 2 0 1 2 4 2 2|2 2 1 1 1 0 0 4|0 2 2 1 1 0 1 2|1 2 6 1 4 0 0 1|2 2 2 1 2 2 1 2|6 1 1 2 6 6 3 1|0 2 1 0 2 1 2 0|1 3 1 5 1 1 1 1|2 2 2 1 2 2 2 7|0 4 0 0 1 1 2 2|10 0 2 4 1 5 3 1|1 2 4 3 2 1 3 2|3 2 1 3 8 3 5 2

第22个最优解：
Iter = 7
Nfe = 1187
Fitness = 14.048664987067529
The number of total device = 288
The number of various devices = 36 36 36 36 36 36 36 36
The scheme of allocation = 1 2 5 1 5 2 6 1|1 9 0 0 1 3 1 2|2 0 4 1 5 6 4 4|7 1 1 5 1 1 5 3|1 4 0 7 0 4 2 2|1 1 5 1 2 1 1 2|1 0 3 1 2 0 6 2|3 2 2 0 0 3 1 1|1 1 0 3 3 0 0 3|4 1 0 2 1 1 1 2|0 3 2 4 2 1 1 1|3 1 0 2 1 1 1 1|1 2 1 1 3 3 0 1|1 3 2 4 1 3 1 1|1 1 1 1 3 0 1 1|2 3 6 2 2 1 3 4|2 2 1 0 1 3 1 3|4 0 3 1 3 3 1 2

第23个最优解：
Iter = 23
Nfe = 3677
Fitness = 14.099308110332336
The number of total device = 288
The number of various devices = 36 36 36 36 36 36 36 36
The scheme of allocation = 4 1 3 2 4 2 2 4|0 9 4 4 3 1 2 2|6 1 3 1 3 0 1 2|1 4 1 2 1 1 8 2|4 0 3 2 3 3 1 3|1 1 1 0 1 4 0 0|3 1 7 1 1 4 1 3|4 3 1 3 4 2 6 2|0 3 4 3 0 1 2 0|1 2 1 2 2 3 2 0|2 2 1 0 0 3 1 4|1 2 1 2 2 2 1 1|3 0 0 1 4 2 0 2|1 2 2 7 1 0 2 3|2 2 2 2 1 3 3 5|1 2 1 4 2 2 1 0|1 0 0 0 3 2 1 0|1 1 1 0 1 1 2 3

第24个最优解：
Iter = 85
Nfe = 13313
Fitness = 13.929344883630836
The number of total device = 288
The number of various devices = 36 36 36 36 36 36 36 36
The scheme of allocation = 3 2 1 0 1 0 0 1|1 3 0 6 1 2 5 2|1 5 1 1 0 2 0 1|1 0 4 0 1 1 2 1|1 2 1 4 2 2 3 9|1 2 5 5 1 3 1 2|1 7 0 2 3 0 6 1|1 0 1 1 4 0 1 0|2 3 1 1 1 2 1 3|3 3 0 0 0 2 2 5|4 0 5 2 6 2 1 2|3 1 1 2 0 3 0 1|8 6 1 4 2 2 3 0|2 0 2 3 8 2 4 2|1 0 2 0 1 7 2 0|2 0 4 1 1 2 1 1|1 2 1 2 3 3 2 3|0 0 6 2 1 1 2 2

第25个最优解：
Iter = 115
Nfe = 17950
Fitness = 14.01780353435609
The number of total device = 288
The number of various devices = 36 36 36 36 36 36 36 36
The scheme of allocation = 0 3 3 0 3 3 5 1|2 3 2 1 4 2 0 2|3 5 1 2 1 1 1 0|2 3 2 0 5 5 4 3|3 1 3 2 1 1 5 1|6 2 4 1 1 0 0 5|3 1 2 0 2 1 2 6|2 1 4 2 2 1 2 1|1 0 1 2 2 0 4 0|2 1 2 1 3 2 1 2|2 3 0 1 0 1 1 0|0 1 3 0 0 1 0 2|1 0 1 3 3 1 0 2|2 5 4 0 1 9 1 0|3 2 1 6 3 5 1 2|2 3 1 7 4 1 4 2|1 0 1 1 0 1 2 4|1 2 1 7 1 1 3 3

第26个最优解：
Iter = 49
Nfe = 7695
Fitness = 14.270840323424373
The number of total device = 288
The number of various devices = 36 36 36 36 36 36 36 36
The scheme of allocation = 1 4 2 1 2 0 1 1|3 0 1 1 1 0 1 2|1 1 1 3 3 3 4 1|4 1 2 0 2 1 2 1|2 2 1 3 1 0 1 2|2 0 1 1 1 0 1 3|1 6 3 4 2 4 3 5|2 0 0 1 3 1 7 4|2 2 0 7 4 4 1 2|1 2 4 1 1 2 2 3|3 3 1 1 3 7 2 2|1 0 5 2 0 5 1 1|2 4 1 1 0 1 1 2|1 0 6 1 6 1 1 1|6 2 3 0 0 2 1 1|2 2 1 8 3 3 2 2|1 0 3 0 2 0 4 3|1 7 1 1 2 2 1 0

第27个最优解：
Iter = 46
Nfe = 7238
Fitness = 13.9793316126004
The number of total device = 288
The number of various devices = 36 36 36 36 36 36 36 36
The scheme of allocation = 2 1 1 2 2 1 1 3|1 2 0 1 3 5 0 1|1 3 2 1 2 2 2 1|2 2 4 3 3 4 0 1|1 3 2 0 5 0 8 4|5 3 2 2 1 1 5 1|4 3 0 1 2 2 1 4|3 3 3 1 1 0 1 4|1 1 2 3 0 0 1 3|1 1 1 3 0 6 6 2|1 0 1 3 2 6 4 1|3 2 8 2 1 4 0 2|3 1 2 2 1 1 3 6|6 0 1 2 5 0 0 1|0 1 1 3 2 0 0 1|1 2 4 4 1 1 2 0|0 5 0 1 3 0 1 1|1 3 2 2 2 3 1 0

第28个最优解：
Iter = 33
Nfe = 5236
Fitness = 14.11076691507283
The number of total device = 288
The number of various devices = 36 36 36 36 36 36 36 36
The scheme of allocation = 1 4 2 1 2 3 2 1|9 2 4 3 0 2 4 4|1 1 2 2 6 6 2 1|2 3 4 0 0 2 1 3|2 4 3 3 2 0 2 3|3 0 1 2 3 1 2 5|0 2 3 0 1 1 2 3|1 2 0 1 0 3 3 1|4 1 3 5 0 2 1 4|1 1 0 7 1 0 1 2|0 0 2 2 2 5 1 0|3 2 3 1 1 1 4 1|1 2 1 1 5 3 1 1|1 2 4 0 3 2 3 2|3 3 0 4 0 2 2 1|1 4 0 0 6 0 2 0|1 1 2 0 2 3 1 3|2 2 2 4 2 0 2 1

第29个最优解：
Iter = 88
Nfe = 13742
Fitness = 13.92018507892459
The number of total device = 288
The number of various devices = 36 36 36 36 36 36 36 36
The scheme of allocation = 2 1 2 0 4 2 0 1|1 3 3 1 3 3 1 2|1 2 1 0 0 0 2 3|3 1 2 3 2 5 2 1|1 1 1 1 1 4 11 1|2 2 0 1 4 1 1 1|2 3 1 1 3 3 0 2|1 0 1 0 1 3 5 3|2 0 3 1 5 2 3 0|1 1 1 1 4 0 2 3|4 3 1 8 1 3 1 1|0 5 2 1 1 1 3 2|2 2 10 2 0 1 2 2|0 4 2 6 2 0 1 3|4 4 1 2 2 1 1 1|6 1 3 2 0 6 0 8|2 2 2 2 1 1 0 0|2 1 0 4 2 0 1 2

第30个最优解：
Iter = 123
Nfe = 19182
Fitness = 14.286568034048999
The number of total device = 288
The number of various devices = 36 36 36 36 36 36 36 36
The scheme of allocation = 3 2 1 2 0 1 0 2|4 5 4 1 1 0 5 2|1 2 1 2 0 3 3 2|0 1 1 3 2 0 5 1|1 3 1 2 6 3 0 4|4 0 1 5 2 11 2 0|2 2 9 2 3 2 1 2|2 1 4 1 1 0 2 2|3 7 1 1 0 2 1 2|3 1 4 4 1 1 1 1|1 2 1 1 1 1 2 2|2 0 0 3 2 2 1 1|2 0 1 3 2 5 1 4|2 2 2 2 2 1 1 0|2 3 2 0 5 2 3 5|0 1 2 0 1 2 1 3|2 1 0 3 3 0 6 1|2 3 1 1 4 0 1 2

第31个最优解：
Iter = 75
Nfe = 11726
Fitness = 14.105243724968751
The number of total device = 288
The number of various devices = 36 36 36 36 36 36 36 36
The scheme of allocation = 0 1 7 1 3 1 2 1|1 5 1 1 3 1 3 1|4 2 1 3 2 3 3 3|5 1 2 0 2 3 2 9|5 3 1 1 1 0 1 1|3 4 2 3 9 2 2 0|0 1 2 0 0 3 2 4|0 2 1 3 1 3 2 0|6 2 4 1 0 1 4 2|0 2 3 3 1 8 3 1|1 1 0 4 2 0 2 2|0 0 1 2 1 1 1 2|3 3 4 1 3 1 2 2|2 2 2 0 1 0 2 0|3 0 1 0 1 1 1 4|1 2 1 2 0 0 1 2|1 2 1 7 3 1 1 1|1 3 2 4 3 7 2 1

第32个最优解：
Iter = 62
Nfe = 9713
Fitness = 14.203881013785281
The number of total device = 288
The number of various devices = 36 36 36 36 36 36 36 36
The scheme of allocation = 2 3 1 2 1 0 3 4|1 5 4 3 2 1 2 2|4 2 1 0 2 9 1 1|2 2 2 1 3 1 2 2|5 1 2 4 1 1 1 4|2 1 2 1 2 0 2 0|0 0 3 1 2 0 6 1|2 0 2 0 0 0 4 4|3 2 2 3 1 1 1 1|0 2 1 3 2 2 2 2|1 1 3 1 0 2 0 5|4 8 2 1 0 3 1 4|2 1 1 3 0 3 2 1|3 0 2 3 0 8 4 0|2 2 2 6 1 1 1 2|2 1 2 2 8 1 2 0|0 3 3 1 5 2 0 2|1 2 1 1 6 1 2 1

第33个最优解：
Iter = 81
Nfe = 12681
Fitness = 13.95229536849067
The number of total device = 288
The number of various devices = 36 36 36 36 36 36 36 36
The scheme of allocation = 1 1 3 1 7 1 1 6|1 2 1 2 0 0 6 1|3 7 4 2 0 1 3 2|3 0 2 1 2 2 1 4|5 3 2 1 2 2 2 0|1 2 0 2 4 3 0 2|3 1 4 2 0 6 2 6|2 3 1 0 2 0 1 0|3 1 1 3 7 0 0 2|1 1 3 2 1 2 1 1|1 1 1 3 1 3 2 0|4 1 0 2 2 2 3 2|2 1 5 6 0 1 3 7|2 2 4 0 3 2 1 1|0 0 0 2 2 4 2 0|1 8 1 3 1 2 3 0|0 1 3 0 1 1 3 1|3 1 1 4 1 4 2 1

第34个最优解：
Iter = 82
Nfe = 12827
Fitness = 13.764031929477486
The number of total device = 288
The number of various devices = 36 36 36 36 36 36 36 36
The scheme of allocation = 1 0 1 6 6 2 3 1|0 6 5 0 2 0 2 4|3 4 2 1 1 3 4 6|2 9 1 1 2 8 1 3|1 1 5 0 1 8 4 1|6 0 2 5 1 0 3 1|2 0 2 2 1 1 1 4|0 2 0 6 0 0 2 1|2 1 0 2 2 1 1 0|2 0 0 2 1 0 2 0|0 2 1 2 4 1 0 3|1 2 1 1 1 0 2 3|2 1 6 1 3 0 1 1|1 1 1 1 1 0 2 1|3 0 1 0 1 1 2 2|3 1 4 1 1 2 3 0|4 3 2 2 4 7 2 2|3 3 2 3 4 2 1 3

第35个最优解：
Iter = 36
Nfe = 5689
Fitness = 14.054845969201127
The number of total device = 288
The number of various devices = 36 36 36 36 36 36 36 36
The scheme of allocation = 4 4 2 1 2 3 0 3|2 1 2 1 5 0 2 1|0 2 1 1 3 5 5 1|1 2 0 7 4 0 3 1|0 3 0 6 6 1 1 4|4 1 3 2 1 0 1 1|1 2 4 5 0 3 3 1|2 1 2 0 0 1 1 1|1 3 1 2 2 6 1 5|1 1 1 1 1 0 1 2|3 1 1 1 1 1 1 3|4 5 1 0 0 1 0 0|6 1 1 1 1 0 3 5|0 1 6 0 1 5 3 0|0 1 2 2 5 4 0 1|2 2 2 2 1 2 4 1|1 2 3 2 1 3 4 5|4 3 4 2 2 1 3 1

第36个最优解：
Iter = 31
Nfe = 4922
Fitness = 13.879493552683416
The number of total device = 288
The number of various devices = 36 36 36 36 36 36 36 36
The scheme of allocation = 1 2 3 1 3 2 1 2|0 1 2 2 2 2 5 1|0 5 4 3 0 9 2 9|1 2 2 3 1 5 0 2|3 2 6 0 1 1 1 3|1 0 2 1 1 2 2 0|3 2 2 2 1 1 1 1|1 0 1 6 0 0 4 1|1 2 2 1 0 1 2 4|1 2 3 2 2 1 0 1|1 4 0 2 3 3 3 1|3 3 1 2 6 0 0 2|1 1 2 3 4 2 0 1|1 3 1 1 0 2 1 2|8 0 0 1 1 1 5 1|0 2 2 1 1 1 3 1|1 1 3 1 2 3 1 3|9 4 0 4 8 0 5 1

第37个最优解：
Iter = 122
Nfe = 19023
Fitness = 14.303043001422832
The number of total device = 288
The number of various devices = 36 36 36 36 36 36 36 36
The scheme of allocation = 2 2 2 10 1 0 5 1|0 3 2 3 3 4 4 0|0 2 3 0 1 0 3 2|1 3 2 0 2 2 2 1|2 3 2 0 2 1 1 0|2 0 2 2 0 1 1 2|1 0 1 3 3 4 3 3|1 1 2 3 0 1 1 2|4 4 3 0 4 1 3 11|2 0 1 1 1 3 2 5|2 2 2 6 2 5 2 0|2 3 1 1 2 2 1 1|2 3 1 1 2 2 2 0|7 2 3 1 1 2 1 2|1 1 6 1 0 3 3 2|1 2 2 2 1 1 1 1|4 2 0 1 5 1 1 0|2 3 1 1 6 3 0 3

第38个最优解：
Iter = 55
Nfe = 8629
Fitness = 14.141441245621758
The number of total device = 288
The number of various devices = 36 36 36 36 36 36 36 36
The scheme of allocation = 1 2 6 2 2 0 1 1|0 1 0 2 2 0 2 3|1 3 1 2 2 1 3 2|2 4 1 1 1 4 5 1|1 1 0 4 2 7 2 1|12 2 4 4 2 1 1 1|0 1 1 1 2 4 1 1|1 0 0 2 1 0 2 1|1 9 2 1 2 0 0 2|1 2 1 0 1 1 3 4|1 0 1 1 2 3 1 3|1 2 2 4 5 1 5 1|2 2 2 1 1 0 3 4|2 2 6 3 1 2 0 2|1 1 2 0 1 0 1 3|2 0 1 1 3 3 5 1|6 0 2 1 3 1 1 2|1 4 4 6 3 8 0 3

第39个最优解：
Iter = 97
Nfe = 15142
Fitness = 14.287782102219046
The number of total device = 288
The number of various devices = 36 36 36 36 36 36 36 36
The scheme of allocation = 2 1 2 4 2 1 1 0|2 2 2 5 3 2 1 3|4 2 2 5 0 0 2 1|4 0 1 0 4 1 1 1|2 3 0 0 2 1 0 1|1 4 2 1 0 1 6 1|1 0 1 2 2 1 0 0|2 2 1 1 2 1 3 3|1 4 0 2 2 2 3 3|0 3 2 1 5 4 0 1|2 1 2 1 0 3 3 4|2 2 5 2 1 4 3 0|3 4 1 2 2 5 1 2|1 1 0 2 0 1 4 0|1 1 5 2 1 4 1 5|2 3 3 1 6 1 3 7|3 1 4 2 0 2 3 1|3 2 3 3 4 2 1 3

第40个最优解：
Iter = 47
Nfe = 7386
Fitness = 13.864586839415585
The number of total device = 288
The number of various devices = 36 36 36 36 36 36 36 36
The scheme of allocation = 1 3 1 2 1 4 3 2|2 1 2 0 1 7 2 4|2 1 0 1 1 2 2 1|1 0 6 3 2 2 1 2|2 3 0 1 1 2 3 1|5 0 0 6 0 1 3 3|1 0 7 1 3 1 1 1|1 3 1 1 4 2 2 1|0 1 3 3 0 2 3 2|1 1 1 5 1 2 2 0|3 3 0 1 1 0 1 2|2 1 0 1 3 0 1 0|2 2 3 1 2 3 2 1|5 4 8 1 1 0 1 3|1 2 1 0 11 6 1 6|2 7 2 1 1 0 1 1|2 0 1 2 1 2 3 0|3 4 0 6 2 0 4 6

第41个最优解：
Iter = 88
Nfe = 13748
Fitness = 13.991119793509663
The number of total device = 288
The number of various devices = 36 36 36 36 36 36 36 36
The scheme of allocation = 0 0 4 5 3 4 3 3|2 3 1 0 0 3 2 2|5 2 2 3 2 0 2 0|2 1 3 2 3 0 1 1|1 2 7 1 1 1 1 2|1 3 3 1 2 1 2 3|1 5 1 4 1 2 2 6|0 3 1 2 0 1 3 2|3 1 1 0 2 0 2 2|2 0 2 5 1 1 3 2|6 4 0 1 1 2 1 2|1 1 1 1 2 1 3 2|0 0 1 0 7 5 2 0|3 0 1 1 2 6 1 0|0 0 3 0 3 2 0 2|5 2 2 2 2 7 3 3|2 2 2 7 4 0 1 2|2 7 1 1 0 0 4 2

第42个最优解：
Iter = 6
Nfe = 1030
Fitness = 14.30274907154252
The number of total device = 288
The number of various devices = 36 36 36 36 36 36 36 36
The scheme of allocation = 0 0 2 3 9 0 3 1|0 3 2 0 0 6 2 2|4 1 5 2 1 1 2 1|3 2 1 1 0 1 0 3|3 3 1 1 8 3 1 1|2 2 1 3 1 4 1 2|1 0 2 1 6 2 5 2|0 4 2 3 1 1 1 0|5 5 1 1 1 0 2 2|1 4 3 1 0 2 2 2|1 1 2 1 2 4 5 3|3 1 1 3 2 2 1 4|0 3 1 2 0 3 1 2|2 3 2 5 2 1 1 2|3 0 3 4 1 3 0 5|5 2 5 2 0 1 6 2|1 1 1 1 1 1 2 1|2 1 1 2 1 1 1 1

第43个最优解：
Iter = 62
Nfe = 9713
Fitness = 14.190481686213516
The number of total device = 288
The number of various devices = 36 36 36 36 36 36 36 36
The scheme of allocation = 5 2 3 2 0 3 2 3|2 0 1 0 3 4 4 0|0 4 3 1 0 3 3 1|2 0 1 1 6 3 7 1|2 2 3 2 1 2 1 1|2 6 1 2 2 0 0 2|1 2 3 1 3 0 0 2|1 3 0 1 1 1 1 2|0 1 0 3 1 1 3 4|3 7 0 4 3 1 1 2|3 0 2 2 2 2 1 2|4 1 2 3 1 2 3 1|2 0 6 1 7 0 1 1|1 1 2 0 2 2 3 5|2 2 2 6 2 3 2 1|2 2 3 4 0 2 3 5|3 2 1 2 0 3 1 1|1 1 3 1 2 4 0 2

第44个最优解：
Iter = 90
Nfe = 14063
Fitness = 14.21502022937479
The number of total device = 288
The number of various devices = 36 36 36 36 36 36 36 36
The scheme of allocation = 2 2 4 2 0 2 0 0|3 0 2 1 1 7 2 2|1 0 3 1 3 1 1 1|2 0 2 0 2 0 1 3|3 3 2 1 1 0 1 3|3 7 2 5 2 1 0 1|1 2 3 2 0 0 4 1|2 1 0 1 2 6 0 2|0 1 2 0 0 1 1 3|1 0 2 1 1 2 3 1|3 2 3 0 1 1 2 1|1 3 0 0 8 3 1 5|2 1 3 4 5 1 3 2|1 5 2 2 1 1 3 5|2 1 0 11 5 2 2 1|4 2 2 1 2 1 1 0|3 2 2 3 1 5 3 3|2 4 2 1 1 2 8 2

第45个最优解：
Iter = 6
Nfe = 1030
Fitness = 13.974187886146012
The number of total device = 288
The number of various devices = 36 36 36 36 36 36 36 36
The scheme of allocation = 4 0 0 0 1 3 1 0|4 1 2 13 5 1 2 3|1 1 0 1 1 1 12 1|1 2 4 2 4 1 0 9|1 1 2 4 1 1 0 0|5 0 2 0 4 7 2 4|1 1 1 2 2 1 2 3|2 8 1 1 1 1 4 1|3 0 3 1 1 1 1 2|4 3 2 1 1 1 2 1|1 3 4 1 1 1 0 0|0 2 1 2 1 3 1 1|1 5 2 1 2 2 3 2|1 0 0 1 3 1 2 3|4 1 5 1 2 5 1 0|1 2 3 1 3 2 1 1|1 3 0 3 2 3 2 2|1 3 4 1 1 1 0 3

第46个最优解：
Iter = 23
Nfe = 3687
Fitness = 13.927194795938219
The number of total device = 288
The number of various devices = 36 36 36 36 36 36 36 36
The scheme of allocation = 0 1 9 1 2 1 7 2|2 0 1 8 0 10 1 2|2 5 1 4 2 3 3 3|5 8 1 1 1 0 1 1|1 7 2 1 3 2 6 2|4 0 1 2 1 4 0 2|2 4 2 1 4 3 2 1|0 0 0 1 1 2 1 5|0 0 1 1 5 1 2 2|3 1 1 1 1 1 1 1|1 3 1 0 4 1 1 3|2 0 5 2 0 2 1 1|1 2 2 1 3 2 6 3|2 1 1 1 0 1 0 4|3 0 4 2 2 1 1 2|3 0 2 1 1 1 2 0|3 1 2 2 2 0 0 1|2 3 0 6 4 1 1 1

第47个最优解：
Iter = 64
Nfe = 10032
Fitness = 14.026096441926232
The number of total device = 288
The number of various devices = 36 36 36 36 36 36 36 36
The scheme of allocation = 2 1 2 1 2 2 0 1|2 0 1 5 4 1 2 1|3 3 0 0 0 0 1 1|0 1 1 2 5 2 0 0|0 1 2 4 2 1 0 8|2 2 1 3 2 3 5 1|2 2 1 1 4 2 1 1|1 3 2 1 1 0 3 1|1 0 2 1 3 8 1 3|2 0 1 1 1 2 1 7|4 2 1 0 3 6 4 1|2 2 4 2 1 1 1 0|5 4 1 4 2 0 3 3|3 0 5 1 1 0 2 0|1 2 7 2 2 0 5 1|1 0 2 6 0 3 3 3|4 3 2 1 2 3 1 3|1 10 1 1 1 2 3 1

第48个最优解：
Iter = 72
Nfe = 11264
Fitness = 14.200697540805352
The number of total device = 288
The number of various devices = 36 36 36 36 36 36 36 36
The scheme of allocation = 0 1 3 0 2 1 3 1|2 2 0 1 2 0 4 1|0 2 4 2 6 2 0 1|2 0 0 0 2 5 3 1|1 6 2 4 5 9 1 2|4 1 1 1 1 0 4 5|5 2 1 4 2 0 3 1|1 2 1 7 2 3 1 4|1 3 6 1 1 1 0 2|1 5 3 1 0 1 1 6|3 2 1 3 0 3 3 1|1 2 2 1 0 1 2 3|2 1 1 4 1 2 2 1|5 3 2 1 5 1 1 0|1 0 3 0 4 3 1 1|3 1 1 1 1 1 4 2|2 0 4 3 0 1 2 4|2 3 1 2 2 2 1 0

第49个最优解：
Iter = 83
Nfe = 12965
Fitness = 14.143483544478283
The number of total device = 288
The number of various devices = 36 36 36 36 36 36 36 36
The scheme of allocation = 2 2 1 6 3 1 2 1|4 2 1 2 1 0 1 3|2 0 3 0 1 6 1 1|6 1 1 1 0 2 1 2|2 3 0 1 2 8 10 1|1 2 0 1 1 4 1 0|2 1 1 1 1 2 1 5|1 1 0 1 2 1 2 0|1 1 4 3 11 1 2 2|0 7 1 0 1 1 2 5|3 2 4 1 0 1 3 2|2 1 6 2 2 0 0 1|2 1 0 1 1 3 1 2|3 3 6 6 1 1 1 1|2 4 1 4 0 3 1 3|0 1 2 1 4 2 3 2|2 3 0 3 4 0 1 1|1 1 5 2 1 0 3 4

第50个最优解：
Iter = 11
Nfe = 1839
Fitness = 14.383754880658536
The number of total device = 288
The number of various devices = 36 36 36 36 36 36 36 36
The scheme of allocation = 7 1 5 1 2 0 1 0|3 4 1 1 3 5 4 1|1 2 4 5 2 5 4 4|0 4 4 6 2 9 1 2|0 5 1 2 2 3 2 3|2 2 2 0 1 2 1 2|2 1 0 4 1 0 2 2|2 2 3 4 5 1 2 4|1 0 1 1 2 1 2 1|4 1 3 2 1 1 1 1|1 1 3 1 3 1 2 1|2 1 1 1 3 1 1 1|5 2 0 0 3 0 2 1|4 0 2 1 3 1 2 6|0 1 2 1 1 3 2 4|1 3 0 0 0 1 1 1|0 3 2 4 1 1 1 0|1 3 2 2 1 1 5 2

The final result:
fmax = 14.383754880658536
fmin = 13.764031929477486
fmean = 14.102661218710354
standard std = 0.13960383825775316
The number of total device = 288
The number of various devices = 36 36 36 36 36 36 36 36
The optimal allocation = 7 1 5 1 2 0 1 0|3 4 1 1 3 5 4 1|1 2 4 5 2 5 4 4|0 4 4 6 2 9 1 2|0 5 1 2 2 3 2 3|2 2 2 0 1 2 1 2|2 1 0 4 1 0 2 2|2 2 3 4 5 1 2 4|1 0 1 1 2 1 2 1|4 1 3 2 1 1 1 1|1 1 3 1 3 1 2 1|2 1 1 1 3 1 1 1|5 2 0 0 3 0 2 1|4 0 2 1 3 1 2 6|0 1 2 1 1 3 2 4|1 3 0 0 0 1 1 1|0 3 2 4 1 1 1 0|1 3 2 2 1 1 5 2
