第1个最优解：
Iter = 1808
Nfe = 91227
Fitness = 78.10455162356088
The number of total device = 960
The number of various devices = 64 64 64 64 64 64 64 64 64 64 64 64 64 64 64
The scheme of allocation = 2 1 2 2 1 1 2 1 3 0 4 3 2 4 2|1 0 6 7 0 3 1 2 0 2 0 2 1 3 2|2 0 0 6 3 1 4 4 0 1 1 0 1 1 1|3 0 1 1 2 4 3 4 3 2 1 1 3 1 3|4 2 0 2 2 0 1 1 4 1 0 1 0 4 5|1 5 4 3 2 3 3 1 1 2 1 1 3 2 0|3 0 2 1 4 1 1 6 0 0 0 3 2 2 2|3 0 2 0 0 0 0 3 3 1 3 2 1 1 3|2 0 0 0 3 5 1 2 2 4 2 0 1 1 1|2 0 5 9 2 1 1 2 1 2 6 7 1 2 1|2 1 7 1 1 4 4 3 5 5 3 7 0 1 2|3 1 1 0 1 5 7 1 2 4 1 4 7 4 0|4 1 1 5 1 1 1 3 1 0 3 1 5 0 2|2 3 3 0 2 0 1 0 1 1 1 1 0 2 2|2 1 0 3 3 1 1 1 2 2 1 3 1 2 2|1 1 3 1 3 0 2 1 0 2 7 1 2 3 2|2 11 1 1 8 3 2 2 3 3 2 2 1 1 0|3 5 1 4 2 0 0 2 1 7 3 0 6 1 1|2 1 3 2 0 2 3 2 2 3 0 1 1 2 0|0 2 10 4 5 6 0 1 2 2 0 5 1 2 0|5 2 1 1 2 0 3 2 3 2 2 2 2 3 1|1 7 1 1 5 2 7 0 3 1 0 0 2 4 3|0 5 2 1 4 0 3 2 1 0 4 0 2 1 5|2 0 0 1 2 2 1 3 2 2 1 0 1 4 0|0 1 0 0 1 4 1 2 1 5 2 0 2 3 3|0 3 0 2 0 1 0 1 2 3 4 4 4 2 5|3 0 3 4 0 5 4 3 1 2 2 5 2 0 1|1 4 0 0 0 3 0 1 1 0 3 2 0 1 1|1 1 0 0 0 2 2 1 5 0 1 2 2 3 3|4 3 2 1 4 1 1 3 6 2 0 0 6 2 5|0 0 2 1 0 1 2 3 0 2 5 1 2 1 3|3 3 1 0 1 2 2 1 3 1 1 3 0 1 3

第2个最优解：
Iter = 1049
Nfe = 53004
Fitness = 80.02216578417932
The number of total device = 960
The number of various devices = 64 64 64 64 64 64 64 64 64 64 64 64 64 64 64
The scheme of allocation = 1 2 2 6 5 6 0 3 2 5 3 1 3 3 2|3 2 4 1 1 1 2 1 3 3 2 2 0 2 2|0 0 0 3 2 2 1 1 3 5 0 7 1 3 1|3 2 1 0 1 1 1 2 4 2 4 3 3 2 3|4 2 9 0 1 0 0 1 4 4 3 1 4 1 2|2 0 0 0 2 5 5 2 1 3 2 0 1 0 0|0 2 2 2 1 0 2 2 1 0 1 2 0 1 0|2 3 3 2 4 4 7 3 0 1 4 5 1 4 2|3 3 1 2 2 0 1 1 2 0 5 5 0 1 4|2 3 2 0 2 2 3 3 1 1 4 1 1 5 2|0 1 5 4 1 0 2 3 1 1 1 6 2 2 3|4 3 0 0 2 2 3 1 2 1 2 4 4 5 5|3 3 2 4 1 3 1 5 0 0 4 3 6 0 2|4 3 5 2 4 0 0 2 3 4 3 3 7 1 3|0 4 0 1 1 1 4 3 3 0 2 2 4 3 1|0 2 4 4 2 5 3 2 1 4 1 0 3 4 1|2 1 0 3 1 6 0 2 1 5 2 0 1 4 1|5 2 1 4 2 1 4 2 0 3 3 2 3 1 0|5 2 1 0 1 6 3 1 0 3 0 0 5 1 1|3 4 1 3 2 0 2 1 4 1 1 2 1 1 2|0 0 5 2 3 3 4 1 3 1 3 1 0 1 2|0 2 1 3 1 1 5 1 1 0 1 0 3 4 2|2 4 1 2 1 2 2 2 2 1 4 3 1 2 2|4 3 0 1 7 6 2 3 3 2 0 1 0 1 2|2 3 1 0 2 1 2 3 1 4 0 0 1 0 1|2 1 1 2 2 1 0 4 3 1 0 1 1 2 4|1 1 2 2 2 0 2 1 1 1 2 1 1 2 3|1 1 3 3 1 1 0 2 1 2 0 5 0 1 3|1 2 1 1 1 2 1 1 4 0 2 0 0 2 2|0 0 2 5 4 0 1 0 6 3 3 3 2 4 1|3 2 3 2 0 2 1 3 1 2 2 0 3 0 5|2 1 1 0 2 0 0 2 2 1 0 0 2 1 0

第3个最优解：
Iter = 1906
Nfe = 96076
Fitness = 80.07529136629047
The number of total device = 960
The number of various devices = 64 64 64 64 64 64 64 64 64 64 64 64 64 64 64
The scheme of allocation = 0 0 4 4 0 0 1 1 1 3 2 0 3 0 2|0 6 1 2 3 2 0 1 3 1 4 1 1 2 1|5 5 4 1 2 2 0 1 2 3 0 3 1 2 4|0 2 0 0 2 4 0 2 2 1 2 0 3 1 1|2 0 3 3 1 2 6 3 0 2 1 1 1 4 0|0 4 3 0 0 1 3 1 1 0 4 3 3 1 2|0 1 4 3 1 3 0 0 1 2 2 0 2 3 1|0 2 3 2 4 1 1 2 2 1 4 3 2 2 3|4 0 0 2 3 6 2 4 2 2 2 4 2 3 3|1 1 2 4 2 3 1 2 1 2 2 2 2 0 2|1 3 2 2 0 1 3 2 1 0 3 0 4 1 2|7 3 2 2 1 3 3 9 2 2 2 0 3 5 5|2 1 3 8 3 1 0 1 1 0 1 2 2 1 1|1 0 1 1 2 3 4 1 1 3 0 1 1 3 2|4 1 3 2 4 4 4 1 2 0 0 3 0 1 1|5 1 1 1 3 3 2 1 1 3 3 2 0 0 1|3 5 1 3 3 3 2 2 6 4 1 3 2 5 3|3 4 3 3 2 2 1 4 1 3 1 2 2 1 2|2 1 2 1 0 2 1 4 4 0 1 2 2 1 2|0 4 2 3 1 1 0 2 1 1 2 3 3 3 2|2 3 0 5 2 2 1 1 1 2 0 4 0 2 1|0 2 1 2 0 2 1 1 0 4 2 7 2 5 1|0 1 3 1 0 0 5 5 4 3 3 0 3 1 0|0 1 1 0 0 1 3 0 4 1 2 2 0 6 4|4 0 3 0 6 1 0 1 2 4 1 1 5 1 3|6 0 2 1 0 0 0 1 1 4 1 5 2 0 5|2 4 4 2 6 4 3 3 3 3 3 1 0 5 1|1 1 0 1 2 0 3 3 0 0 2 1 2 2 1|3 4 2 0 3 2 1 1 5 3 4 1 2 2 0|3 1 2 3 4 0 6 2 5 3 1 3 1 0 1|1 1 1 0 0 4 4 2 0 2 6 0 5 1 3|2 2 1 2 4 1 3 0 4 2 2 4 3 0 4

第4个最优解：
Iter = 1784
Nfe = 89993
Fitness = 79.26635459869792
The number of total device = 960
The number of various devices = 64 64 64 64 64 64 64 64 64 64 64 64 64 64 64
The scheme of allocation = 3 1 1 2 2 3 1 3 0 3 0 2 0 2 1|2 4 2 1 1 3 4 0 2 4 1 3 1 2 2|2 1 2 2 1 2 2 5 2 1 1 3 3 0 2|6 0 2 4 2 0 4 0 2 3 2 3 0 3 2|2 3 2 2 5 3 1 3 3 3 3 1 3 1 2|3 3 2 0 4 2 3 3 3 4 0 0 1 2 0|2 4 0 3 6 3 1 3 3 1 3 1 3 2 7|0 4 0 1 1 7 1 3 0 1 2 7 2 1 4|0 1 6 1 3 1 0 0 7 0 1 3 3 5 3|1 1 3 2 1 2 0 1 2 2 6 3 3 3 4|5 3 1 0 1 1 0 4 5 1 0 2 5 1 1|1 1 3 0 2 4 0 3 1 2 2 1 0 1 4|1 4 1 3 1 0 5 0 1 1 3 0 2 3 0|0 1 1 0 3 0 3 1 3 2 3 0 1 4 2|1 1 5 0 0 1 2 2 0 0 1 1 3 2 1|2 4 4 1 2 3 1 1 1 2 1 2 1 0 2|1 2 1 2 2 2 0 0 5 2 1 3 3 3 2|0 0 0 5 0 2 0 2 2 2 2 3 0 2 3|1 5 1 3 5 2 1 6 1 3 3 1 1 3 1|0 1 1 0 3 1 2 2 1 0 1 1 1 4 2|10 2 3 3 2 2 3 3 1 2 1 1 2 6 0|1 0 1 1 1 4 2 2 0 1 3 1 1 1 4|2 4 1 3 5 3 4 2 3 0 1 6 2 2 0|2 1 1 5 0 2 0 4 0 4 0 1 0 2 1|1 3 3 0 3 4 2 5 0 5 2 2 2 1 1|5 2 1 1 1 0 3 1 1 0 2 5 0 3 0|1 1 3 5 3 2 5 1 4 0 4 6 5 0 3|2 1 1 3 0 1 0 0 2 1 2 0 2 1 1|0 1 3 0 1 0 2 0 4 4 1 0 1 0 2|2 2 0 5 0 2 6 1 1 0 5 1 7 2 1|3 2 4 5 1 0 4 0 3 5 0 1 3 0 1|2 1 5 1 2 2 2 3 1 5 7 0 3 2 5

第5个最优解：
Iter = 1742
Nfe = 87827
Fitness = 79.70327144610306
The number of total device = 960
The number of various devices = 64 64 64 64 64 64 64 64 64 64 64 64 64 64 64
The scheme of allocation = 2 4 5 0 2 1 3 2 3 5 3 1 3 2 2|1 1 3 0 3 2 1 1 1 4 1 0 5 2 3|2 1 2 2 3 0 1 0 1 3 0 3 0 1 3|1 2 1 0 2 4 1 0 4 1 4 4 1 6 0|2 1 1 1 1 2 3 1 2 4 0 3 0 1 0|2 2 1 2 4 1 3 3 2 1 2 9 0 1 0|0 1 2 1 2 2 1 2 1 1 3 4 2 1 0|2 4 3 1 1 1 5 3 2 1 2 1 1 2 4|3 1 1 3 1 1 4 1 1 3 1 2 1 2 3|3 0 3 7 2 0 6 5 4 2 1 0 1 2 2|3 0 2 2 4 3 2 1 3 5 9 2 2 2 0|4 2 3 6 1 6 1 3 2 0 1 4 2 0 2|4 3 2 1 2 1 0 4 3 2 1 3 8 0 4|0 2 1 3 2 2 3 3 1 1 2 0 0 0 1|0 0 0 1 1 0 0 3 3 1 2 1 3 3 5|7 1 3 1 3 3 3 1 2 2 1 1 1 1 3|1 1 4 2 2 0 0 2 0 2 3 1 5 2 1|2 4 1 4 0 0 3 3 1 0 0 5 2 6 4|0 2 3 3 4 3 2 0 4 2 2 0 3 1 1|1 3 0 1 0 2 0 1 1 0 2 0 4 2 0|1 3 3 2 3 4 0 2 0 1 3 1 3 2 3|2 2 4 1 1 2 4 0 4 5 4 2 2 5 1|2 4 0 1 4 3 6 2 0 2 2 4 3 2 4|3 2 3 2 1 3 1 2 6 2 4 3 1 5 2|3 3 0 3 2 6 1 3 1 4 3 0 1 3 0|2 3 2 0 5 3 1 1 5 4 2 0 4 0 0|3 0 3 0 2 0 1 2 0 1 1 1 1 2 2|3 0 2 5 2 2 1 5 0 1 0 1 1 0 0|1 2 2 3 0 0 1 3 2 1 0 1 0 3 1|2 7 2 0 2 1 0 0 5 1 0 5 2 2 6|2 1 0 1 0 2 3 1 0 2 0 0 0 1 2|0 2 2 5 2 4 3 4 0 0 5 2 2 2 5

第6个最优解：
Iter = 951
Nfe = 47990
Fitness = 80.10548864738809
The number of total device = 960
The number of various devices = 64 64 64 64 64 64 64 64 64 64 64 64 64 64 64
The scheme of allocation = 3 2 2 0 6 1 0 4 1 1 0 1 1 3 0|4 0 3 1 3 3 1 2 6 2 3 2 2 4 3|3 6 1 0 2 3 0 3 2 1 0 3 2 0 3|2 4 1 2 2 0 2 2 1 7 0 1 0 2 3|2 0 2 2 2 2 4 2 1 4 1 1 2 5 1|3 0 2 4 2 3 1 1 2 3 2 1 0 4 1|5 2 3 1 0 1 2 3 0 0 1 3 3 0 1|4 3 2 2 0 1 1 7 2 4 6 0 4 1 1|2 1 1 1 2 2 2 2 4 0 5 1 2 0 4|0 2 1 11 4 3 2 0 1 1 2 0 2 3 2|2 3 4 1 1 5 3 0 0 1 1 6 1 2 3|2 3 2 1 2 1 3 1 4 3 0 1 1 0 1|2 2 0 0 2 0 1 1 1 0 5 9 1 0 2|1 0 3 2 2 1 1 0 1 2 0 1 4 0 0|3 3 3 4 0 3 2 2 1 2 2 2 3 1 1|1 2 3 4 4 2 2 4 1 2 1 0 0 3 1|8 1 0 1 4 1 2 5 2 4 0 8 2 4 3|0 2 4 0 1 0 3 1 4 3 2 1 1 2 2|0 2 5 2 4 1 5 2 0 1 4 3 1 0 2|1 0 3 6 0 0 0 1 1 2 1 1 1 1 2|1 3 1 0 2 1 0 0 1 2 1 1 1 5 4|3 2 2 2 4 2 2 1 4 1 5 2 0 3 5|3 1 1 3 4 2 4 1 3 2 1 2 6 3 1|2 1 2 3 2 4 6 0 2 3 1 4 4 0 1|0 3 3 4 1 5 2 3 1 3 1 1 2 1 1|1 1 1 2 3 1 1 2 2 2 4 0 2 0 3|1 1 0 0 3 0 2 1 1 0 3 0 5 1 1|0 0 6 1 0 2 4 1 2 2 2 4 1 3 2|2 4 1 0 1 0 0 4 1 1 1 0 2 2 2|1 1 1 1 1 6 3 2 8 2 4 2 3 6 2|0 7 1 3 0 4 1 2 1 1 2 0 3 3 1|2 2 0 0 0 4 2 4 3 2 3 3 2 2 5

第7个最优解：
Iter = 1085
Nfe = 54851
Fitness = 78.98533157112203
The number of total device = 960
The number of various devices = 64 64 64 64 64 64 64 64 64 64 64 64 64 64 64
The scheme of allocation = 1 0 0 4 2 2 4 1 4 3 2 0 0 1 2|1 1 2 2 3 2 1 1 1 4 3 1 5 4 2|3 2 1 5 0 1 0 2 2 0 3 2 2 3 4|0 1 6 1 0 4 2 1 1 4 2 2 0 0 2|2 1 1 0 0 3 0 0 6 0 1 1 0 2 1|3 2 3 0 4 1 0 3 1 2 0 6 5 2 3|3 2 2 4 2 5 12 1 2 3 0 1 1 1 1|2 6 1 2 4 1 1 3 6 1 1 1 1 2 1|2 2 5 2 4 1 0 3 0 3 2 2 2 1 1|0 0 2 2 1 1 3 3 2 1 0 0 0 2 2|0 5 4 0 4 5 2 0 2 0 0 3 2 3 2|2 2 2 2 1 2 1 6 1 2 1 3 6 3 1|1 1 0 3 4 0 3 3 1 2 0 0 3 2 2|4 1 1 0 2 2 0 2 0 0 3 1 0 2 1|0 0 4 0 4 2 2 1 0 4 5 1 1 4 1|1 5 2 1 0 0 3 3 3 5 3 1 8 3 5|2 1 4 3 0 0 1 0 2 3 0 1 3 2 3|6 7 2 1 3 2 4 5 4 2 0 3 0 2 1|2 1 3 1 7 2 3 2 1 2 0 2 5 2 1|4 1 1 1 1 3 1 3 3 2 0 7 4 1 2|3 3 1 1 4 0 1 2 0 3 3 4 1 1 1|3 2 0 5 2 8 4 0 3 2 2 8 3 4 5|0 2 2 6 0 1 0 3 1 3 0 2 1 3 5|4 1 3 2 2 0 1 0 1 4 0 0 1 0 2|2 2 2 1 1 1 1 6 2 2 0 0 2 2 4|2 1 2 2 2 1 1 1 3 0 0 3 0 1 2|3 2 0 1 2 2 2 1 3 2 3 2 1 2 0|2 1 1 3 1 5 4 1 2 2 5 3 0 3 0|3 4 2 2 0 1 2 0 1 1 3 1 2 1 0|2 1 2 1 0 1 2 3 2 0 20 1 2 1 1|1 1 1 2 3 3 2 2 2 0 2 1 0 4 4|0 3 2 4 1 2 1 2 2 2 0 1 3 0 2

第8个最优解：
Iter = 1340
Nfe = 67714
Fitness = 80.41530592854754
The number of total device = 960
The number of various devices = 64 64 64 64 64 64 64 64 64 64 64 64 64 64 64
The scheme of allocation = 2 5 3 0 1 1 2 2 2 1 1 2 1 4 1|3 2 3 4 4 5 2 6 4 1 4 1 0 3 2|4 0 1 2 1 0 0 1 3 1 1 3 2 0 5|2 0 2 5 1 1 2 0 0 1 0 2 4 0 1|5 1 2 0 2 3 2 3 1 1 3 2 2 1 1|2 2 0 2 3 0 1 2 1 4 1 4 2 4 3|1 3 5 2 2 0 2 2 4 3 4 4 1 1 3|3 5 0 0 4 4 2 4 3 3 1 2 1 1 3|8 1 0 0 3 0 2 5 0 1 2 2 3 0 1|2 3 3 0 1 6 4 1 1 1 0 2 2 2 0|0 2 3 0 1 2 1 0 1 0 2 2 0 4 2|3 3 0 1 5 3 3 3 4 1 0 1 1 2 4|0 2 1 1 0 0 3 3 0 3 3 2 6 3 1|1 0 0 4 0 1 1 2 0 7 6 1 2 1 1|2 2 1 0 0 0 2 1 2 2 1 3 4 6 2|0 2 1 3 0 2 1 3 1 0 3 3 3 1 3|0 3 3 3 5 2 0 2 5 0 2 0 5 2 4|3 1 7 3 3 0 1 0 1 2 3 2 2 4 3|1 1 2 4 2 0 0 1 2 5 3 1 3 1 1|2 0 3 1 4 1 2 3 0 3 2 3 2 1 1|2 3 4 4 2 3 3 2 2 1 2 3 3 2 2|2 2 0 7 1 0 1 2 3 2 2 2 3 3 2|1 3 1 4 3 2 0 0 4 3 2 2 1 3 1|3 4 1 2 0 2 4 1 5 1 3 0 1 0 2|2 0 2 0 2 0 2 0 3 5 2 2 3 3 2|3 1 1 0 3 2 2 3 2 2 3 1 0 0 3|0 2 3 3 2 1 10 3 1 4 3 1 0 2 2|1 1 1 6 3 17 2 0 0 2 0 3 0 3 1|0 1 3 0 0 1 3 1 2 0 2 0 1 1 3|1 5 2 1 1 1 2 3 6 1 0 3 1 1 1|1 0 3 1 1 2 2 2 0 1 1 2 3 2 0|4 4 3 1 4 2 0 3 1 2 2 3 2 3 3

第9个最优解：
Iter = 1536
Nfe = 77507
Fitness = 79.54960469915882
The number of total device = 960
The number of various devices = 64 64 64 64 64 64 64 64 64 64 64 64 64 64 64
The scheme of allocation = 1 2 3 2 3 4 1 4 3 0 1 0 1 2 0|2 1 4 1 2 0 7 0 3 7 1 0 0 1 0|2 2 1 0 2 5 3 0 1 4 4 3 1 2 0|2 0 4 1 3 1 1 2 0 2 1 0 3 1 0|1 1 4 1 0 7 1 5 0 1 3 0 1 0 2|1 2 2 3 1 2 4 3 0 1 1 12 1 1 1|1 1 1 4 2 2 1 2 1 2 1 6 3 0 3|0 4 4 1 6 3 3 1 3 1 3 2 3 1 6|0 6 0 3 1 2 0 2 1 1 1 1 1 0 3|5 1 1 1 1 1 5 4 6 2 2 0 0 3 1|1 1 2 9 2 2 1 1 1 3 0 0 5 0 1|4 4 4 7 5 0 2 1 3 2 1 1 5 0 3|2 1 1 4 0 0 3 1 2 1 3 2 1 5 1|5 1 1 1 2 2 0 2 2 3 4 1 0 6 3|0 0 4 1 0 2 3 1 0 1 0 0 4 2 1|1 0 2 2 2 0 3 2 5 2 1 2 3 1 5|6 1 1 4 1 4 3 2 4 5 2 4 2 3 2|0 4 1 3 1 1 1 2 3 0 2 4 0 3 3|2 4 0 1 1 3 3 4 1 3 4 0 1 4 1|3 4 1 2 2 5 0 3 6 2 0 1 1 3 2|1 5 1 1 1 2 1 0 1 0 1 3 1 5 3|1 0 0 3 3 2 3 2 2 1 2 3 3 6 3|1 1 1 0 2 1 3 1 4 1 2 2 1 2 4|2 2 2 1 0 0 0 3 1 3 1 2 0 2 2|1 3 6 0 2 5 1 1 1 0 1 1 5 1 2|4 1 3 0 4 0 0 2 3 2 6 1 5 3 6|2 5 0 1 2 4 1 4 1 6 2 1 2 4 2|5 2 3 0 2 1 4 1 2 3 1 4 3 1 0|0 1 2 0 2 1 1 1 0 2 2 1 4 0 1|3 3 4 3 6 0 1 5 3 1 2 1 1 1 1|3 0 0 2 2 1 0 0 0 2 2 5 1 0 0|2 1 1 2 1 1 4 2 1 0 7 1 2 1 2

第10个最优解：
Iter = 1841
Nfe = 92781
Fitness = 79.61474975141371
The number of total device = 960
The number of various devices = 64 64 64 64 64 64 64 64 64 64 64 64 64 64 64
The scheme of allocation = 2 2 2 4 3 0 2 3 2 1 4 7 4 0 1|1 3 2 2 0 0 1 0 0 0 1 1 1 3 3|2 4 0 2 1 2 1 2 1 2 4 4 1 2 3|3 1 3 2 3 0 0 4 1 1 3 3 0 1 3|2 4 5 0 1 2 0 0 1 1 0 3 1 2 0|2 0 2 1 4 3 3 4 0 2 0 3 3 0 6|1 5 1 1 1 3 3 2 1 3 3 2 1 2 1|0 1 1 2 1 3 4 3 1 0 2 2 1 2 1|5 2 4 4 2 9 1 1 0 3 2 0 1 2 2|2 1 0 5 0 0 1 1 2 2 2 0 2 9 1|3 0 1 0 0 2 2 1 2 3 3 1 3 3 1|2 0 2 1 1 3 2 0 2 6 2 0 0 0 3|3 0 0 3 2 4 2 0 5 1 3 4 5 1 3|1 0 3 3 4 1 3 2 1 1 0 3 1 3 3|0 3 1 2 0 4 3 1 2 0 1 1 0 2 0|2 0 0 3 3 3 4 2 3 0 1 3 0 2 3|1 2 2 2 5 3 0 5 3 7 2 0 5 0 2|3 5 2 3 2 2 3 5 3 2 3 4 2 3 1|2 4 5 3 1 2 4 1 4 2 3 2 3 2 2|1 0 5 0 2 4 0 1 3 2 0 1 3 4 0|3 2 1 2 2 0 2 2 1 1 2 3 3 3 1|3 2 4 0 3 0 4 3 4 4 3 0 5 2 4|2 3 0 4 4 0 1 0 3 1 0 1 2 2 3|2 6 2 2 2 1 0 3 4 1 1 3 5 2 2|1 3 3 1 2 0 2 6 1 6 5 6 2 1 4|1 1 2 0 5 2 1 0 1 3 5 2 3 1 0|0 0 2 2 1 2 2 3 2 1 3 3 3 1 3|2 1 0 1 1 0 3 1 2 3 0 0 1 1 1|1 3 0 1 3 0 2 0 1 0 0 1 0 0 1|3 2 4 3 2 4 0 2 4 0 1 1 3 2 4|6 0 0 2 2 2 4 2 0 4 2 0 0 3 0|2 4 5 3 1 3 4 4 4 1 3 0 0 3 2

第11个最优解：
Iter = 1702
Nfe = 85892
Fitness = 80.02544913460255
The number of total device = 960
The number of various devices = 64 64 64 64 64 64 64 64 64 64 64 64 64 64 64
The scheme of allocation = 3 1 0 1 2 0 1 3 3 0 1 1 1 3 1|5 2 4 3 2 4 2 1 3 1 4 1 5 2 1|1 4 1 2 2 5 0 4 0 1 3 1 1 1 4|0 0 6 1 1 3 2 1 2 1 2 2 2 1 1|0 0 3 0 5 1 1 1 2 2 1 0 3 3 1|0 1 0 2 4 0 5 3 1 1 2 1 2 2 1|1 1 0 5 3 1 0 4 1 2 0 4 3 1 0|3 2 2 1 2 3 9 3 1 1 2 4 1 0 2|9 4 0 1 1 5 2 2 3 2 2 3 1 3 1|0 3 4 2 6 2 3 3 2 1 1 0 2 2 0|3 7 2 1 1 1 2 0 4 1 5 4 2 2 4|2 1 1 2 3 0 5 3 1 0 0 3 2 0 0|1 3 5 1 1 3 0 1 5 3 2 0 0 4 2|1 5 2 2 1 6 1 2 1 3 4 1 5 2 4|4 2 2 1 4 1 1 2 4 4 3 1 1 4 3|0 1 3 0 2 2 3 0 0 0 2 1 4 1 2|3 1 2 4 2 1 1 2 2 2 6 2 1 3 3|2 1 0 0 4 2 2 3 6 0 1 4 3 2 10|1 0 1 3 1 4 1 1 1 1 0 2 0 2 3|1 0 0 0 2 0 0 4 1 3 2 2 2 3 2|0 1 3 3 0 1 4 1 2 1 0 3 1 0 2|4 7 0 2 1 1 0 1 1 0 1 2 2 4 2|1 1 4 5 2 2 2 3 2 2 1 0 4 0 0|1 1 1 2 0 1 0 2 3 2 2 2 2 1 3|3 3 0 3 4 4 0 2 2 1 1 2 2 1 1|4 2 4 0 0 0 2 7 2 0 1 3 0 1 0|3 1 4 3 0 0 1 0 2 1 5 1 2 2 4|2 3 1 5 1 2 2 2 1 4 0 3 2 4 0|1 0 5 1 2 2 2 0 1 4 2 2 5 3 0|2 2 3 2 3 3 4 3 1 2 3 2 0 0 3|1 0 1 4 2 2 0 0 2 15 2 4 0 1 1|2 4 0 2 0 2 6 0 2 3 3 3 3 6 3

第12个最优解：
Iter = 1818
Nfe = 91751
Fitness = 80.59006263176992
The number of total device = 960
The number of various devices = 64 64 64 64 64 64 64 64 64 64 64 64 64 64 64
The scheme of allocation = 1 3 2 0 3 6 7 0 0 1 1 3 3 0 1|1 3 4 2 2 1 0 2 1 1 2 1 3 1 3|0 2 1 4 4 2 0 3 1 2 3 0 3 2 0|2 3 1 6 2 0 0 3 2 2 2 0 3 3 8|0 0 1 1 1 1 3 3 1 3 0 14 2 5 0|3 6 1 2 4 1 0 0 3 5 2 2 4 2 2|1 5 0 1 0 3 6 3 2 1 2 1 1 1 2|3 0 7 3 2 1 1 2 3 1 2 2 3 1 3|3 2 3 2 0 5 2 1 3 2 4 3 2 3 2|2 1 4 7 3 1 2 5 3 3 2 1 4 3 3|0 4 2 1 2 4 3 2 2 3 1 2 4 0 3|2 3 6 0 5 3 0 1 2 2 1 2 2 0 1|2 4 1 3 1 2 2 1 4 2 3 1 2 3 0|4 1 2 2 1 1 2 1 0 1 2 0 3 4 1|3 1 2 0 2 1 4 1 1 1 3 1 0 3 1|0 3 1 0 4 1 0 6 0 2 2 1 1 1 3|4 2 2 2 3 1 4 1 3 2 3 1 2 3 0|0 2 2 1 4 1 2 3 1 3 2 0 1 4 1|2 2 0 1 1 0 2 1 3 0 0 2 1 0 2|2 0 4 1 0 3 1 2 6 4 6 3 1 5 1|4 0 2 2 1 4 0 0 0 3 1 1 7 0 1|1 2 2 2 1 3 3 1 3 0 1 4 0 0 4|2 3 0 5 1 4 2 2 2 1 2 4 1 1 4|2 3 0 2 0 1 1 5 2 1 2 0 1 2 1|2 1 1 4 1 2 3 1 5 2 4 2 0 4 6|2 1 3 0 1 2 1 0 1 1 0 1 2 2 0|2 0 1 3 0 3 0 1 4 3 5 0 0 0 2|4 0 1 2 3 1 2 2 0 2 0 2 0 4 0|0 2 1 0 6 2 2 4 0 4 1 3 2 0 0|5 1 2 3 1 2 1 2 4 1 2 4 3 3 1|1 2 2 1 3 2 4 0 2 4 1 2 3 2 3|4 2 3 1 2 0 4 5 0 1 2 1 0 2 5

第13个最优解：
Iter = 1785
Nfe = 90052
Fitness = 79.02696435219936
The number of total device = 960
The number of various devices = 64 64 64 64 64 64 64 64 64 64 64 64 64 64 64
The scheme of allocation = 1 1 2 2 3 4 0 3 4 2 4 0 1 5 3|2 0 3 3 5 2 3 4 4 2 2 0 0 1 0|2 2 3 1 4 2 3 3 5 1 1 5 1 1 17|2 5 1 0 2 0 1 1 2 2 2 3 2 4 3|4 2 1 5 1 1 4 2 2 1 2 1 2 0 3|2 0 1 1 4 3 2 0 1 2 2 1 1 2 2|0 1 0 11 1 1 1 1 2 4 1 3 3 2 0|2 1 4 0 2 3 2 0 0 5 1 2 4 4 0|3 1 1 2 2 2 1 4 3 0 1 0 3 6 5|6 0 1 5 0 1 0 0 2 1 2 1 2 0 2|0 5 1 0 5 1 1 0 1 1 3 1 5 2 1|1 4 1 1 4 3 3 4 0 2 3 5 3 1 0|0 1 1 0 3 1 3 2 1 2 2 3 2 4 0|1 1 1 1 3 2 0 1 3 2 0 1 3 2 1|1 1 0 1 2 0 2 4 3 2 1 4 0 0 1|1 4 2 3 0 0 1 1 2 1 1 3 4 1 0|2 2 4 0 0 3 6 1 1 2 3 1 3 1 2|3 2 3 1 0 3 3 7 3 2 3 0 3 1 0|2 2 4 3 0 3 3 3 6 5 1 4 0 1 0|1 0 4 1 1 2 1 5 1 2 3 1 1 3 0|3 3 3 2 3 0 5 3 1 3 2 4 4 0 3|1 2 2 1 0 1 4 2 3 1 3 3 1 3 2|3 0 0 4 2 2 1 1 3 1 9 1 0 4 4|4 2 1 0 3 4 1 3 0 4 1 2 3 0 4|3 3 4 1 2 1 3 1 2 2 1 2 0 0 1|4 2 5 2 3 2 1 3 1 1 0 3 0 4 1|5 5 4 1 1 2 0 1 0 1 3 5 3 5 0|0 3 2 1 0 1 4 0 1 3 1 3 2 4 1|1 3 2 2 1 1 1 0 3 0 0 0 0 1 2|1 4 0 4 0 7 1 3 1 4 3 0 1 1 3|0 0 2 4 1 5 2 0 1 0 3 0 5 0 1|3 2 1 1 6 1 1 1 2 3 0 2 2 1 2

第14个最优解：
Iter = 1730
Nfe = 87315
Fitness = 79.54637590321467
The number of total device = 960
The number of various devices = 64 64 64 64 64 64 64 64 64 64 64 64 64 64 64
The scheme of allocation = 5 0 2 1 1 3 1 2 1 3 0 2 1 7 1|2 1 1 0 1 5 3 0 1 0 0 2 1 1 3|4 2 5 3 1 0 1 2 3 1 1 2 1 0 2|3 5 1 1 5 1 3 0 2 0 3 3 0 0 0|4 3 0 9 4 2 5 5 2 1 1 2 2 0 2|2 0 3 0 1 0 2 3 2 4 1 1 4 4 3|5 1 6 1 1 3 1 1 6 2 1 1 0 0 0|1 1 1 1 0 1 2 1 1 1 0 0 2 0 1|0 2 1 2 2 1 6 0 1 2 3 4 0 2 5|0 5 1 5 1 0 3 7 2 2 0 2 7 1 3|1 0 2 0 2 0 3 1 1 0 3 3 3 3 1|5 3 4 1 1 1 1 2 3 2 2 2 0 2 2|2 4 1 0 0 3 2 4 3 1 0 2 1 0 3|0 3 2 3 2 2 1 4 1 2 0 3 1 5 0|0 2 0 3 3 6 1 3 1 5 3 0 5 2 0|0 1 2 3 7 5 2 1 2 4 3 2 2 1 1|2 1 3 4 1 4 1 4 2 0 1 3 3 1 1|1 2 2 0 0 2 3 0 4 2 5 1 0 1 1|1 3 2 2 2 3 2 1 1 4 2 0 1 1 4|0 3 2 3 1 0 0 0 2 3 2 1 3 2 3|4 2 3 3 4 1 1 3 0 1 2 1 2 2 1|3 1 0 0 4 3 1 3 2 3 1 2 2 3 3|4 2 4 2 1 2 3 0 1 3 4 2 3 3 0|1 2 2 9 0 2 4 5 3 2 1 2 3 4 4|0 2 2 2 4 1 3 3 1 1 3 0 0 6 3|0 2 2 1 1 4 3 1 2 0 4 7 2 0 2|2 2 1 1 3 0 0 2 2 2 5 2 4 0 1|3 2 0 1 2 0 3 2 4 3 3 4 2 2 2|4 3 3 1 0 4 0 0 2 2 1 1 1 3 6|3 3 3 1 4 0 1 0 2 4 2 2 2 4 1|1 0 3 1 1 1 1 2 4 3 5 2 2 1 2|1 1 0 0 4 4 1 2 0 1 2 3 4 3 3

第15个最优解：
Iter = 1698
Nfe = 85639
Fitness = 80.38346479784106
The number of total device = 960
The number of various devices = 64 64 64 64 64 64 64 64 64 64 64 64 64 64 64
The scheme of allocation = 2 3 0 1 4 3 3 0 2 3 4 1 3 2 4|1 3 0 10 2 2 0 6 2 2 0 1 1 2 3|2 1 1 2 2 3 0 3 3 1 4 4 2 3 1|1 2 0 2 2 1 0 0 1 2 0 1 1 0 1|1 4 0 1 0 0 0 2 5 2 2 5 1 3 4|4 2 1 4 2 1 4 3 1 3 4 0 3 2 3|2 8 3 0 5 2 1 1 2 4 0 2 1 2 0|3 0 5 2 0 1 4 2 1 3 2 0 1 4 2|3 0 2 3 2 1 5 4 2 2 1 4 4 0 1|0 5 3 1 4 1 2 2 1 0 3 1 1 2 3|2 2 0 1 1 2 0 3 3 1 5 3 0 4 1|3 4 4 2 2 3 4 0 0 2 2 1 10 0 4|1 0 3 4 0 3 0 0 3 2 3 0 4 3 1|3 2 4 4 0 1 1 5 2 1 0 2 0 2 2|3 2 2 2 5 0 2 1 2 1 3 4 1 2 2|1 1 2 2 3 1 3 4 0 2 1 2 1 1 1|0 2 1 1 5 2 0 3 4 0 3 0 2 2 2|3 2 1 0 2 8 5 2 5 3 2 2 4 0 2|1 2 3 1 1 1 1 0 2 6 1 2 1 1 3|0 1 2 1 1 0 4 0 2 0 1 0 0 3 0|3 0 5 2 3 3 4 7 1 2 4 5 2 2 2|5 3 2 1 3 0 1 0 3 0 5 3 4 5 0|3 2 1 4 3 7 1 1 1 3 4 4 1 2 0|4 3 3 3 4 0 6 3 2 2 0 4 2 1 5|0 0 1 1 1 3 2 3 0 3 1 2 1 0 5|2 4 2 2 1 1 6 2 1 2 0 2 4 1 2|2 2 0 2 0 3 1 2 0 0 2 3 2 4 2|0 2 0 2 1 0 1 2 1 4 1 0 1 1 0|3 1 0 1 1 3 0 0 2 3 2 1 0 3 2|3 0 3 0 1 3 0 1 3 2 2 1 3 1 3|2 1 2 1 1 3 1 1 4 2 1 1 1 2 1|1 0 8 1 2 2 2 1 3 1 1 3 2 4 2

第16个最优解：
Iter = 1601
Nfe = 80773
Fitness = 80.48355831329484
The number of total device = 960
The number of various devices = 64 64 64 64 64 64 64 64 64 64 64 64 64 64 64
The scheme of allocation = 1 7 2 4 7 2 0 2 2 4 2 5 4 2 0|1 1 5 1 1 1 3 1 0 3 1 1 0 4 3|2 0 0 2 3 1 2 1 2 1 2 1 4 1 0|0 0 3 3 2 3 2 2 4 4 1 2 1 0 2|5 3 1 3 1 2 4 2 4 0 4 0 3 0 0|0 0 3 2 2 6 1 3 4 2 2 3 2 5 1|4 0 1 1 0 1 3 2 0 0 5 1 2 1 2|1 4 2 6 1 0 0 2 3 1 4 2 4 6 3|2 1 1 4 0 2 3 1 2 4 4 1 1 1 2|2 2 3 0 1 3 2 1 0 2 1 2 1 2 2|1 2 1 0 3 3 0 3 1 0 1 2 5 2 4|1 1 1 0 1 3 1 3 2 3 2 4 0 0 2|2 2 2 3 2 2 0 1 3 6 1 1 2 3 1|2 1 1 10 3 1 2 3 3 0 2 3 2 6 1|2 2 1 0 1 4 3 1 0 4 4 3 3 2 2|2 2 2 0 0 2 1 1 1 1 3 1 3 2 2|0 0 3 2 1 1 3 3 1 1 0 2 1 1 4|0 0 2 0 1 1 6 2 3 0 3 2 1 4 3|5 5 4 2 9 3 2 3 0 2 1 4 0 1 3|0 3 2 2 1 1 1 3 2 0 2 2 2 2 3|3 3 0 0 2 3 4 3 0 2 1 1 4 1 1|1 4 2 2 4 3 3 1 3 4 2 0 1 1 0|3 2 2 1 2 1 2 6 2 6 1 0 0 1 5|5 2 2 3 3 3 4 2 3 0 1 3 0 1 1|2 1 2 0 0 3 0 1 0 1 4 1 1 2 1|1 2 0 2 0 2 1 0 7 2 0 0 2 3 5|1 4 4 9 2 1 3 1 1 0 1 1 1 0 2|4 2 1 1 2 0 0 5 2 2 4 1 3 0 4|2 1 2 0 3 2 3 3 3 3 2 1 3 3 1|2 4 5 0 1 3 1 1 2 2 0 11 2 3 0|6 2 0 0 1 0 2 0 4 3 1 1 3 2 1|1 1 4 1 4 1 2 1 0 1 2 2 3 2 3

第17个最优解：
Iter = 1839
Nfe = 92767
Fitness = 80.38789357851407
The number of total device = 960
The number of various devices = 64 64 64 64 64 64 64 64 64 64 64 64 64 64 64
The scheme of allocation = 1 0 2 3 2 0 2 0 1 3 2 1 0 2 2|3 3 2 2 2 2 3 2 2 2 1 4 4 1 1|3 4 0 0 3 1 2 1 1 1 1 1 0 2 2|0 2 5 1 1 2 2 1 1 1 0 2 4 3 4|0 2 0 6 4 1 3 4 3 2 4 3 1 5 1|1 2 2 2 4 1 3 2 1 3 2 3 0 1 0|1 2 2 5 1 0 1 2 0 2 0 3 4 2 2|2 2 0 3 4 4 4 1 2 1 3 3 4 1 1|2 3 1 2 0 0 4 0 0 3 1 5 0 2 1|0 0 2 1 2 1 2 1 3 5 1 2 4 1 1|0 2 0 1 3 0 1 4 6 1 0 3 0 4 3|4 4 3 3 1 3 1 3 2 1 1 3 6 3 5|0 3 3 4 3 1 4 1 3 2 3 2 4 2 5|3 2 1 5 0 1 0 4 2 0 1 1 1 3 2|7 3 5 3 3 1 1 1 3 1 2 3 2 1 4|0 0 0 1 0 4 2 4 2 4 2 0 1 2 5|2 3 2 1 1 2 1 3 3 2 3 0 1 2 0|1 0 1 1 0 2 1 1 2 1 3 0 3 2 1|3 0 1 2 0 1 0 3 1 2 2 0 2 2 0|3 1 3 1 2 8 3 1 1 2 1 2 1 2 0|1 3 2 0 2 1 0 3 4 2 5 2 0 2 2|0 2 2 0 0 2 4 1 0 0 0 2 2 1 2|4 1 2 1 0 4 0 1 0 0 3 2 0 2 0|5 1 2 2 2 4 1 2 2 2 4 0 2 2 3|3 2 5 4 1 1 2 2 2 1 1 2 1 1 4|0 2 3 0 3 2 0 0 7 5 1 5 2 2 3|0 2 2 2 3 1 2 2 3 1 6 2 3 2 4|2 4 1 1 2 2 3 2 2 2 0 3 4 3 2|4 5 4 1 2 2 3 1 2 2 2 2 1 0 1|3 2 1 2 4 0 2 1 0 2 2 0 4 2 1|3 2 2 4 7 1 2 4 0 4 0 0 0 2 2|3 0 3 0 2 9 5 6 3 4 7 3 3 2 0

第18个最优解：
Iter = 1463
Nfe = 73912
Fitness = 79.96875160931302
The number of total device = 960
The number of various devices = 64 64 64 64 64 64 64 64 64 64 64 64 64 64 64
The scheme of allocation = 3 2 2 1 2 1 1 0 4 0 0 1 1 2 2|3 3 0 2 1 1 1 5 3 2 3 4 2 1 5|2 2 1 3 2 1 1 0 2 8 5 4 3 4 3|2 2 2 1 3 0 2 3 2 1 1 3 1 1 1|1 3 0 7 4 3 5 2 3 0 9 2 3 3 1|3 0 0 0 3 1 2 2 1 2 1 2 2 3 1|2 0 3 1 2 2 3 3 4 0 2 1 3 1 3|2 2 1 0 4 1 2 1 2 2 1 4 4 3 0|1 1 4 1 0 0 6 0 5 1 2 2 4 2 0|0 5 2 3 3 10 4 1 3 4 3 2 1 0 3|4 1 6 2 2 4 0 5 4 3 3 2 3 5 2|3 0 2 1 2 2 1 1 1 1 4 2 1 2 3|2 1 2 1 2 2 3 1 0 5 1 0 2 2 0|2 1 3 0 2 1 2 2 1 0 0 1 2 2 3|4 1 3 4 6 6 3 2 0 1 2 2 3 0 1|2 1 0 6 1 1 1 1 1 0 1 2 1 2 3|1 3 4 3 1 1 4 5 0 2 0 2 2 0 0|2 1 1 2 2 5 1 1 0 2 2 4 1 2 2|1 0 3 8 0 2 1 2 2 5 3 2 0 2 1|1 0 0 4 0 1 3 0 6 3 2 3 0 2 0|6 4 2 1 2 0 1 2 4 0 0 3 0 1 1|5 3 1 0 7 2 0 1 4 1 1 3 3 2 3|0 2 1 1 2 1 3 5 1 3 0 2 2 1 0|0 8 2 2 2 3 1 2 0 2 1 2 2 4 8|1 2 1 0 0 1 0 5 1 0 2 1 2 1 1|2 1 1 3 2 0 1 2 0 6 3 3 1 2 4|3 2 3 3 1 0 0 4 3 1 0 2 4 0 3|2 1 5 0 3 3 1 1 0 2 5 1 2 2 0|1 4 5 3 2 4 5 1 4 3 0 1 3 4 0|1 1 1 1 0 0 3 1 2 4 1 1 3 2 4|1 2 2 0 0 2 1 2 1 0 3 0 1 2 2|1 5 1 0 1 3 2 1 0 0 3 0 2 4 4

第19个最优解：
Iter = 1838
Nfe = 92698
Fitness = 79.52332775519592
The number of total device = 960
The number of various devices = 64 64 64 64 64 64 64 64 64 64 64 64 64 64 64
The scheme of allocation = 1 2 0 4 1 4 5 2 2 2 4 1 4 2 5|1 3 1 2 3 1 0 2 2 3 3 2 0 2 1|6 3 1 0 3 0 1 5 2 1 3 2 1 1 3|2 4 2 0 3 1 1 1 3 0 1 1 2 0 3|4 1 2 3 3 3 5 5 3 1 0 3 3 1 0|3 0 3 2 2 1 1 1 3 2 0 2 2 5 1|3 4 5 2 3 3 0 1 1 2 2 5 0 2 3|0 3 0 2 0 2 2 4 2 1 1 5 2 2 2|1 1 1 2 0 7 2 0 3 4 5 0 0 4 4|1 4 2 1 0 3 4 0 1 3 1 1 2 1 3|3 0 0 1 1 3 3 3 1 0 4 2 4 1 0|2 0 6 0 3 4 3 1 1 2 2 3 1 1 2|2 1 2 2 3 1 1 1 3 1 2 1 2 2 1|0 1 0 3 0 5 1 7 1 1 4 0 0 1 2|2 0 1 1 0 3 1 1 1 3 3 1 3 1 2|2 2 4 0 5 1 3 5 1 5 3 2 3 1 1|2 1 1 2 2 0 1 3 2 0 3 9 3 8 2|0 3 6 0 6 3 2 4 0 3 2 0 4 1 2|3 3 9 3 1 0 0 2 0 0 3 3 1 2 2|6 4 0 2 0 1 2 3 0 2 0 2 1 0 3|0 2 4 4 3 1 4 1 2 3 2 1 2 4 1|2 1 3 1 3 1 3 3 3 0 2 3 0 2 2|3 0 2 0 1 3 5 2 2 4 2 2 3 0 3|3 1 1 2 0 1 3 0 3 1 2 1 1 4 1|1 2 1 4 3 1 0 0 4 0 0 1 1 2 0|1 2 0 0 4 3 1 1 1 3 0 2 0 2 1|0 2 2 5 1 1 0 3 6 2 3 1 6 0 1|2 4 0 2 3 0 1 0 6 0 1 2 1 0 3|3 4 0 1 0 3 1 2 1 5 1 3 0 0 0|1 2 3 2 1 1 1 0 0 3 1 1 4 4 1|1 1 1 4 4 2 5 0 1 2 1 2 5 3 7|3 3 1 7 2 1 2 1 3 5 3 0 3 5 2

第20个最优解：
Iter = 1793
Nfe = 90450
Fitness = 80.12874559493889
The number of total device = 960
The number of various devices = 64 64 64 64 64 64 64 64 64 64 64 64 64 64 64
The scheme of allocation = 1 1 0 5 4 6 2 1 3 3 2 2 1 2 0|4 1 0 2 1 2 1 0 3 0 3 4 4 3 1|1 0 2 0 1 1 3 2 0 0 5 3 6 1 0|1 6 4 1 5 0 0 3 3 3 3 1 0 2 4|4 0 1 4 2 0 1 3 0 1 1 3 0 2 1|0 3 2 4 3 3 4 0 2 2 5 1 2 2 1|2 1 1 1 3 1 2 3 6 0 2 6 5 0 3|0 2 3 3 0 3 0 5 2 4 3 2 2 3 4|3 2 7 2 1 0 1 1 5 1 4 3 1 5 2|3 0 4 0 1 4 0 1 1 5 2 0 1 1 0|6 3 1 3 0 1 7 0 3 2 0 2 4 1 2|2 1 2 3 2 1 2 2 4 2 0 3 4 1 5|0 1 3 1 1 4 2 6 2 2 3 0 1 2 3|3 1 2 4 1 0 1 1 1 3 3 2 3 0 4|1 1 2 1 3 1 1 1 1 0 1 4 0 0 1|2 1 1 2 5 4 2 2 3 1 2 1 5 2 0|2 5 3 3 3 0 1 3 6 3 3 1 1 4 1|3 7 2 0 4 8 2 3 0 5 1 2 2 2 1|3 4 2 2 4 2 2 0 2 2 2 3 2 3 6|3 3 1 5 2 2 3 4 0 3 3 2 0 1 5|0 2 1 0 2 2 0 3 0 0 3 4 1 2 1|2 1 0 1 2 1 0 1 2 0 0 1 3 4 1|2 0 1 2 2 3 2 2 0 3 2 1 2 1 2|3 2 1 2 2 2 1 1 2 2 1 0 1 3 7|2 2 1 2 0 4 3 2 2 3 3 1 0 1 2|1 2 4 1 1 0 3 0 1 3 2 1 1 3 1|4 1 0 0 1 4 3 1 2 1 2 1 0 4 2|0 3 2 1 0 3 5 2 0 1 0 1 0 3 0|1 1 3 1 1 0 5 0 1 2 1 2 10 2 1|2 3 1 4 2 2 2 2 1 1 0 1 0 3 1|3 2 3 1 3 0 2 8 3 3 0 2 0 0 0|0 2 4 3 2 0 1 1 3 3 2 4 2 1 2

第21个最优解：
Iter = 1377
Nfe = 69578
Fitness = 79.19019320480267
The number of total device = 960
The number of various devices = 64 64 64 64 64 64 64 64 64 64 64 64 64 64 64
The scheme of allocation = 3 0 3 4 1 1 2 1 4 0 1 0 0 0 1|1 2 1 0 0 0 5 2 2 2 3 3 4 0 3|3 2 2 2 2 3 1 5 2 5 8 2 1 4 2|4 2 2 0 3 2 1 0 0 2 2 3 0 1 1|2 4 1 5 2 2 0 4 1 1 2 0 0 1 4|0 1 4 6 0 2 4 5 0 1 0 1 2 3 2|0 7 4 0 2 3 1 2 2 2 1 0 3 6 2|1 1 2 1 3 2 1 2 1 3 0 3 2 5 0|4 0 1 1 2 2 1 2 1 7 1 2 3 0 0|0 3 4 2 2 1 2 3 2 1 2 4 1 1 0|4 1 1 4 2 1 1 4 2 0 3 2 2 1 2|4 5 2 4 1 5 0 0 2 3 4 2 2 2 2|1 0 2 4 4 2 2 1 0 1 1 8 2 1 4|1 2 5 3 1 3 2 1 0 1 2 1 2 0 2|4 4 3 1 3 1 1 3 4 1 1 5 0 1 1|2 0 2 0 2 2 4 1 5 0 4 0 1 4 0|1 0 2 5 1 2 2 2 2 6 2 1 3 0 0|2 2 1 1 0 2 7 2 2 4 0 3 1 4 4|0 4 3 3 0 3 0 0 2 3 3 1 2 1 0|1 0 2 1 8 3 4 0 1 1 1 0 4 4 2|4 2 2 2 5 1 3 2 3 2 3 1 1 13 3|2 0 0 1 2 0 1 3 2 1 2 4 3 0 1|1 2 0 1 3 5 0 2 4 2 2 0 2 1 1|1 2 0 0 2 4 2 0 7 5 2 2 2 1 2|2 1 4 2 0 1 3 2 1 1 1 4 7 0 2|3 4 2 2 1 2 2 2 2 0 0 4 2 2 2|3 3 1 1 0 3 2 2 1 2 3 0 2 2 0|2 0 2 3 1 1 2 2 0 2 1 1 6 0 3|3 1 2 1 3 3 2 4 2 0 0 2 1 4 5|3 1 1 1 1 1 2 1 2 5 6 0 0 0 3|0 6 0 1 5 1 0 2 1 0 2 4 1 0 5|2 2 3 2 2 0 4 2 4 0 1 1 2 2 5

第22个最优解：
Iter = 1497
Nfe = 75588
Fitness = 80.55411924043459
The number of total device = 960
The number of various devices = 64 64 64 64 64 64 64 64 64 64 64 64 64 64 64
The scheme of allocation = 2 1 2 0 4 0 0 2 2 1 2 3 1 3 0|3 3 2 2 1 3 2 2 2 0 0 3 2 4 0|4 5 3 1 0 4 3 1 3 0 1 0 3 1 2|3 1 1 1 3 4 0 5 1 3 2 1 5 1 1|1 2 7 3 4 2 5 3 2 3 4 2 3 2 0|3 3 2 0 2 1 3 3 1 1 2 1 0 3 2|4 3 2 5 0 1 3 1 3 0 3 0 3 0 2|4 3 0 1 1 3 2 2 1 4 4 3 2 2 2|1 4 0 2 3 0 0 1 3 2 3 2 3 3 2|2 1 2 0 1 2 2 2 1 1 3 6 4 2 4|2 2 0 3 0 1 2 2 3 5 3 0 0 2 5|2 2 0 0 0 7 0 3 3 0 1 0 3 1 3|1 1 2 0 3 0 1 1 2 0 0 2 0 5 2|2 1 3 11 1 1 0 1 1 1 1 2 1 1 5|2 2 0 4 6 3 3 6 2 2 3 1 2 3 5|2 3 3 1 0 2 2 3 2 5 4 1 1 6 2|2 3 2 6 3 2 1 3 0 1 2 1 5 0 4|1 2 1 1 2 4 0 2 4 2 3 2 4 2 4|0 0 3 3 2 2 5 3 1 1 1 9 1 3 1|0 1 1 0 1 0 0 2 0 2 2 0 1 2 1|3 3 3 3 3 1 1 1 2 1 0 3 1 4 6|1 2 2 1 1 1 1 1 2 4 2 3 4 2 0|2 2 1 2 2 0 6 4 3 2 4 0 1 1 0|4 0 3 0 3 0 0 0 2 2 1 0 1 1 0|1 6 1 0 2 4 2 2 1 3 0 0 2 0 1|2 0 5 2 2 2 1 1 2 2 1 0 1 2 2|2 0 1 1 1 3 5 2 6 1 2 2 1 3 0|5 2 2 3 3 2 3 0 3 0 4 1 5 2 0|0 0 0 1 2 1 2 0 2 4 1 2 0 2 3|1 0 5 3 4 1 5 2 2 3 2 4 1 0 2|1 3 3 1 1 5 2 3 0 6 1 1 1 1 3|1 3 2 3 3 2 2 0 2 2 2 9 2 0 0

第23个最优解：
Iter = 1841
Nfe = 92833
Fitness = 78.91730691141154
The number of total device = 960
The number of various devices = 64 64 64 64 64 64 64 64 64 64 64 64 64 64 64
The scheme of allocation = 0 0 1 1 0 3 4 6 0 0 3 1 4 3 2|1 1 5 2 1 11 1 4 2 1 2 2 0 0 3|3 3 1 1 3 2 4 0 2 3 2 1 0 0 0|1 2 1 3 1 2 2 2 1 2 2 1 5 1 3|0 0 4 0 0 0 3 1 3 4 2 5 1 1 0|1 2 3 3 1 6 3 4 3 5 2 3 2 4 1|2 2 0 1 1 4 3 1 2 2 5 0 2 3 1|1 2 3 2 5 2 3 0 1 0 1 0 2 1 1|2 6 0 0 1 1 0 0 1 0 2 2 2 4 2|2 1 2 0 3 1 0 3 2 1 0 5 2 0 1|2 3 0 1 0 0 1 3 3 2 1 0 0 1 2|1 1 5 1 2 1 0 2 1 8 0 2 2 4 2|1 1 0 1 1 3 1 1 2 1 0 2 1 3 1|3 6 3 1 4 2 4 2 6 2 1 1 2 1 3|5 0 3 0 2 1 5 1 2 4 0 12 1 1 1|4 3 1 2 0 1 6 1 2 1 0 2 6 2 2|1 0 6 1 0 4 2 6 3 1 3 2 2 3 1|2 1 0 4 3 0 1 4 3 5 4 3 3 0 3|1 2 4 3 1 2 0 2 3 2 1 1 3 2 1|2 5 0 3 2 1 1 2 0 1 2 1 4 8 2|1 4 0 4 1 2 2 1 1 2 1 2 3 1 5|3 7 4 0 4 1 1 1 2 2 2 0 3 1 2|1 1 1 2 4 1 0 2 3 1 3 1 1 0 5|0 5 1 1 3 0 4 3 1 1 1 0 3 4 1|1 2 3 8 3 0 2 2 0 0 1 0 0 2 3|6 1 0 8 2 0 3 3 3 2 3 4 3 5 5|2 0 2 3 3 4 4 0 1 1 1 3 0 3 3|1 1 2 0 1 2 1 2 0 0 6 1 1 1 1|2 0 4 5 3 1 1 3 1 3 7 1 1 2 0|3 0 1 0 5 1 1 0 5 1 2 2 1 2 1|3 1 0 1 2 5 0 1 4 2 4 3 3 1 1|6 1 4 2 2 0 1 1 1 4 0 1 1 0 5

第24个最优解：
Iter = 1922
Nfe = 96908
Fitness = 78.73144931108553
The number of total device = 960
The number of various devices = 64 64 64 64 64 64 64 64 64 64 64 64 64 64 64
The scheme of allocation = 4 0 1 3 0 5 1 5 0 2 3 2 2 2 2|7 1 0 2 1 7 3 1 1 2 1 4 2 2 1|0 1 3 1 1 0 3 2 4 0 4 1 2 0 2|3 1 1 4 0 0 3 3 0 2 0 2 3 6 3|2 2 1 2 1 3 2 0 2 2 5 2 1 1 1|3 4 0 2 2 2 2 1 2 2 4 1 7 1 0|2 0 1 1 0 2 1 3 1 2 2 1 1 1 3|2 2 1 0 0 2 1 3 1 1 1 2 3 0 5|0 1 2 1 2 0 1 2 4 4 3 2 4 3 0|0 3 4 4 3 1 1 2 0 3 5 2 0 0 2|2 5 0 1 0 3 3 2 3 0 0 3 2 1 5|0 4 6 2 7 3 5 2 2 1 3 5 0 2 2|2 1 2 0 2 4 2 2 1 2 0 2 9 0 1|1 2 0 5 2 2 1 0 1 10 1 2 1 2 3|2 0 3 3 4 1 1 2 3 4 1 3 0 4 2|3 2 4 3 1 1 5 1 4 2 2 2 4 1 4|6 2 4 1 0 2 3 3 4 3 3 0 1 0 3|2 1 1 1 0 3 3 2 1 2 0 0 3 3 3|0 1 1 0 0 2 2 2 5 2 3 3 1 4 1|3 2 0 4 1 7 1 3 0 3 0 0 1 2 3|1 2 4 0 0 0 1 3 0 1 5 1 0 2 0|5 1 6 1 2 1 1 2 2 2 5 1 4 9 2|0 2 2 3 2 2 4 1 3 2 4 2 2 1 3|3 0 0 2 12 4 1 1 1 0 2 6 0 3 1|1 4 3 2 0 3 2 3 0 3 1 2 2 3 1|0 7 3 7 3 0 0 1 3 0 0 2 5 0 1|0 6 2 2 4 2 2 2 2 2 2 1 0 3 0|1 0 1 0 4 0 2 1 3 0 0 2 0 1 6|2 1 0 0 2 0 1 1 2 1 0 2 0 4 2|0 2 5 4 4 1 0 2 4 3 1 3 1 0 0|3 3 0 1 0 0 4 4 0 1 2 2 1 1 1|4 1 3 2 4 1 2 2 5 0 1 1 2 2 1

第25个最优解：
Iter = 1611
Nfe = 81400
Fitness = 79.28106493258852
The number of total device = 960
The number of various devices = 64 64 64 64 64 64 64 64 64 64 64 64 64 64 64
The scheme of allocation = 0 2 0 0 1 4 2 2 8 3 3 0 2 1 2|1 2 2 1 3 2 4 2 1 8 3 3 2 3 2|1 5 1 1 2 0 1 4 3 3 4 1 0 1 0|2 2 0 4 0 0 2 2 1 0 4 5 4 2 0|0 0 0 2 4 1 0 2 1 2 2 1 6 3 2|4 2 0 6 2 0 2 0 3 5 1 1 4 4 1|3 2 2 2 2 3 3 0 1 2 6 0 1 2 7|0 4 1 3 1 4 4 5 1 0 1 3 2 1 4|3 2 8 1 3 3 2 3 3 3 2 2 3 0 0|1 1 2 4 0 0 5 3 4 2 1 0 2 1 1|0 3 1 2 2 0 2 0 0 2 4 1 4 2 1|2 1 1 2 3 2 1 1 0 1 0 2 7 3 1|1 1 1 1 0 2 2 3 3 5 6 3 1 0 1|2 2 4 3 2 4 2 3 0 0 0 0 0 2 0|3 3 3 1 1 5 0 0 1 4 1 2 1 2 3|0 3 3 1 1 5 1 1 1 3 1 2 2 1 2|5 2 4 1 0 2 0 2 2 0 1 3 3 1 4|1 2 2 0 2 0 0 0 3 0 5 5 0 6 1|1 1 0 3 2 1 3 3 2 0 1 0 0 1 2|2 3 5 0 3 1 0 0 1 1 0 1 0 3 1|1 2 2 6 3 2 0 1 1 2 1 1 2 4 2|5 3 2 0 1 1 1 0 1 0 1 2 2 0 6|5 2 0 1 1 4 2 2 3 2 2 1 0 3 1|2 1 1 3 5 1 4 1 0 1 0 4 2 2 0|1 1 2 3 0 1 2 3 2 2 6 2 2 2 3|6 4 3 1 0 2 2 7 1 3 2 2 1 5 0|4 0 1 5 2 1 3 2 1 1 0 4 3 1 1|3 2 5 1 5 4 0 0 3 0 1 0 3 0 5|0 2 2 1 3 2 0 1 4 4 1 3 0 2 1|4 3 2 2 4 2 4 3 4 3 0 5 3 4 5|0 1 3 2 3 3 2 4 4 1 2 0 1 1 2|1 0 1 1 3 2 8 4 1 1 2 5 1 1 3

第26个最优解：
Iter = 1400
Nfe = 70744
Fitness = 79.73312276403479
The number of total device = 960
The number of various devices = 64 64 64 64 64 64 64 64 64 64 64 64 64 64 64
The scheme of allocation = 1 1 4 1 0 2 4 0 2 3 0 0 4 3 1|1 1 1 1 6 1 2 1 3 1 2 6 0 7 0|1 6 4 4 2 1 3 5 2 2 3 0 0 2 1|4 0 0 0 2 4 2 1 3 0 2 0 2 4 3|1 0 2 4 1 0 0 2 4 2 1 2 2 2 3|2 1 2 1 0 3 2 3 0 3 0 1 5 0 1|3 2 2 1 1 1 2 3 3 3 4 4 1 3 2|1 2 1 1 0 1 2 1 4 6 2 2 3 1 2|3 8 3 1 1 0 4 0 0 4 3 5 0 2 1|3 4 1 2 0 1 0 2 1 0 4 1 2 2 4|2 0 3 5 1 2 1 5 2 1 0 0 1 4 1|3 1 1 1 3 1 6 5 4 1 5 0 0 2 0|1 0 1 1 2 5 1 0 2 3 1 1 0 0 1|1 1 2 3 2 2 2 2 0 2 1 0 5 3 3|4 3 3 5 2 5 2 3 4 1 1 1 3 1 2|4 5 4 2 0 0 2 2 1 3 2 4 3 0 6|2 4 1 3 2 1 1 0 1 2 0 4 1 3 1|1 0 3 2 17 6 2 1 1 0 2 6 4 2 5|5 0 0 2 3 0 0 4 3 1 5 1 2 1 1|1 0 1 4 0 0 4 5 2 1 0 0 0 1 3|1 1 0 3 1 0 1 0 5 5 0 4 1 2 0|0 0 2 3 1 4 3 1 3 1 3 4 3 1 1|5 3 3 3 2 0 1 0 1 0 3 3 3 2 3|3 2 4 1 1 3 3 2 1 2 1 1 4 2 4|1 3 1 2 0 3 1 1 1 1 6 0 2 1 1|1 0 1 1 2 2 1 1 0 0 3 3 1 0 1|3 1 0 3 3 5 2 5 3 1 2 2 5 0 1|1 2 2 2 2 2 4 1 1 1 0 3 1 2 3|1 2 2 0 0 1 4 1 1 1 1 0 0 2 1|3 5 3 0 2 1 0 1 3 3 0 1 2 1 3|0 2 2 2 4 2 1 2 1 7 3 4 2 2 3|1 4 5 0 1 5 1 4 2 3 4 1 2 6 2

第27个最优解：
Iter = 1884
Nfe = 94944
Fitness = 79.79068388216156
The number of total device = 960
The number of various devices = 64 64 64 64 64 64 64 64 64 64 64 64 64 64 64
The scheme of allocation = 2 2 2 1 1 2 0 4 1 2 3 5 4 1 2|0 1 3 3 1 2 0 1 1 4 3 2 2 2 3|1 1 4 3 4 1 3 2 0 5 4 0 1 0 3|0 3 3 2 1 0 2 0 1 1 3 1 0 3 4|3 4 1 0 4 5 1 2 2 2 0 0 2 4 1|2 0 4 1 2 0 1 6 2 2 2 3 2 5 4|2 1 0 0 3 0 1 0 4 2 2 1 3 0 0|4 2 3 2 3 5 0 0 2 1 3 0 1 3 0|2 1 0 0 5 2 1 4 3 3 1 0 2 0 2|1 3 3 4 4 8 3 4 1 2 0 2 2 3 1|4 4 1 2 3 0 0 2 5 1 2 1 0 2 4|1 3 1 4 0 0 2 1 1 3 2 5 3 3 2|0 0 1 3 3 6 1 2 5 3 1 1 1 1 3|5 3 0 3 2 2 5 2 3 2 4 2 1 4 1|0 2 5 4 0 2 8 2 1 2 1 3 0 0 0|1 2 3 3 1 2 2 1 1 4 3 2 1 0 3|0 6 2 1 2 3 4 2 1 0 1 1 5 2 3|2 3 2 3 2 1 1 1 4 0 1 2 3 1 1|4 2 2 1 2 2 2 1 1 1 1 2 2 1 1|6 0 2 0 0 3 4 0 2 0 0 4 0 3 1|0 3 9 1 2 2 0 0 1 4 2 0 1 1 1|2 5 0 3 4 2 2 3 2 0 3 1 3 6 1|5 2 2 4 2 0 5 6 2 5 3 2 0 2 2|1 0 3 1 0 1 3 2 2 2 2 2 0 3 1|0 4 1 2 3 0 1 3 4 1 1 2 1 3 3|0 0 0 2 1 3 1 2 1 2 1 3 6 4 2|3 2 0 2 1 1 0 2 1 0 2 2 3 1 5|5 0 3 0 2 1 0 4 0 3 3 2 2 2 2|2 0 2 3 0 0 3 2 4 3 5 2 3 2 2|1 0 0 2 1 2 2 2 4 3 1 5 1 2 2|2 0 1 3 2 2 5 0 1 1 0 4 1 0 3|3 5 1 1 3 4 1 1 1 0 4 2 8 0 1

第28个最优解：
Iter = 1539
Nfe = 77711
Fitness = 80.59555869219406
The number of total device = 960
The number of various devices = 64 64 64 64 64 64 64 64 64 64 64 64 64 64 64
The scheme of allocation = 2 2 6 1 1 2 4 0 1 2 5 4 1 1 0|0 0 4 3 1 3 2 3 3 3 2 2 1 0 1|2 4 2 0 2 0 6 3 2 3 1 4 4 2 2|2 6 1 3 2 0 5 4 2 4 3 1 0 1 2|1 2 1 2 0 1 1 1 2 0 6 1 3 1 2|4 4 4 6 3 2 0 0 5 2 2 0 1 3 0|1 5 6 2 1 3 1 3 2 1 3 2 0 2 4|2 3 0 0 3 2 0 1 1 1 2 2 3 2 1|0 3 2 1 1 2 4 2 1 3 2 4 3 2 2|0 3 0 2 3 2 5 2 2 4 2 2 5 2 3|3 2 0 5 4 3 0 1 2 0 3 1 3 1 2|1 1 1 1 1 0 0 1 2 1 0 0 3 3 8|1 2 1 4 5 2 1 1 1 5 1 3 2 0 0|0 2 0 1 1 1 2 1 7 5 2 4 2 1 7|4 3 1 0 3 0 3 4 0 1 4 2 2 4 1|1 2 3 0 4 2 2 1 0 1 1 0 3 1 3|5 0 1 5 0 2 0 1 4 2 1 3 1 7 0|3 0 2 3 1 0 0 1 1 1 2 0 2 0 2|0 0 3 0 0 1 5 2 0 0 1 5 1 1 2|3 3 2 0 1 6 2 3 2 2 0 2 2 2 2|2 2 1 5 3 0 4 6 2 1 0 0 1 2 4|6 2 0 2 1 3 2 2 2 0 2 2 2 3 0|4 2 2 2 6 5 2 5 3 2 3 1 1 2 2|5 0 1 0 1 2 0 0 3 3 2 3 2 0 3|3 2 2 2 2 1 1 3 2 2 1 5 1 3 4|1 0 6 4 2 1 0 1 1 2 1 1 1 4 0|2 0 1 2 3 1 1 3 2 2 0 3 0 2 3|0 2 0 4 4 1 3 0 1 5 2 0 3 4 1|1 3 2 0 2 6 2 4 3 1 2 2 2 2 0|2 1 2 1 0 1 1 2 1 2 3 2 4 1 1|1 0 2 1 0 4 3 1 3 2 0 2 2 3 1|2 3 5 2 3 5 2 2 1 1 5 1 3 2 1

第29个最优解：
Iter = 1884
Nfe = 95020
Fitness = 79.55288683105712
The number of total device = 960
The number of various devices = 64 64 64 64 64 64 64 64 64 64 64 64 64 64 64
The scheme of allocation = 1 1 4 1 3 4 1 2 1 7 4 1 1 7 5|6 2 2 3 0 8 1 5 3 1 0 1 0 2 0|2 2 3 0 0 5 3 0 2 3 3 5 0 0 0|1 1 3 4 2 1 1 0 2 5 0 3 0 1 0|2 3 0 2 2 0 0 0 1 4 0 2 0 2 4|3 2 3 1 2 3 1 1 4 1 2 1 4 4 5|3 3 0 1 3 2 2 3 1 3 2 1 2 2 2|1 1 3 0 2 1 3 5 2 0 2 0 2 0 2|2 1 8 0 0 2 2 6 2 2 6 1 1 2 0|2 2 1 1 3 2 1 2 1 2 4 1 2 4 1|4 5 0 5 1 0 2 0 1 0 4 1 3 1 4|1 3 3 4 0 7 2 2 0 1 3 1 0 2 3|0 2 1 2 2 1 0 0 0 2 0 2 2 3 1|4 2 3 3 4 1 2 1 2 1 2 4 3 5 3|1 2 1 2 3 1 3 1 0 2 0 6 1 1 0|2 4 2 0 1 0 4 0 1 2 1 0 3 2 4|2 1 1 4 3 2 4 3 1 2 2 2 1 1 4|3 0 3 3 4 2 3 3 5 3 2 4 2 2 1|3 2 2 1 1 0 5 2 4 0 1 1 1 3 0|0 2 3 1 1 0 1 2 1 4 7 3 1 1 1|3 2 2 2 1 1 1 1 1 1 6 3 3 1 2|1 3 5 1 0 1 2 0 4 2 0 3 2 2 4|1 2 0 6 3 7 2 2 4 0 0 4 2 2 1|2 4 2 1 5 4 2 7 2 1 5 1 3 1 0|0 3 2 2 2 1 2 2 1 1 2 0 2 5 2|3 2 0 4 1 1 1 3 2 2 1 0 3 1 0|0 0 1 1 1 1 1 1 1 2 0 1 5 2 4|3 2 0 3 2 0 3 1 2 0 2 1 3 1 0|3 1 1 2 9 4 1 3 11 0 0 2 3 0 4|1 1 2 3 1 0 3 0 0 1 0 4 2 3 0|2 1 2 0 0 1 3 5 1 5 3 4 3 0 5|2 2 1 1 2 1 2 1 1 4 0 1 4 1 2

第30个最优解：
Iter = 1876
Nfe = 94572
Fitness = 79.6771904386524
The number of total device = 960
The number of various devices = 64 64 64 64 64 64 64 64 64 64 64 64 64 64 64
The scheme of allocation = 1 2 2 3 0 3 4 4 4 2 1 1 0 3 1|0 4 4 1 0 2 4 1 2 1 3 4 0 2 8|1 1 3 1 3 2 2 3 1 0 0 1 0 0 4|1 1 2 1 2 5 2 2 3 1 0 2 3 3 4|0 2 1 2 5 1 0 1 2 2 2 2 2 4 1|1 2 2 4 2 4 3 1 0 4 2 0 2 5 3|0 2 2 3 2 0 2 1 1 3 4 2 2 2 1|3 5 7 4 2 8 0 3 3 1 0 0 2 2 1|2 0 2 0 2 0 2 2 1 4 0 5 2 3 1|3 1 1 1 1 2 2 1 3 3 6 2 3 1 3|3 2 3 1 0 1 5 1 0 3 2 5 0 0 0|3 4 0 4 2 5 7 1 1 0 1 2 5 1 0|3 0 2 1 1 2 1 3 1 0 5 2 3 2 0|1 4 2 5 1 0 4 2 5 3 2 1 0 3 3|3 2 2 2 4 0 0 0 0 1 1 1 3 5 3|3 1 2 1 2 0 3 1 4 1 4 4 3 1 2|1 1 5 2 4 2 2 2 3 0 3 2 4 2 2|2 2 0 2 3 2 2 2 2 1 2 0 1 4 2|3 4 1 0 3 2 0 4 2 0 4 2 3 1 0|5 2 2 2 2 0 0 5 1 2 2 6 0 4 2|1 4 0 1 3 1 0 0 1 1 3 3 0 0 1|2 5 5 3 1 1 1 3 4 4 1 5 4 1 3|5 0 0 4 1 3 1 1 0 4 1 2 3 3 2|1 0 1 1 2 2 3 0 2 2 2 1 0 1 0|2 0 2 1 2 1 1 6 2 0 1 0 0 1 7|2 8 2 5 0 0 1 5 0 3 2 0 0 0 0|5 2 3 1 2 3 0 0 1 4 3 0 7 1 0|2 0 2 2 2 0 1 2 1 3 1 3 2 0 2|0 0 0 1 2 4 1 1 5 1 1 2 1 4 4|1 0 1 1 4 3 5 2 5 3 2 1 1 1 0|3 1 2 4 4 3 2 2 1 4 1 3 2 3 2|1 2 1 0 0 2 3 2 3 3 2 0 6 1 2

第31个最优解：
Iter = 1400
Nfe = 70716
Fitness = 79.13007361309086
The number of total device = 960
The number of various devices = 64 64 64 64 64 64 64 64 64 64 64 64 64 64 64
The scheme of allocation = 1 1 3 0 0 1 2 3 1 0 0 1 4 4 0|3 4 5 1 0 3 1 1 1 2 1 1 6 9 1|4 0 1 0 1 1 2 3 2 3 2 5 3 1 4|2 0 2 5 2 1 2 2 3 1 2 3 1 2 5|2 1 5 1 3 4 0 1 0 0 0 0 1 1 1|4 1 0 4 7 2 1 2 1 3 0 0 5 1 1|0 2 2 1 1 6 3 2 0 2 0 1 3 2 4|2 6 3 1 0 2 2 2 4 0 3 0 2 1 0|8 2 1 1 1 1 4 2 2 4 6 3 1 2 6|4 3 1 4 4 3 1 0 3 4 4 0 2 2 0|3 0 0 0 0 2 4 3 6 1 1 4 1 4 3|1 2 2 1 0 4 1 0 0 2 1 1 2 1 3|6 3 0 1 1 2 1 4 2 3 1 0 2 1 2|2 2 4 4 2 4 3 2 2 2 1 2 2 1 4|2 3 1 2 0 1 0 3 4 1 0 6 5 1 0|1 2 1 1 1 2 4 2 1 1 3 1 3 5 5|1 2 0 6 2 6 3 4 6 4 3 1 2 0 0|0 3 1 4 2 2 4 0 0 1 7 1 0 6 0|1 4 1 1 5 0 3 0 1 4 0 2 2 2 5|1 1 3 1 1 3 1 0 2 0 0 1 1 2 2|2 1 2 2 2 0 1 2 5 4 3 0 4 0 4|0 4 5 1 0 0 2 2 1 1 4 0 2 1 0|0 3 1 4 1 0 2 1 4 1 3 4 0 2 3|1 2 4 1 2 0 4 2 1 3 3 2 1 1 2|3 0 0 2 0 1 2 1 1 5 4 0 1 1 1|2 1 3 1 4 2 1 2 2 0 1 6 0 3 0|2 0 3 2 2 0 2 3 3 2 1 6 1 1 0|0 2 0 3 3 4 2 1 1 2 3 2 2 2 3|2 5 0 3 2 3 1 2 3 0 4 0 0 2 0|1 2 2 4 1 1 2 4 1 1 2 2 3 1 3|2 0 3 1 5 2 1 5 0 5 0 3 1 2 2|1 2 5 1 9 1 2 3 1 2 1 6 1 0 0

第32个最优解：
Iter = 1451
Nfe = 73328
Fitness = 79.3635366294113
The number of total device = 960
The number of various devices = 64 64 64 64 64 64 64 64 64 64 64 64 64 64 64
The scheme of allocation = 1 0 1 1 0 2 0 3 3 0 1 2 4 1 3|2 0 0 3 1 1 1 2 0 1 1 3 3 2 1|3 3 1 0 1 0 4 1 0 6 3 1 1 3 1|0 2 1 1 4 1 0 0 2 3 3 3 1 5 0|0 2 1 4 2 0 2 0 4 1 0 5 1 1 0|3 1 3 2 1 0 1 1 7 3 3 5 2 1 4|2 3 2 1 0 5 1 1 2 4 2 1 0 3 4|2 2 5 2 1 4 1 2 3 3 3 1 4 8 2|1 2 1 2 3 5 0 2 3 3 3 2 1 3 0|2 2 1 3 1 4 2 0 1 1 1 1 0 2 1|2 2 2 0 3 3 3 3 4 0 1 2 2 3 1|3 2 0 3 3 2 1 2 1 2 3 3 3 1 0|1 0 1 1 1 2 4 1 1 1 2 3 0 0 0|2 5 1 4 0 0 2 1 1 2 1 1 2 2 1|3 4 2 1 1 0 2 2 4 1 1 2 1 2 5|0 2 1 0 1 0 0 1 2 3 2 1 4 0 6|4 2 0 1 0 4 5 1 0 0 2 2 0 1 6|3 2 5 1 0 1 2 1 2 1 5 2 2 2 3|2 6 0 3 0 1 1 2 1 3 1 1 1 5 1|0 2 3 4 4 1 4 2 2 0 0 5 3 2 2|3 4 2 2 1 4 0 4 1 1 3 3 0 2 2|1 4 3 2 1 1 1 0 2 1 0 1 2 0 2|5 0 0 5 3 3 2 0 2 1 1 3 2 1 2|1 0 0 1 1 4 6 6 1 4 3 0 0 1 1|2 1 3 0 4 2 0 1 3 8 3 1 7 1 1|0 0 13 3 0 1 2 1 0 2 0 2 0 0 3|2 2 1 6 7 3 1 8 0 3 0 0 3 0 3|3 1 6 2 0 1 6 2 1 0 2 2 3 2 1|3 2 1 1 6 4 2 1 2 1 2 1 0 0 2|2 4 0 3 5 1 3 4 1 0 3 1 2 1 3|4 1 0 1 6 2 3 2 4 3 4 3 5 3 1|2 1 4 1 3 2 2 7 4 2 5 1 5 6 2

第33个最优解：
Iter = 1837
Nfe = 92688
Fitness = 80.08884208385976
The number of total device = 960
The number of various devices = 64 64 64 64 64 64 64 64 64 64 64 64 64 64 64
The scheme of allocation = 4 1 0 4 4 2 2 4 4 4 0 3 1 2 0|3 1 0 1 2 1 4 1 4 2 6 2 2 0 3|4 2 2 4 3 3 2 1 1 0 1 7 3 1 3|1 1 2 2 1 1 0 0 2 1 2 5 1 2 0|1 1 1 4 3 1 1 2 3 1 1 2 0 0 1|1 2 0 1 3 2 1 2 3 0 2 3 0 5 3|2 0 1 1 0 1 3 1 1 0 2 2 0 0 0|1 5 3 3 8 1 2 0 1 2 3 6 3 0 1|1 1 7 1 3 2 1 2 1 2 4 4 5 4 1|1 0 3 0 3 0 4 2 3 2 2 2 3 2 0|1 3 2 2 5 0 1 2 0 2 1 1 2 1 3|2 3 3 1 1 1 2 4 1 1 2 0 0 0 0|4 3 1 1 3 4 1 1 0 3 2 2 6 2 2|3 0 1 2 1 3 2 2 1 3 1 2 1 4 5|2 2 2 0 0 2 2 2 2 2 0 0 3 3 0|3 2 1 4 3 0 1 1 1 9 1 2 3 7 4|3 0 4 2 3 5 0 2 2 3 8 1 2 2 6|2 4 0 0 0 2 1 0 3 5 1 1 3 3 3|0 2 1 4 2 0 3 1 2 0 0 2 3 1 5|1 3 1 1 3 3 1 1 2 2 1 0 0 1 0|2 4 2 3 0 2 1 6 3 1 2 3 4 1 2|2 1 0 3 1 1 3 2 0 0 4 1 0 2 0|1 0 2 2 3 4 2 5 3 1 1 1 0 1 4|2 1 5 0 1 1 0 1 2 2 5 0 3 3 4|0 2 1 3 3 3 2 0 1 2 2 1 0 4 5|2 4 5 0 2 1 4 4 0 2 1 0 2 1 1|2 2 3 0 0 1 2 3 0 0 1 2 2 3 1|2 2 1 1 2 2 3 2 2 2 3 3 1 3 0|2 1 3 5 0 6 1 5 13 4 2 0 2 1 0|3 4 2 4 0 2 6 1 2 1 1 3 7 1 2|2 7 4 5 0 4 3 2 0 2 1 2 2 2 2|4 0 1 0 1 3 3 2 1 3 1 1 0 2 3

第34个最优解：
Iter = 1138
Nfe = 57538
Fitness = 78.75415055835047
The number of total device = 960
The number of various devices = 64 64 64 64 64 64 64 64 64 64 64 64 64 64 64
The scheme of allocation = 4 0 1 0 2 3 4 3 2 1 2 1 4 2 3|2 0 1 0 2 3 2 0 0 1 0 1 0 2 3|3 3 4 3 3 1 1 2 1 2 1 3 1 3 3|2 1 2 4 4 2 2 6 3 2 0 2 3 1 1|1 1 1 8 4 0 0 1 2 3 3 5 1 5 0|5 4 1 2 1 3 2 0 5 2 2 1 0 4 2|3 2 1 1 2 2 6 2 0 5 5 6 1 5 0|1 0 2 1 1 0 0 9 1 7 2 0 2 4 2|1 4 0 3 1 2 2 2 3 2 1 6 3 0 1|1 2 3 1 0 1 1 2 0 1 5 1 0 1 0|1 6 0 1 1 1 0 2 3 2 1 2 4 0 3|2 0 3 3 1 3 4 2 0 0 2 3 7 3 1|0 0 2 2 4 1 3 1 1 4 0 2 2 1 0|5 4 1 2 1 1 5 1 1 3 0 0 0 3 7|4 5 1 1 3 0 1 1 2 4 1 2 2 0 2|1 1 4 2 2 1 1 2 3 1 3 1 3 3 2|0 2 2 2 0 4 2 1 5 1 4 0 1 1 2|4 0 2 0 1 0 1 0 4 0 1 2 3 1 2|5 1 1 2 2 3 0 2 0 1 4 1 1 0 5|0 5 3 3 6 2 8 2 2 4 2 0 1 1 1|2 1 4 2 0 3 1 0 2 2 0 5 4 0 0|1 0 2 5 0 1 1 1 2 3 3 0 2 1 2|3 4 2 4 4 1 1 2 2 1 0 5 1 2 4|2 0 1 2 2 5 4 0 0 2 3 1 3 2 5|0 1 1 0 2 1 2 3 8 2 2 3 0 0 3|2 3 2 3 0 9 0 0 3 2 2 1 0 3 0|0 5 4 1 1 0 3 1 1 0 0 1 2 2 2|2 5 4 1 1 4 5 1 4 2 2 1 1 4 1|0 1 2 2 7 1 0 4 0 2 1 0 4 2 2|2 1 1 2 2 2 1 2 1 1 4 2 2 3 0|4 1 3 0 1 0 0 3 2 0 2 5 5 1 2|1 1 3 1 3 4 1 6 1 1 6 1 1 4 3

第35个最优解：
Iter = 1273
Nfe = 64336
Fitness = 78.91343166526376
The number of total device = 960
The number of various devices = 64 64 64 64 64 64 64 64 64 64 64 64 64 64 64
The scheme of allocation = 0 2 2 0 2 1 1 2 0 9 3 1 2 1 2|14 2 4 1 0 3 2 0 1 3 2 2 1 1 3|0 3 1 8 0 4 1 2 2 1 2 1 2 3 2|0 3 4 0 1 4 3 3 0 1 0 1 4 1 4|3 0 5 1 2 0 3 1 0 1 1 2 4 2 5|2 2 3 2 3 1 0 0 7 1 7 4 0 1 6|3 1 0 0 2 5 4 4 9 1 1 1 1 3 0|1 1 1 2 1 1 2 2 1 4 1 1 2 0 4|1 0 3 2 2 3 1 4 1 1 0 4 0 2 1|2 3 2 4 2 5 1 2 1 3 3 0 6 1 3|1 2 3 2 3 0 0 3 2 0 0 1 3 0 2|4 1 1 1 4 0 1 2 0 0 1 3 2 3 3|3 1 0 2 1 3 0 2 1 0 1 3 0 3 0|1 1 3 2 1 1 2 1 3 1 5 1 1 1 1|1 1 2 3 0 2 1 4 3 6 2 3 3 4 2|1 0 0 0 3 2 1 4 2 4 0 1 3 2 3|0 0 3 1 0 1 1 5 1 1 4 3 4 4 0|3 3 2 4 2 7 6 5 4 2 2 1 2 2 0|0 2 0 9 3 2 1 1 2 0 1 3 0 0 2|2 2 1 2 0 1 2 0 5 2 4 5 1 1 1|1 4 3 3 1 0 2 0 3 2 2 3 2 5 0|2 3 3 2 1 4 2 3 4 3 1 3 3 2 2|0 5 1 2 4 1 2 1 2 2 1 3 2 1 1|3 0 1 0 0 2 3 4 0 3 4 2 1 3 1|0 1 1 1 6 1 1 1 0 1 0 1 2 6 5|0 1 1 0 2 0 5 0 1 4 6 2 0 3 3|3 3 2 1 1 2 4 0 2 0 3 1 1 2 1|2 3 2 2 1 2 0 1 5 4 2 3 0 0 0|2 1 2 2 11 0 0 2 1 0 1 1 3 4 3|6 5 2 2 2 5 6 1 0 2 1 0 0 2 3|1 2 2 1 2 0 2 1 1 0 0 1 6 1 0|2 6 4 2 1 1 4 3 0 2 3 3 3 0 1

第36个最优解：
Iter = 1214
Nfe = 61366
Fitness = 79.08019162250537
The number of total device = 960
The number of various devices = 64 64 64 64 64 64 64 64 64 64 64 64 64 64 64
The scheme of allocation = 2 0 1 1 0 1 3 0 0 2 2 6 1 2 4|1 3 1 2 1 1 0 4 3 2 6 3 0 2 2|1 4 2 1 0 4 6 2 1 1 0 0 1 1 5|1 1 0 4 3 0 3 1 4 3 1 0 10 3 0|5 1 5 0 3 2 0 4 1 2 1 2 4 2 2|3 2 2 2 2 3 3 3 3 4 1 0 2 1 4|2 6 0 1 1 0 3 2 1 2 3 5 0 4 1|1 2 4 2 1 4 3 2 1 2 4 1 1 2 1|0 0 1 0 0 4 2 3 2 3 3 4 3 1 0|3 1 4 2 3 4 2 1 2 1 4 1 1 1 1|13 1 0 7 2 6 2 2 1 2 0 2 2 2 2|1 3 0 0 1 2 0 2 2 3 1 3 2 1 2|1 5 2 3 1 2 0 3 1 1 2 3 1 0 2|0 3 1 1 6 1 1 5 1 0 1 0 0 5 4|1 2 2 3 2 3 2 1 2 2 3 1 7 4 0|1 1 3 0 3 2 3 2 0 0 1 1 0 1 2|1 6 6 5 14 2 3 1 1 2 2 3 0 2 2|0 1 3 1 0 1 4 2 0 1 2 0 2 1 3|1 3 0 2 3 4 2 2 3 1 0 2 1 5 3|1 1 2 0 0 1 0 2 2 0 3 2 3 1 2|2 2 0 0 1 1 2 2 1 3 1 3 5 2 4|2 1 0 2 2 2 0 3 2 2 1 3 2 0 1|2 1 0 1 0 0 1 1 1 1 2 2 1 3 2|0 0 5 3 2 1 2 1 2 3 1 1 1 4 0|1 0 3 3 0 0 0 4 7 5 3 1 0 1 3|2 3 1 3 0 0 2 0 1 2 3 1 1 3 2|3 1 4 1 0 0 4 2 3 6 3 3 2 2 1|6 3 3 3 4 5 2 1 0 1 1 1 5 5 2|1 2 0 2 0 2 3 2 4 2 0 1 3 0 1|3 1 4 0 0 5 2 2 1 0 6 1 2 2 2|2 0 0 3 3 0 2 2 3 0 2 6 1 1 1|1 4 5 6 6 1 2 0 8 5 1 2 0 0 3

第37个最优解：
Iter = 1875
Nfe = 94553
Fitness = 79.56560735264308
The number of total device = 960
The number of various devices = 64 64 64 64 64 64 64 64 64 64 64 64 64 64 64
The scheme of allocation = 2 3 2 2 3 0 3 0 1 2 1 4 0 2 3|1 1 3 0 3 2 4 3 8 1 4 2 3 0 6|3 1 0 0 2 0 0 3 1 0 0 4 2 4 0|3 3 2 2 0 3 2 2 1 5 0 1 0 1 3|3 2 3 0 1 1 3 5 1 2 1 0 2 0 3|1 0 4 7 1 3 3 8 2 3 1 3 2 0 3|3 4 1 2 2 0 0 5 0 0 0 3 0 4 0|4 2 1 1 1 1 1 0 2 2 0 1 6 3 1|1 3 4 3 4 1 3 1 2 6 1 2 0 2 1|1 3 0 2 1 2 2 1 0 0 1 2 1 3 2|1 2 3 2 1 6 0 2 2 3 3 0 1 2 1|1 1 5 4 2 1 1 1 6 1 4 1 0 2 2|1 4 2 3 4 6 0 4 2 0 5 1 1 3 1|5 3 1 1 2 1 2 2 0 4 0 1 3 5 1|2 2 0 2 0 1 1 1 0 3 2 2 4 2 7|1 1 4 1 1 3 2 1 1 0 3 0 3 2 1|0 3 2 5 3 1 0 1 3 5 4 1 0 2 0|1 2 0 2 3 2 0 4 2 4 1 3 2 1 1|0 1 1 0 6 2 4 3 5 1 1 5 2 2 2|1 2 0 0 4 1 1 2 4 1 2 4 2 2 3|4 3 2 6 2 1 1 1 3 5 3 2 4 1 2|4 1 3 1 1 4 3 4 3 0 0 3 8 2 1|3 1 5 0 0 0 1 1 4 1 5 4 2 2 3|3 1 3 5 0 0 4 0 1 2 0 2 1 1 7|0 2 4 2 4 5 3 1 1 4 1 2 2 2 0|1 1 0 2 4 1 1 0 1 1 2 1 4 2 1|4 4 2 4 2 2 3 3 2 1 1 2 2 2 3|1 1 2 0 5 4 3 0 1 1 5 4 2 1 0|3 2 2 1 1 6 1 1 1 2 3 1 1 0 2|2 1 0 3 0 2 7 1 0 3 1 2 0 2 1|2 0 2 1 1 1 4 2 0 0 6 1 2 4 2|2 4 1 0 0 1 1 1 4 1 3 0 2 3 1

第38个最优解：
Iter = 1737
Nfe = 87623
Fitness = 81.47008999144724
The number of total device = 960
The number of various devices = 64 64 64 64 64 64 64 64 64 64 64 64 64 64 64
The scheme of allocation = 3 2 1 0 2 3 1 1 3 5 1 4 5 3 3|2 3 1 0 4 2 3 1 0 0 4 2 2 0 2|1 0 4 2 2 2 1 3 3 1 3 2 0 3 0|0 2 3 7 2 2 3 2 3 2 1 3 1 1 3|0 0 3 2 1 2 0 2 0 0 1 2 2 0 2|1 3 2 2 1 2 2 3 4 0 3 2 4 1 5|3 1 4 2 2 1 0 2 1 1 3 1 5 0 3|1 2 0 0 1 6 2 4 3 2 3 0 2 4 5|0 3 1 2 1 4 2 1 0 2 3 1 3 1 3|1 2 3 2 3 1 4 1 1 2 1 1 3 5 2|2 4 0 0 2 0 1 1 4 3 1 0 4 3 0|0 2 3 0 3 0 6 2 3 2 2 1 3 3 3|0 0 1 3 1 1 1 1 1 1 0 1 0 4 0|2 5 1 0 3 2 1 1 0 3 2 4 0 1 1|2 3 1 4 3 1 3 4 1 2 1 1 2 1 3|5 3 3 1 3 2 0 6 2 3 2 1 3 2 2|3 2 2 2 2 2 6 1 2 3 2 1 2 1 4|2 6 2 4 2 2 2 1 5 4 3 2 5 1 3|0 3 2 2 2 5 0 3 3 1 0 5 0 2 2|2 2 1 1 1 1 4 2 2 0 3 1 1 3 0|2 0 1 4 1 2 1 1 1 5 0 1 4 0 2|11 2 0 3 2 4 4 3 5 2 3 4 1 4 0|3 0 4 1 3 1 2 2 1 0 8 2 3 3 1|1 0 0 2 2 1 1 3 4 1 0 2 0 2 1|1 1 2 3 1 2 2 2 1 3 0 2 2 4 1|2 1 5 1 3 1 1 0 0 1 0 3 0 1 1|2 3 1 4 0 3 1 2 3 0 2 5 1 0 2|1 2 1 2 1 5 1 1 3 3 8 3 2 0 0|3 2 3 0 5 1 4 3 0 1 1 1 1 3 2|7 2 4 4 3 0 2 1 4 3 0 3 1 0 4|1 1 2 0 2 1 1 1 1 1 2 1 1 5 1|0 2 3 4 0 2 2 3 0 7 1 2 1 3 3

第39个最优解：
Iter = 1705
Nfe = 86051
Fitness = 79.63302336675743
The number of total device = 960
The number of various devices = 64 64 64 64 64 64 64 64 64 64 64 64 64 64 64
The scheme of allocation = 1 2 0 0 0 0 2 6 2 6 1 2 6 3 3|2 2 5 2 0 0 1 2 2 3 0 2 3 0 1|5 0 2 0 1 3 0 5 3 2 8 4 0 0 4|2 0 4 8 1 0 3 0 0 5 0 3 0 1 1|3 0 2 2 2 3 3 4 4 0 5 2 3 0 3|3 0 0 0 2 1 3 1 5 2 1 1 2 1 3|2 4 2 0 5 2 3 0 2 2 0 1 6 1 2|2 4 2 7 4 0 1 2 2 3 1 4 3 4 0|5 0 1 2 1 3 2 1 2 3 3 1 3 1 2|3 1 0 3 4 0 1 2 2 0 2 0 0 0 1|1 6 1 2 2 1 0 3 2 0 0 0 2 1 2|1 1 5 3 4 0 5 0 2 4 5 0 1 6 5|2 1 2 1 1 1 1 1 4 1 1 2 2 1 1|0 1 1 0 2 5 3 3 2 2 6 1 2 1 2|1 4 3 0 2 0 2 3 1 4 1 1 2 3 0|3 1 3 0 2 3 1 4 0 3 0 4 1 1 2|0 4 4 3 3 1 3 1 2 1 2 1 3 1 6|3 4 0 1 3 4 3 3 1 1 0 3 2 1 1|1 5 3 3 1 3 3 0 2 1 1 2 2 2 3|0 0 0 2 2 1 0 2 1 1 4 2 1 4 1|0 3 5 1 3 1 5 1 2 2 4 4 2 1 1|1 1 4 2 0 0 2 1 0 1 2 2 2 0 2|3 4 4 2 2 2 1 2 1 1 3 3 2 2 4|2 2 0 3 3 1 1 3 4 1 1 0 0 2 4|2 1 1 0 1 7 1 1 2 2 1 3 0 10 0|0 0 0 2 1 3 0 3 2 1 3 1 6 1 0|4 1 3 3 2 8 6 1 1 1 2 3 0 1 0|3 2 2 1 3 3 3 3 3 4 1 1 2 7 3|4 3 0 2 1 0 0 1 3 0 0 5 3 4 0|1 0 2 3 1 0 3 2 2 1 2 3 1 2 2|1 3 1 2 1 5 1 2 3 3 0 1 1 0 2|3 4 2 4 4 3 1 1 0 3 4 2 1 2 3

第40个最优解：
Iter = 991
Nfe = 50146
Fitness = 79.76640432783476
The number of total device = 960
The number of various devices = 64 64 64 64 64 64 64 64 64 64 64 64 64 64 64
The scheme of allocation = 3 0 5 2 1 1 0 7 1 3 2 0 4 2 0|5 6 1 5 0 2 0 4 2 0 1 0 4 3 2|0 0 1 3 4 2 1 1 0 0 0 3 2 6 6|1 4 1 3 4 2 0 1 3 0 1 1 0 1 6|2 1 1 0 2 1 2 1 1 2 3 2 0 2 4|1 0 5 1 3 0 1 1 1 0 0 4 1 2 2|1 2 1 0 1 3 2 0 2 4 2 2 1 3 4|2 1 4 3 1 4 4 1 3 1 2 2 2 3 1|3 1 3 0 3 1 3 2 2 8 2 2 1 3 0|4 1 4 5 5 1 2 2 1 2 2 1 1 1 2|4 1 4 5 3 0 1 0 0 5 1 3 1 0 0|2 0 0 2 3 0 3 1 1 3 5 1 1 2 1|0 2 1 1 0 3 2 3 6 2 1 2 2 1 3|1 1 1 3 1 2 2 1 0 3 1 1 4 2 4|2 1 5 2 0 1 3 2 4 0 1 0 3 4 0|1 1 4 1 4 1 9 1 0 0 6 1 1 2 3|1 1 2 1 4 1 2 6 0 3 2 3 1 3 0|11 2 3 3 4 2 2 3 4 3 1 3 4 2 2|2 2 0 0 2 1 3 1 2 3 4 3 6 2 2|0 4 0 3 1 1 1 1 6 0 3 2 3 3 0|3 2 0 0 2 7 0 2 0 2 2 1 4 1 1|0 0 3 0 3 1 0 1 4 1 3 3 5 0 2|3 4 1 1 2 3 0 3 4 0 2 8 4 0 1|0 0 3 1 1 3 3 0 2 0 4 1 0 1 1|0 4 1 2 0 1 1 0 1 5 2 4 1 1 4|0 4 0 0 1 2 3 4 0 2 1 0 1 1 2|4 8 1 1 2 2 5 2 2 1 3 3 0 3 0|1 5 1 3 2 2 1 5 2 0 1 1 1 2 1|3 0 1 1 1 3 4 4 2 3 1 2 0 0 1|2 3 3 8 0 2 2 2 6 3 1 2 2 2 3|0 2 3 3 2 1 1 1 1 2 4 2 2 4 3|2 1 1 1 2 8 1 1 1 3 0 1 2 2 3

第41个最优解：
Iter = 1210
Nfe = 61113
Fitness = 79.3790839227441
The number of total device = 960
The number of various devices = 64 64 64 64 64 64 64 64 64 64 64 64 64 64 64
The scheme of allocation = 2 1 1 5 2 4 0 2 0 3 4 1 2 2 0|2 1 1 0 1 2 0 0 2 7 4 2 2 1 4|0 1 0 2 1 1 0 0 1 3 1 0 1 2 2|6 0 3 2 5 6 3 4 0 0 1 3 1 1 5|2 3 2 5 3 2 1 2 1 0 3 1 4 3 5|1 0 2 3 2 1 6 5 3 3 0 7 0 1 1|4 3 1 1 4 2 2 3 7 0 1 1 1 0 2|1 2 3 1 1 3 2 1 1 2 0 1 0 1 0|4 0 2 1 2 2 1 3 4 7 2 1 3 2 0|3 0 5 3 1 1 1 5 2 4 1 2 0 1 3|1 2 1 1 3 2 2 6 3 4 0 1 3 1 2|1 0 1 6 1 6 2 2 0 3 6 3 0 2 2|3 2 8 0 7 0 4 0 1 1 2 2 1 1 2|4 6 1 3 1 3 2 0 2 2 2 3 2 0 2|1 1 2 3 0 0 5 1 3 3 2 3 3 3 5|2 1 3 2 1 0 1 0 2 0 4 0 1 3 0|2 4 1 2 3 2 2 3 2 1 4 3 2 1 2|0 1 3 3 2 3 1 3 1 2 1 2 2 4 2|2 1 2 1 1 0 1 1 2 0 0 3 9 5 1|0 0 3 4 1 2 0 3 0 2 0 2 1 1 0|1 1 3 0 1 0 2 3 3 0 0 5 0 3 3|2 0 1 2 1 2 0 3 7 0 4 1 0 4 2|1 5 1 3 7 1 4 0 1 2 2 3 1 4 2|2 5 1 0 1 2 1 3 5 2 7 2 1 1 0|1 1 1 0 3 0 1 1 2 2 0 4 1 2 3|5 5 1 2 0 2 4 1 0 4 0 0 4 2 2|6 7 2 1 0 2 1 1 3 0 2 0 6 3 4|0 4 2 2 1 3 1 1 0 2 0 1 4 2 0|2 1 0 1 2 1 6 1 2 0 3 1 3 2 0|1 1 4 1 2 7 0 4 0 2 2 2 2 1 2|2 1 1 3 3 0 5 1 1 3 1 0 3 1 2|0 4 2 1 1 2 3 1 3 0 5 4 1 4 4

第42个最优解：
Iter = 1784
Nfe = 89970
Fitness = 79.56543232883976
The number of total device = 960
The number of various devices = 64 64 64 64 64 64 64 64 64 64 64 64 64 64 64
The scheme of allocation = 1 5 1 1 2 0 1 1 2 1 2 1 5 1 3|5 0 0 1 3 2 5 2 0 0 1 1 4 1 0|1 2 3 4 0 5 0 1 6 3 0 1 2 3 1|1 1 6 1 1 1 3 2 0 3 3 1 1 7 2|3 2 4 2 4 0 1 0 1 4 1 0 1 4 2|0 0 1 2 4 2 2 2 4 3 1 0 2 0 1|5 5 2 0 2 0 2 3 1 0 1 5 2 2 1|1 5 0 5 2 2 2 0 0 3 0 1 2 2 4|1 1 1 3 1 5 2 4 2 3 4 4 2 3 0|4 0 0 2 1 5 1 1 3 3 1 2 4 4 1|1 2 4 5 1 1 4 2 1 3 0 3 3 2 2|4 3 0 0 3 0 0 2 3 2 0 3 1 4 2|1 0 4 1 2 2 2 1 4 0 1 0 4 0 6|1 3 2 2 3 4 4 0 3 0 3 4 2 1 2|1 2 2 0 2 1 2 0 4 4 1 1 0 2 0|1 3 3 4 2 1 1 0 3 1 3 2 2 0 3|3 3 4 3 2 0 1 1 1 2 0 1 4 3 0|0 2 2 3 2 5 4 2 4 4 1 3 1 3 2|0 2 4 3 1 0 2 1 0 1 0 3 2 3 3|1 4 1 1 4 1 0 3 2 0 1 1 0 1 3|2 1 0 3 2 1 1 2 3 4 5 2 2 1 3|1 2 2 1 0 2 1 1 2 2 2 4 6 3 2|4 1 3 1 1 3 0 6 1 3 2 3 0 4 2|5 1 0 2 2 1 0 4 3 2 2 0 1 1 0|2 1 3 2 2 1 3 2 0 3 1 0 2 5 1|1 0 4 2 2 2 3 1 2 0 2 4 3 1 5|1 0 2 3 0 4 6 3 0 1 5 2 0 0 3|2 4 1 0 1 1 3 4 2 2 16 3 0 0 5|2 3 0 2 4 4 2 4 1 4 0 2 1 0 0|2 4 2 1 2 2 1 4 0 0 1 4 1 0 2|2 1 2 1 1 1 4 4 3 3 3 1 2 1 1|5 1 1 3 5 5 1 1 3 0 1 2 2 2 2

第43个最优解：
Iter = 1724
Nfe = 87021
Fitness = 79.46670599223724
The number of total device = 960
The number of various devices = 64 64 64 64 64 64 64 64 64 64 64 64 64 64 64
The scheme of allocation = 0 0 3 3 2 5 5 1 1 0 3 4 3 3 0|0 1 3 2 0 2 0 2 4 1 2 1 2 1 2|0 3 3 1 1 6 3 3 1 4 1 6 2 5 1|0 4 2 0 1 1 4 2 6 1 1 2 1 3 5|4 1 1 4 2 0 0 2 1 3 1 4 1 3 0|3 2 1 5 4 3 0 4 6 2 4 1 0 2 1|0 4 1 2 3 2 2 1 1 3 2 0 3 3 0|3 2 3 2 1 4 0 2 4 0 4 2 2 3 3|1 2 4 1 1 1 2 3 1 2 1 0 2 2 4|6 7 0 0 1 1 2 1 1 6 2 0 2 2 3|2 0 1 2 4 2 4 1 1 1 2 1 1 3 1|2 7 2 0 4 1 2 6 2 3 1 3 3 0 2|3 0 0 0 5 2 2 2 2 0 2 0 3 1 2|1 2 3 3 1 3 1 1 4 0 2 1 8 3 2|13 3 4 2 0 1 2 5 2 2 2 2 1 2 3|2 2 0 0 8 3 1 2 3 5 0 4 4 0 2|0 2 1 3 0 3 6 4 1 2 2 2 3 2 4|1 0 2 4 3 0 1 1 0 0 3 2 1 1 2|2 3 1 2 2 3 1 2 1 1 2 3 0 1 1|0 0 4 3 1 5 4 0 1 0 2 3 3 0 1|1 0 3 1 3 3 3 1 1 3 0 3 3 3 3|3 3 2 1 0 0 4 1 2 3 5 1 4 1 0|2 0 3 6 3 2 4 2 1 1 4 3 2 1 0|1 4 1 6 0 0 1 1 1 2 2 1 2 1 1|5 1 0 3 3 2 1 1 4 0 7 2 0 2 1|2 2 3 0 1 1 3 0 3 0 0 0 4 1 6|1 1 1 2 0 0 2 4 2 2 1 0 1 5 3|0 2 2 1 2 0 0 1 0 0 1 4 2 1 2|1 0 3 1 2 1 3 1 1 3 1 1 1 2 4|4 6 2 3 4 0 1 3 2 3 1 3 0 4 3|0 0 4 1 2 2 0 2 3 6 0 3 0 0 2|1 0 1 0 0 5 0 2 1 5 3 2 0 3 0

第44个最优解：
Iter = 1226
Nfe = 62018
Fitness = 79.85288032622138
The number of total device = 960
The number of various devices = 64 64 64 64 64 64 64 64 64 64 64 64 64 64 64
The scheme of allocation = 1 0 4 3 2 2 3 2 3 0 2 1 2 0 3|1 2 0 0 3 1 0 3 0 2 1 0 2 3 1|5 5 3 2 0 1 4 3 1 2 2 0 1 0 2|3 3 4 2 4 2 1 1 2 0 2 1 1 3 1|1 3 5 2 6 3 4 3 0 0 0 1 2 4 1|4 3 2 3 2 0 3 0 1 4 3 1 1 2 3|1 1 2 2 1 1 1 3 3 1 1 3 3 0 5|0 1 0 5 3 0 2 3 2 6 3 1 3 5 1|3 1 0 2 1 1 0 3 2 4 0 3 2 1 3|1 0 1 3 2 2 0 2 2 1 4 7 0 1 4|2 0 0 4 1 3 3 3 2 2 3 4 0 0 2|3 1 0 4 1 0 0 4 2 1 1 1 1 3 2|4 3 0 1 2 3 4 2 4 1 1 2 2 1 1|1 4 2 3 7 1 1 2 1 0 2 2 3 1 3|0 6 2 3 3 4 2 2 2 3 5 1 1 2 1|1 5 1 1 2 3 4 2 1 2 3 2 0 4 0|1 3 0 0 0 8 1 2 1 3 4 1 2 3 2|1 4 3 3 3 0 1 1 3 1 2 4 2 0 1|2 1 2 3 2 0 0 3 9 2 1 1 1 1 1|2 0 4 2 0 1 5 1 0 3 1 1 4 0 3|7 5 2 0 4 1 2 1 4 2 3 2 6 3 0|4 0 2 2 0 0 1 3 0 1 2 3 5 2 1|1 4 3 4 1 4 3 1 1 2 1 2 2 1 2|1 1 2 1 3 0 2 1 3 2 3 3 1 1 2|0 0 1 2 1 3 2 2 0 3 2 3 1 4 2|2 1 3 0 0 4 0 2 5 1 2 5 1 0 3|1 3 0 2 0 6 2 2 2 3 1 2 2 0 3|2 1 1 0 2 0 2 4 3 2 3 2 9 7 1|0 2 5 2 3 2 4 1 0 4 1 0 0 1 4|0 1 2 0 5 2 3 1 1 0 3 3 0 2 2|9 0 7 3 0 3 1 0 0 3 1 0 2 2 3|0 0 1 0 0 3 3 1 4 3 1 2 2 7 1

第45个最优解：
Iter = 1976
Nfe = 99570
Fitness = 79.23885704081171
The number of total device = 960
The number of various devices = 64 64 64 64 64 64 64 64 64 64 64 64 64 64 64
The scheme of allocation = 3 2 4 0 0 0 3 3 1 1 10 2 5 5 3|1 1 3 2 1 2 3 4 2 7 4 1 2 0 2|5 0 2 1 0 5 2 3 0 1 2 0 2 2 1|6 3 2 2 3 1 4 0 1 1 1 1 2 0 2|0 2 3 2 2 1 0 0 2 1 1 1 2 4 0|0 3 1 4 2 1 1 2 3 0 2 3 4 5 2|2 3 1 2 4 1 2 1 0 6 1 4 0 0 3|3 3 1 1 7 3 1 1 1 1 2 3 3 0 0|4 3 1 2 2 1 3 2 5 2 2 2 3 3 3|0 2 1 3 6 1 2 0 0 2 2 2 1 1 0|4 2 0 0 0 1 0 1 1 3 2 2 0 6 0|1 3 3 7 3 4 6 0 1 1 4 0 2 3 4|0 2 3 5 0 1 4 1 7 1 0 0 1 3 4|1 1 1 5 3 2 3 2 3 1 2 0 0 3 1|4 3 2 1 0 0 2 1 0 4 0 3 2 3 1|3 2 3 2 2 2 1 11 6 4 1 3 1 1 3|0 2 1 3 2 2 2 4 5 2 0 1 1 1 3|4 6 1 7 4 1 1 0 2 2 4 0 1 2 2|1 2 3 0 1 2 2 2 4 1 1 1 3 2 3|1 2 1 0 3 2 4 2 0 0 3 2 1 2 0|4 0 3 3 0 1 0 0 3 2 0 0 0 1 6|3 6 4 2 2 2 2 1 2 2 1 3 3 0 0|2 1 0 0 2 5 1 4 1 3 1 5 0 1 3|2 1 2 3 6 3 2 1 0 1 0 2 4 0 1|1 2 1 1 1 0 0 5 3 0 1 3 1 2 4|2 3 4 1 2 2 2 0 4 2 3 3 3 2 1|1 1 5 0 1 6 1 4 0 2 3 3 2 3 3|0 0 1 0 1 2 3 3 0 2 1 2 1 1 3|1 2 0 2 0 1 2 0 1 5 4 4 5 0 2|0 0 2 0 1 3 4 3 1 2 2 3 2 6 3|1 0 2 1 0 1 1 2 2 2 2 3 4 1 0|4 1 3 2 3 5 0 1 3 0 2 2 3 1 1

第46个最优解：
Iter = 1342
Nfe = 67805
Fitness = 79.26775280484948
The number of total device = 960
The number of various devices = 64 64 64 64 64 64 64 64 64 64 64 64 64 64 64
The scheme of allocation = 0 4 1 1 1 2 2 4 1 1 2 4 3 0 3|2 0 0 2 1 1 0 2 3 2 1 2 1 3 1|1 0 3 3 4 1 1 2 1 1 1 4 2 1 3|3 1 4 3 3 0 2 0 0 10 2 1 3 0 3|0 0 3 3 4 7 0 3 1 0 0 1 5 1 1|2 0 2 2 0 2 2 1 0 0 1 4 4 5 3|3 2 1 1 3 0 2 1 1 1 3 1 4 2 2|1 0 0 1 2 4 2 4 5 3 1 1 0 3 6|1 0 1 7 1 1 4 3 3 2 2 0 1 2 1|1 3 2 4 0 0 2 4 6 6 0 1 4 1 1|5 0 0 1 0 3 2 5 0 0 2 1 0 3 2|2 2 1 2 2 1 2 0 4 1 3 1 1 3 2|5 13 0 2 1 2 2 6 0 3 6 2 2 3 0|0 0 0 1 3 3 1 1 0 2 2 1 1 0 2|5 0 2 2 3 3 3 0 5 5 3 3 1 4 2|1 3 2 1 1 4 3 2 3 0 0 0 1 0 1|4 2 2 1 3 0 3 3 2 2 0 1 0 0 2|1 2 3 2 2 1 2 2 3 3 1 0 1 7 3|2 5 4 2 0 1 4 2 2 1 1 3 5 0 1|1 0 1 1 7 4 1 3 0 3 5 1 1 1 0|2 4 3 2 0 3 3 1 3 0 3 4 2 5 2|2 4 4 4 4 2 3 1 2 1 2 2 1 1 4|3 1 5 3 1 3 4 1 0 1 0 3 1 0 5|2 2 3 3 1 2 1 0 2 2 3 2 7 3 2|2 3 2 1 1 1 2 1 1 2 1 3 2 0 1|3 1 4 5 1 1 0 3 0 0 2 4 3 1 1|0 1 3 0 3 3 0 2 2 2 3 1 1 5 1|2 0 2 2 2 5 0 2 1 1 2 3 1 2 0|1 6 1 1 3 2 4 3 0 3 5 1 4 3 3|1 2 1 1 2 1 5 0 4 3 2 2 0 1 4|3 1 2 0 0 1 2 2 6 1 4 2 1 2 0|3 2 2 0 5 0 0 0 3 2 1 5 1 2 2

第47个最优解：
Iter = 1132
Nfe = 57185
Fitness = 79.00304014020418
The number of total device = 960
The number of various devices = 64 64 64 64 64 64 64 64 64 64 64 64 64 64 64
The scheme of allocation = 1 3 4 5 4 1 2 3 0 2 0 0 0 0 0|4 5 0 0 2 1 2 1 3 1 1 6 1 1 5|1 3 2 3 2 2 0 2 3 2 2 5 1 2 3|0 2 1 3 1 1 0 3 1 0 1 2 0 3 5|3 3 1 0 2 0 1 4 3 0 1 1 0 1 5|2 1 1 4 2 0 7 4 4 1 0 2 3 3 1|1 0 3 5 4 2 2 2 2 2 2 1 3 3 3|0 2 0 1 0 1 1 1 4 2 1 3 2 3 1|0 2 2 2 1 3 1 3 0 3 4 5 3 1 0|1 4 6 6 0 3 2 2 2 0 1 2 1 1 8|4 1 3 1 0 2 1 2 0 5 1 3 3 2 2|0 2 1 0 4 4 1 0 0 5 6 0 0 6 1|1 1 3 1 4 3 0 1 2 5 2 1 3 1 1|2 1 1 0 1 1 2 3 2 2 3 1 7 2 0|5 0 3 3 1 0 2 1 1 0 2 1 1 0 2|1 8 3 1 0 0 4 3 1 2 1 0 2 4 5|2 3 1 1 7 4 2 1 4 1 1 0 1 2 1|2 2 2 1 3 1 3 2 1 3 2 2 3 1 1|2 0 4 5 1 1 1 5 3 5 0 3 1 2 0|3 1 4 0 0 1 2 2 5 0 4 1 1 4 4|0 0 1 3 3 2 1 2 1 2 2 0 1 5 0|2 2 3 0 0 0 0 1 5 1 2 2 4 2 4|2 1 1 2 2 0 3 1 3 1 3 1 3 1 0|0 1 2 1 2 0 4 1 4 3 1 0 0 0 2|3 1 2 2 1 2 2 5 1 0 3 1 3 1 0|6 0 0 1 2 3 3 1 3 2 3 3 1 3 1|2 5 4 2 2 1 1 0 0 3 1 1 4 1 1|3 6 1 1 5 8 10 1 0 5 3 2 3 0 0|3 0 0 4 2 0 4 0 0 2 1 2 1 6 0|4 3 2 1 4 7 0 3 2 1 5 4 1 1 4|1 0 2 4 1 6 0 3 3 2 2 1 1 0 0|3 1 1 1 1 4 0 1 1 1 3 8 6 2 4

第48个最优解：
Iter = 1301
Nfe = 65761
Fitness = 79.40261586167713
The number of total device = 960
The number of various devices = 64 64 64 64 64 64 64 64 64 64 64 64 64 64 64
The scheme of allocation = 3 0 0 2 3 2 0 2 1 3 2 0 4 1 4|2 1 4 1 3 1 1 1 4 0 1 1 1 4 0|2 2 2 2 5 3 1 2 5 2 5 2 2 0 4|4 1 2 5 0 4 0 2 3 0 0 3 2 3 2|2 6 2 1 3 1 4 0 0 0 1 0 2 1 0|0 0 0 1 6 0 2 2 6 0 1 3 3 4 2|2 3 3 0 5 1 5 4 4 2 1 0 1 0 1|8 1 1 1 3 4 2 1 0 3 4 3 3 1 2|1 2 1 2 3 0 3 0 0 1 0 0 1 2 2|2 2 0 7 1 2 1 4 2 2 3 3 1 2 4|3 1 1 3 0 3 2 2 1 0 2 4 1 2 4|0 4 1 1 2 0 2 5 2 0 2 3 8 2 0|2 2 1 1 0 1 0 1 2 2 4 3 3 5 1|1 1 0 1 1 1 0 7 3 4 2 4 1 1 4|1 3 3 5 0 4 4 2 2 5 2 4 2 1 1|6 1 3 0 4 2 1 1 5 2 2 1 2 2 0|0 2 1 3 3 4 4 1 2 2 3 0 0 2 3|8 3 4 8 2 2 1 0 3 3 3 0 2 4 0|0 1 2 1 3 2 2 1 0 2 0 2 1 0 1|1 1 3 2 0 0 1 1 0 0 2 0 1 1 1|3 0 3 2 4 2 1 5 1 1 2 2 1 2 2|2 3 2 0 1 0 1 0 1 4 1 1 1 4 0|0 5 6 6 2 2 5 3 5 4 1 3 2 4 4|0 4 2 1 0 2 0 4 2 3 0 1 3 2 4|0 2 1 1 0 0 0 0 1 3 0 3 2 0 2|2 2 0 1 0 5 0 1 0 1 1 3 4 1 3|4 4 4 0 0 3 3 3 2 1 5 3 1 2 3|2 2 3 1 3 2 2 1 2 3 4 4 1 3 2|0 1 0 2 2 1 3 0 1 1 7 2 2 4 0|1 1 3 1 0 7 5 4 3 0 1 3 3 2 2|1 0 2 1 4 0 4 1 0 5 0 0 1 1 4|1 3 4 1 1 3 4 3 1 5 2 3 2 1 2

第49个最优解：
Iter = 1722
Nfe = 86830
Fitness = 79.79321386090393
The number of total device = 960
The number of various devices = 64 64 64 64 64 64 64 64 64 64 64 64 64 64 64
The scheme of allocation = 2 2 1 0 3 3 1 1 0 2 1 3 1 1 1|2 0 1 1 3 1 1 0 2 0 3 2 0 0 3|2 2 1 2 3 2 0 1 3 4 4 2 0 6 1|0 1 0 2 0 0 2 2 7 0 5 1 1 1 2|0 0 2 1 0 4 0 3 2 2 0 5 2 1 1|2 2 2 3 2 4 4 1 0 1 0 3 3 2 2|1 1 4 0 5 0 4 5 5 2 4 1 4 2 5|3 2 3 2 1 1 2 2 1 0 2 6 5 1 2|3 0 5 0 0 1 1 1 2 0 2 2 3 2 0|1 1 2 0 1 5 1 3 3 2 1 2 2 3 2|4 5 0 2 6 2 1 0 1 3 3 1 0 8 1|1 2 2 4 1 2 6 3 0 2 1 2 6 1 0|4 2 3 3 2 0 0 1 4 1 0 0 3 2 2|1 4 1 0 1 1 7 6 1 0 3 1 2 4 3|2 3 2 1 3 0 0 2 5 1 3 6 0 1 0|3 5 4 1 4 3 3 4 1 1 3 0 1 1 1|3 4 0 2 5 4 1 1 2 1 3 2 0 3 2|1 4 2 5 1 1 3 1 0 2 0 0 2 7 1|0 0 2 4 0 5 4 3 2 5 1 3 2 1 4|4 4 1 0 2 1 5 2 0 2 1 4 2 1 1|2 1 1 2 0 1 0 2 3 1 1 3 3 0 2|2 1 4 2 1 2 2 2 1 2 2 0 2 4 1|2 4 2 0 1 1 0 0 1 6 1 3 1 0 1|3 1 2 2 1 3 3 5 1 0 2 0 3 0 3|1 2 2 2 2 4 0 1 1 0 2 1 0 0 4|3 2 3 3 2 4 0 2 3 4 2 2 0 0 2|0 1 4 2 1 4 0 1 1 0 2 2 2 2 1|3 1 3 7 3 2 3 0 4 5 3 2 4 2 4|1 0 2 2 3 1 1 2 3 3 1 1 5 3 0|2 4 0 4 2 0 5 3 2 3 6 0 2 0 3|3 1 2 0 2 1 1 2 0 4 1 3 0 3 7|3 2 1 5 3 1 3 2 3 5 1 1 3 2 2

第50个最优解：
Iter = 1809
Nfe = 91249
Fitness = 80.59370863136101
The number of total device = 960
The number of various devices = 64 64 64 64 64 64 64 64 64 64 64 64 64 64 64
The scheme of allocation = 2 2 3 2 7 2 5 5 3 2 3 1 4 0 1|3 0 3 1 3 3 1 0 0 6 4 2 3 6 3|3 4 5 7 0 3 2 2 3 2 0 1 0 1 0|3 1 4 1 2 1 3 4 3 0 1 5 2 2 3|3 1 0 2 1 2 4 2 0 3 1 1 1 0 3|0 2 3 5 1 2 1 0 3 3 3 0 2 1 1|1 2 3 1 0 0 3 2 2 6 0 4 5 1 1|1 2 1 1 0 1 1 0 3 0 4 3 2 2 1|4 1 2 2 2 4 1 1 2 2 2 2 3 1 0|2 4 1 4 0 1 1 1 1 1 3 2 0 3 2|2 2 3 2 1 0 0 5 1 1 0 1 0 1 1|3 1 3 2 0 2 3 1 1 0 2 3 2 1 1|1 1 0 1 3 1 0 4 3 8 3 4 1 5 2|3 0 0 0 3 0 0 2 1 4 2 0 1 4 2|2 1 1 1 3 3 1 5 1 2 2 1 2 2 6|3 0 1 0 2 1 5 2 2 1 1 1 0 0 3|4 1 2 1 5 4 4 1 9 0 0 2 0 2 0|2 6 2 3 3 1 1 1 3 2 0 1 5 0 1|0 4 1 0 1 1 0 2 1 1 1 2 7 5 0|1 5 5 2 0 4 5 1 0 3 4 3 4 0 2|2 1 2 3 4 2 3 3 3 0 1 1 2 2 3|1 2 3 2 1 2 4 2 1 3 5 2 6 3 2|2 3 1 3 2 3 0 3 2 4 3 4 3 2 1|3 0 2 0 3 5 0 3 3 2 1 2 1 3 2|0 2 1 1 3 1 4 1 0 0 0 3 1 3 2|0 2 1 0 2 5 3 3 1 0 0 2 0 1 4|3 2 2 4 2 2 2 2 1 0 1 1 3 2 1|3 2 4 1 1 3 3 0 3 1 5 4 0 3 5|1 2 1 3 3 1 2 1 2 1 3 1 0 3 0|1 3 2 0 1 2 1 1 1 1 2 2 0 1 9|1 3 1 2 2 0 0 3 0 0 2 2 2 2 0|4 2 1 7 3 2 1 1 5 5 5 1 2 2 2

The final result:
fmax = 81.47008999144724
fmin = 78.10455162356088
fmean = 79.66517854833565
standard std = 0.6148916278867492
The number of total device = 960
The number of various devices = 64 64 64 64 64 64 64 64 64 64 64 64 64 64 64
The optimal allocation = 3 2 1 0 2 3 1 1 3 5 1 4 5 3 3|2 3 1 0 4 2 3 1 0 0 4 2 2 0 2|1 0 4 2 2 2 1 3 3 1 3 2 0 3 0|0 2 3 7 2 2 3 2 3 2 1 3 1 1 3|0 0 3 2 1 2 0 2 0 0 1 2 2 0 2|1 3 2 2 1 2 2 3 4 0 3 2 4 1 5|3 1 4 2 2 1 0 2 1 1 3 1 5 0 3|1 2 0 0 1 6 2 4 3 2 3 0 2 4 5|0 3 1 2 1 4 2 1 0 2 3 1 3 1 3|1 2 3 2 3 1 4 1 1 2 1 1 3 5 2|2 4 0 0 2 0 1 1 4 3 1 0 4 3 0|0 2 3 0 3 0 6 2 3 2 2 1 3 3 3|0 0 1 3 1 1 1 1 1 1 0 1 0 4 0|2 5 1 0 3 2 1 1 0 3 2 4 0 1 1|2 3 1 4 3 1 3 4 1 2 1 1 2 1 3|5 3 3 1 3 2 0 6 2 3 2 1 3 2 2|3 2 2 2 2 2 6 1 2 3 2 1 2 1 4|2 6 2 4 2 2 2 1 5 4 3 2 5 1 3|0 3 2 2 2 5 0 3 3 1 0 5 0 2 2|2 2 1 1 1 1 4 2 2 0 3 1 1 3 0|2 0 1 4 1 2 1 1 1 5 0 1 4 0 2|11 2 0 3 2 4 4 3 5 2 3 4 1 4 0|3 0 4 1 3 1 2 2 1 0 8 2 3 3 1|1 0 0 2 2 1 1 3 4 1 0 2 0 2 1|1 1 2 3 1 2 2 2 1 3 0 2 2 4 1|2 1 5 1 3 1 1 0 0 1 0 3 0 1 1|2 3 1 4 0 3 1 2 3 0 2 5 1 0 2|1 2 1 2 1 5 1 1 3 3 8 3 2 0 0|3 2 3 0 5 1 4 3 0 1 1 1 1 3 2|7 2 4 4 3 0 2 1 4 3 0 3 1 0 4|1 1 2 0 2 1 1 1 1 1 2 1 1 5 1|0 2 3 4 0 2 2 3 0 7 1 2 1 3 3
