第1个最优解：
Iter = 1971
Nfe = 99768
Fitness = 75.37279307904551
The number of total device = 960
The number of various devices = 64 64 64 64 64 64 64 64 64 64 64 64 64 64 64
The scheme of allocation = 5 4 3 1 0 0 3 1 3 0 3 2 1 3 2|2 1 0 2 3 1 1 0 1 4 1 3 1 1 1|2 2 6 1 3 0 4 1 2 0 0 0 3 0 3|1 1 2 1 2 1 0 1 3 3 3 3 0 1 0|0 1 1 3 2 0 2 1 0 3 1 0 4 0 1|1 0 1 2 2 1 2 0 2 1 3 4 2 0 0|2 1 2 3 0 1 0 5 1 4 2 1 5 1 4|6 1 1 2 2 5 0 2 5 4 0 2 1 2 2|1 2 7 0 1 0 2 0 9 0 1 3 3 5 2|2 2 3 1 0 3 3 2 0 0 3 1 1 0 3|8 2 3 0 0 1 0 0 1 3 1 3 1 0 4|6 1 2 3 4 4 1 5 0 2 0 2 2 4 4|2 4 3 3 2 3 3 0 5 1 1 2 2 1 2|0 4 1 1 1 2 0 1 6 2 1 4 3 3 1|0 4 1 13 3 0 1 3 2 4 4 0 0 1 7|3 7 0 0 1 1 1 2 0 1 0 4 3 3 0|2 4 4 1 2 0 0 3 2 6 4 3 4 3 1|1 2 1 0 0 9 1 4 3 4 2 2 1 0 3|0 3 1 4 0 5 3 1 2 0 5 7 0 3 4|0 0 1 1 1 7 3 5 5 0 2 1 2 3 2|1 2 0 5 6 3 4 2 0 1 4 2 0 5 0|4 0 1 1 4 3 4 6 2 7 1 2 10 0 2|1 0 2 1 3 1 2 2 0 3 6 1 1 5 1|3 2 1 3 3 0 0 2 3 0 2 2 1 8 0|2 1 5 1 5 0 2 0 0 0 0 2 1 1 0|0 0 2 3 6 6 1 0 0 0 7 3 0 1 3|3 2 4 5 2 3 2 1 0 4 1 0 1 2 2|2 1 0 0 3 3 1 4 2 0 1 0 1 1 2|0 1 1 1 1 0 5 2 0 2 3 2 1 2 5|1 7 1 2 2 0 12 2 2 1 0 2 5 2 1|3 1 2 0 0 1 1 3 3 3 1 1 2 0 0|0 1 2 0 0 0 0 3 0 1 1 0 2 3 2

第2个最优解：
Iter = 1855
Nfe = 93934
Fitness = 75.30247393330117
The number of total device = 960
The number of various devices = 64 64 64 64 64 64 64 64 64 64 64 64 64 64 64
The scheme of allocation = 0 3 3 5 3 2 1 2 2 2 2 1 0 2 1|0 2 8 1 0 1 0 1 4 1 1 4 2 6 1|7 1 2 4 5 6 0 1 1 3 5 3 2 2 3|1 0 1 4 0 0 1 2 0 3 6 2 0 4 0|3 4 2 6 0 2 0 4 0 0 2 0 0 2 3|5 3 3 1 3 2 1 0 1 2 4 1 0 5 0|0 0 2 6 2 2 2 4 3 2 0 2 3 1 2|3 1 1 2 2 4 2 1 0 3 1 1 2 2 1|0 2 0 3 6 1 1 5 0 5 1 1 3 3 2|1 1 2 2 1 0 3 1 1 1 2 4 7 1 1|1 2 0 5 1 3 3 0 1 3 1 1 1 2 8|3 0 0 4 0 2 4 1 2 2 1 2 0 1 0|0 1 0 1 1 1 0 0 12 1 1 0 6 2 2|4 1 3 4 1 2 3 5 3 1 0 3 0 0 2|2 1 0 0 0 1 3 2 3 0 4 2 3 0 0|2 3 0 1 3 9 0 0 1 1 1 2 1 3 6|2 0 5 0 2 3 3 6 2 2 3 7 0 0 1|3 13 2 0 2 0 2 2 2 4 1 1 2 1 1|1 0 0 1 0 0 5 3 1 0 2 0 0 1 2|7 0 2 1 1 1 3 1 0 0 3 2 3 8 2|1 2 1 3 2 1 0 1 3 1 2 4 1 2 0|5 0 4 1 0 5 8 1 0 0 1 0 4 2 5|2 4 2 2 3 2 2 1 3 2 4 4 2 2 1|0 0 0 1 2 1 7 3 3 7 0 0 0 2 0|0 2 1 0 3 2 1 2 1 6 1 6 5 1 2|1 4 6 0 3 3 1 1 2 2 4 2 1 2 4|1 4 0 3 6 1 1 2 7 0 0 1 4 0 2|0 2 4 2 1 1 0 2 0 0 0 3 1 1 4|3 0 0 1 0 3 2 3 0 1 5 4 2 1 3|2 0 1 0 1 1 1 2 0 2 3 1 0 0 2|4 4 1 0 7 2 2 2 5 5 1 0 5 2 2|0 4 8 0 3 0 2 3 1 2 2 0 4 3 1

第3个最优解：
Iter = 1781
Nfe = 90197
Fitness = 75.71069004079054
The number of total device = 960
The number of various devices = 64 64 64 64 64 64 64 64 64 64 64 64 64 64 64
The scheme of allocation = 2 3 0 2 2 1 1 2 2 2 2 0 5 1 2|2 1 0 1 0 1 2 2 1 0 1 0 1 9 1|8 4 2 2 0 3 0 4 1 2 4 4 1 3 0|4 3 0 1 3 1 3 0 0 3 3 2 2 1 1|1 2 3 3 2 4 0 1 0 0 3 0 0 1 0|2 1 5 0 0 1 1 1 0 0 2 3 2 4 1|3 1 2 1 1 0 0 1 8 0 9 0 0 1 3|0 4 4 1 1 1 1 2 2 2 1 1 6 0 2|3 2 2 1 4 5 3 10 11 1 0 3 1 0 1|2 3 1 2 1 2 2 1 1 0 1 2 1 1 3|0 0 1 5 0 3 1 2 1 1 0 4 3 1 4|3 6 2 0 0 5 4 4 1 2 0 1 3 0 1|1 1 0 4 0 4 1 3 1 1 0 5 1 1 0|3 4 0 2 7 3 2 0 5 3 2 2 2 1 0|0 0 1 3 2 2 3 2 1 1 1 2 1 2 1|0 2 1 2 4 2 1 3 3 4 1 0 0 1 9|3 2 1 1 2 6 0 3 1 3 0 2 4 0 1|5 4 4 3 2 1 2 1 2 1 3 2 1 7 2|0 1 0 0 1 1 4 0 1 0 0 12 1 1 0|1 3 2 0 2 0 0 1 1 5 3 0 1 5 2|5 0 0 2 0 2 0 1 5 1 1 1 4 2 2|0 3 2 2 5 3 3 2 1 1 3 1 3 1 8|4 0 2 2 3 0 1 2 1 1 0 4 0 0 2|2 2 3 2 3 4 3 3 4 0 0 0 1 4 0|1 5 3 7 3 4 0 2 0 1 4 2 4 4 2|0 0 3 1 0 0 7 1 1 6 5 1 3 2 2|2 3 8 6 2 0 3 2 0 5 2 4 5 1 3|3 2 2 0 3 2 1 2 2 13 1 1 0 1 2|1 0 6 2 2 2 4 3 2 2 2 2 4 3 1|1 0 3 2 1 0 7 2 4 1 1 2 1 1 1|0 2 0 4 4 0 0 1 1 1 5 1 0 3 2|2 0 1 0 4 1 4 0 0 1 4 0 3 2 5

第4个最优解：
Iter = 1894
Nfe = 95877
Fitness = 74.94381316683463
The number of total device = 960
The number of various devices = 64 64 64 64 64 64 64 64 64 64 64 64 64 64 64
The scheme of allocation = 3 1 2 1 3 0 1 3 3 0 4 3 1 2 0|0 3 6 1 1 2 0 0 1 2 1 4 5 3 3|0 0 7 2 0 0 2 2 13 0 1 2 1 0 2|1 1 1 5 3 2 1 2 6 5 1 1 2 1 1|2 0 0 3 6 2 1 0 3 4 1 0 1 1 1|1 1 1 4 0 3 3 1 1 0 3 1 2 3 0|0 2 8 2 2 6 1 16 1 3 1 4 0 5 0|2 3 2 0 1 0 2 4 2 2 2 3 3 1 1|4 0 1 0 0 0 1 4 1 2 2 0 4 7 7|1 0 1 3 1 1 1 1 1 3 0 1 0 5 5|2 1 0 2 3 3 2 1 0 2 2 4 2 2 5|2 1 4 2 2 1 0 0 0 5 3 0 4 4 0|7 1 3 2 2 1 1 1 1 0 3 1 1 3 1|1 2 2 2 3 0 3 2 0 1 1 3 3 2 1|1 0 2 1 3 0 0 2 3 3 1 3 2 2 0|1 1 1 1 1 1 0 3 1 1 2 3 5 2 0|0 5 6 5 6 5 6 0 2 1 2 0 1 1 4|3 0 2 0 0 1 1 4 3 1 1 3 0 1 4|4 2 0 2 3 1 2 3 1 1 5 0 1 0 3|0 8 3 6 0 3 0 2 1 0 1 3 3 2 3|0 4 1 2 2 1 11 2 0 1 0 0 0 0 3|1 3 1 2 1 0 8 3 2 3 0 1 2 3 0|2 0 1 1 1 2 0 1 1 2 1 2 1 0 0|3 11 2 5 2 4 0 3 1 0 7 2 2 2 7|4 4 1 1 0 2 2 0 1 10 3 4 5 3 1|5 1 1 2 0 1 5 0 0 3 2 7 2 1 2|1 0 0 0 7 0 0 1 1 1 0 1 2 3 3|1 1 1 2 0 2 2 0 2 1 2 2 2 0 3|3 1 0 0 4 6 5 0 1 0 1 3 1 1 1|3 4 2 4 1 12 3 1 10 1 4 2 3 1 0|3 1 0 0 0 1 0 1 1 2 6 0 1 2 3|3 2 2 1 6 1 0 1 0 4 1 1 2 1 0

第5个最优解：
Iter = 1687
Nfe = 85499
Fitness = 75.88755123694517
The number of total device = 960
The number of various devices = 64 64 64 64 64 64 64 64 64 64 64 64 64 64 64
The scheme of allocation = 0 5 4 0 3 3 0 1 5 0 3 1 1 2 3|2 2 1 1 0 3 1 4 3 1 1 1 2 1 2|2 6 2 0 2 1 6 0 3 7 3 2 1 3 4|2 1 7 0 1 7 0 3 3 0 2 0 0 6 3|1 0 1 1 1 2 0 3 0 2 4 1 1 1 0|0 0 2 0 8 4 1 2 0 1 1 2 0 2 1|5 3 1 2 0 0 2 0 4 1 1 6 1 0 0|2 1 1 3 1 4 2 2 2 3 0 4 2 2 0|3 1 0 2 4 1 1 1 8 1 6 1 2 4 2|3 0 1 2 1 2 2 2 1 2 1 6 1 0 2|2 1 8 0 11 1 1 0 3 1 0 2 2 3 0|1 6 0 2 1 1 1 1 2 5 2 0 8 1 0|5 0 1 2 1 1 2 3 0 4 0 4 3 4 4|1 0 4 3 5 1 7 4 1 7 4 7 2 0 0|1 1 1 8 0 1 2 1 2 1 1 5 3 1 0|1 0 5 3 2 3 0 2 0 4 1 1 1 5 5|3 4 6 3 1 1 3 2 1 2 1 3 4 1 3|0 1 2 0 1 2 0 2 1 1 4 0 2 5 0|3 5 1 3 3 2 0 1 1 1 2 0 3 0 1|2 4 2 3 1 4 5 2 2 1 2 0 4 2 1|0 2 0 6 2 1 3 2 2 2 1 1 3 2 8|2 2 2 3 0 0 2 5 2 1 1 4 1 1 3|2 1 1 0 2 3 2 2 2 0 2 1 2 4 3|0 0 1 0 2 0 1 0 3 3 4 0 1 0 2|2 2 3 1 0 0 13 2 7 2 1 0 1 3 4|3 7 1 1 0 1 0 1 0 5 1 0 0 2 1|1 0 3 0 2 5 1 4 0 0 1 1 0 1 0|0 0 0 1 1 0 1 1 1 1 0 1 3 2 0|1 1 1 2 2 1 1 0 2 0 2 2 4 1 1|4 1 0 2 0 3 0 1 0 0 1 4 2 2 5|6 3 1 5 6 0 2 0 0 1 1 3 4 1 4|4 4 1 5 0 6 2 10 3 4 10 1 0 2 2

第6个最优解：
Iter = 1931
Nfe = 97702
Fitness = 75.686963803164
The number of total device = 960
The number of various devices = 64 64 64 64 64 64 64 64 64 64 64 64 64 64 64
The scheme of allocation = 3 3 1 3 1 1 2 2 0 3 2 3 4 1 3|3 2 4 3 3 2 1 0 3 1 1 3 1 0 1|2 4 2 1 0 5 4 3 1 1 7 1 1 2 1|0 2 0 0 11 0 2 2 1 2 0 3 1 1 3|0 3 1 1 0 0 9 6 3 0 1 5 1 1 2|4 1 0 2 3 3 0 0 3 1 4 1 0 3 3|2 0 1 0 0 2 1 4 2 2 0 5 2 1 1|0 1 0 1 2 4 0 0 4 4 2 1 2 3 3|3 1 1 1 1 1 2 0 2 3 0 2 2 4 2|4 2 3 1 5 3 0 4 2 2 2 0 0 4 0|1 3 3 6 1 0 2 2 0 1 3 4 0 5 1|4 2 0 7 0 1 0 2 0 1 1 2 9 3 0|1 1 2 1 2 1 8 0 2 1 6 0 3 6 0|0 3 1 1 2 0 0 2 1 3 1 0 6 1 4|9 3 0 0 0 0 1 2 1 4 5 2 0 1 4|3 1 1 2 3 1 5 7 5 3 2 1 1 1 2|1 0 2 1 0 0 10 0 1 2 1 1 2 0 1|2 8 10 0 1 1 3 2 5 0 0 11 0 8 2|1 0 5 4 1 0 0 0 8 0 1 2 2 2 1|1 2 2 0 2 2 0 1 1 5 1 0 5 2 3|3 1 3 4 2 5 0 3 0 0 2 1 6 0 1|1 0 1 4 0 1 3 2 0 1 3 0 4 1 5|0 4 1 3 3 2 0 1 2 4 0 3 1 1 1|2 1 3 1 2 5 3 3 3 2 3 1 1 1 4|3 0 1 1 3 1 2 1 1 3 1 0 1 0 2|2 2 2 5 3 0 2 4 0 3 6 3 0 2 2|1 4 0 1 3 2 0 4 3 0 1 2 0 4 4|1 0 2 2 5 2 2 1 0 4 3 0 4 0 1|1 1 3 0 1 3 0 0 3 2 1 1 2 2 0|3 5 3 4 3 0 0 1 2 3 1 3 1 2 2|0 2 3 3 0 15 0 4 3 2 1 1 2 2 4|3 2 3 1 1 1 2 1 2 1 2 2 0 0 1

第7个最优解：
Iter = 1804
Nfe = 91406
Fitness = 75.35739435353584
The number of total device = 960
The number of various devices = 64 64 64 64 64 64 64 64 64 64 64 64 64 64 64
The scheme of allocation = 1 0 2 1 0 1 2 3 3 0 3 6 2 0 1|1 0 0 3 1 1 1 1 0 4 4 1 5 1 2|1 1 2 2 2 2 2 2 1 3 0 1 3 2 1|5 0 0 3 3 1 1 2 3 1 2 3 1 1 2|3 3 0 7 3 0 0 4 0 3 6 3 0 3 1|2 0 1 0 1 2 0 3 1 2 4 2 2 7 6|1 1 0 3 0 2 2 2 1 2 2 1 1 7 0|0 2 8 1 0 1 5 2 3 0 2 1 0 1 7|4 0 0 3 2 1 2 0 2 2 0 0 2 3 0|0 1 0 5 1 1 1 1 0 1 5 2 1 2 2|2 4 5 0 0 2 2 0 3 3 1 3 2 1 7|5 1 1 1 0 1 1 1 3 2 1 1 1 6 0|0 1 0 2 0 0 4 3 3 6 1 1 3 1 2|4 6 4 1 2 3 1 2 3 6 2 2 4 2 7|3 3 1 1 0 3 2 2 1 1 2 0 1 0 1|1 2 4 1 5 1 1 2 3 1 0 1 1 3 1|4 0 0 2 3 9 2 0 2 4 1 1 1 1 2|2 1 8 0 4 1 0 2 2 5 1 0 1 4 2|6 3 3 2 5 1 1 1 14 0 2 5 0 2 1|0 0 1 3 2 3 7 2 2 1 4 0 0 0 1|1 8 2 3 1 5 2 1 0 2 0 3 2 3 2|1 1 6 1 2 1 3 1 3 1 2 4 3 0 2|1 4 3 4 1 6 2 2 2 1 3 4 10 2 2|5 1 1 3 2 2 5 0 2 2 1 0 2 1 0|1 3 2 2 1 0 1 11 1 0 0 1 0 5 1|2 0 2 0 5 0 4 4 0 0 0 2 5 3 2|1 2 2 2 1 1 1 6 1 4 0 3 1 1 0|1 4 0 0 12 5 1 2 3 4 2 0 2 0 0|0 2 2 3 2 1 6 1 1 3 10 1 1 0 5|0 1 0 0 0 5 1 0 0 0 1 4 1 1 2|3 2 0 0 0 0 1 1 1 0 1 4 2 0 0|3 7 4 5 3 2 0 0 0 0 1 4 4 1 2

第8个最优解：
Iter = 1890
Nfe = 95670
Fitness = 74.80410652609694
The number of total device = 960
The number of various devices = 64 64 64 64 64 64 64 64 64 64 64 64 64 64 64
The scheme of allocation = 2 1 3 3 2 1 1 0 0 3 1 1 0 3 1|2 3 2 0 0 0 3 1 2 2 1 0 3 0 1|1 1 0 2 11 0 4 2 0 1 5 1 2 1 1|12 0 3 1 0 3 3 3 0 0 1 6 1 1 2|1 6 2 0 1 11 2 1 2 0 2 0 1 0 0|2 5 1 2 0 1 1 0 2 6 9 1 3 2 0|3 0 0 3 2 5 2 2 1 0 1 4 2 0 2|2 15 1 3 2 0 2 0 1 0 4 3 3 2 4|2 1 1 4 2 1 5 5 0 2 1 4 0 0 1|1 1 2 4 2 2 0 5 2 2 1 1 2 2 1|2 2 2 0 2 1 3 3 1 2 1 0 1 4 5|4 0 1 0 2 2 0 4 1 2 1 0 12 1 3|0 2 1 0 1 3 0 3 0 0 0 0 0 3 0|6 0 2 2 0 1 3 1 1 1 2 2 1 3 2|2 1 3 3 2 0 2 0 4 2 2 11 1 1 2|2 5 2 0 1 7 2 6 2 6 1 4 2 1 2|3 0 2 1 0 4 1 1 0 3 1 0 0 1 4|2 4 3 2 0 4 1 0 5 1 2 1 2 5 1|1 2 1 5 1 3 3 3 0 2 0 1 1 3 5|0 1 2 2 0 0 0 2 3 3 8 0 4 4 0|1 1 10 2 1 3 2 1 2 5 0 2 3 4 2|0 1 0 1 0 0 3 0 2 1 3 2 2 3 0|2 1 2 4 2 1 2 0 3 4 2 4 0 1 0|4 2 3 8 1 2 1 4 3 1 2 2 1 4 0|0 1 0 2 0 1 0 2 4 2 0 1 2 1 0|1 0 1 1 3 1 4 1 5 0 4 1 5 2 1|2 0 7 0 16 0 1 2 0 1 1 0 3 0 0|2 0 0 2 1 2 5 3 3 1 0 1 5 1 6|0 3 0 2 4 1 2 2 2 3 1 0 0 0 8|0 2 3 1 2 0 2 4 2 2 2 2 0 4 0|2 1 3 0 0 1 2 2 3 2 3 5 1 1 8|0 2 1 4 3 3 2 1 8 4 2 4 1 6 2

第9个最优解：
Iter = 1894
Nfe = 95797
Fitness = 74.85072899948288
The number of total device = 960
The number of various devices = 64 64 64 64 64 64 64 64 64 64 64 64 64 64 64
The scheme of allocation = 2 1 2 1 2 1 8 4 1 3 0 1 0 1 2|1 2 1 0 2 0 1 4 0 0 2 0 3 2 15|1 0 2 0 3 2 3 2 1 3 2 2 2 3 0|4 3 1 2 0 0 1 1 3 2 2 0 7 0 2|1 1 2 17 2 2 3 2 0 2 2 2 7 1 0|4 2 0 1 4 3 5 3 2 2 2 0 5 2 0|2 1 2 5 2 1 0 3 0 0 0 3 0 3 4|2 4 1 1 0 1 2 8 1 3 2 1 2 3 4|0 2 3 4 1 2 0 2 0 0 0 1 3 2 0|7 1 1 1 2 4 3 0 1 2 4 2 2 1 1|0 2 9 0 9 1 0 1 1 2 2 0 0 5 2|4 2 2 1 0 2 4 2 0 6 2 3 2 1 1|0 1 1 0 2 5 0 0 0 0 0 1 3 3 0|1 2 5 1 2 4 1 1 5 4 1 2 1 2 1|3 1 0 0 0 0 6 1 2 5 1 1 1 4 2|0 1 0 2 3 3 2 1 1 4 0 0 0 0 1|3 4 1 3 3 2 5 11 4 0 1 11 2 5 0|0 6 4 3 1 1 1 0 9 3 4 2 2 0 2|2 1 1 2 0 3 0 0 2 2 4 2 0 3 0|2 1 2 4 3 5 2 1 2 0 2 0 3 2 3|1 2 1 3 1 2 4 0 1 0 4 0 4 2 1|0 1 3 2 2 1 0 2 0 1 1 0 0 2 2|1 0 2 1 3 4 1 2 3 0 2 1 2 1 1|14 4 3 2 0 0 2 3 1 0 3 1 0 0 1|1 2 3 1 0 2 2 1 5 1 0 1 0 1 1|3 2 0 1 1 4 2 3 1 2 2 5 0 0 7|0 1 2 4 4 2 0 2 4 0 8 3 1 0 2|1 0 0 0 3 1 0 1 2 1 2 4 1 2 1|1 1 1 1 5 3 1 1 4 5 0 9 4 1 2|1 6 2 1 2 0 2 1 1 0 7 1 3 4 1|0 6 1 0 1 1 2 0 4 7 2 1 4 0 1|2 1 6 0 1 2 1 1 3 4 0 4 0 8 4

第10个最优解：
Iter = 1665
Nfe = 84283
Fitness = 75.4426252627757
The number of total device = 960
The number of various devices = 64 64 64 64 64 64 64 64 64 64 64 64 64 64 64
The scheme of allocation = 3 2 1 0 0 3 2 0 1 1 2 4 0 1 11|1 3 3 5 1 1 3 5 0 9 0 1 4 1 2|1 2 4 3 1 0 0 3 0 0 0 0 2 0 6|4 6 0 2 2 2 4 2 1 0 4 4 1 1 1|1 2 0 2 1 0 0 1 3 2 4 12 3 1 1|3 2 0 1 2 1 3 0 2 2 3 1 1 3 0|3 3 3 2 3 5 1 4 0 1 2 2 0 1 2|0 3 1 3 1 2 2 3 1 2 0 1 2 5 2|5 3 1 0 3 2 1 1 0 2 0 0 7 1 2|0 1 1 1 1 1 4 2 0 2 4 0 6 3 0|5 4 0 3 0 1 3 1 0 0 3 2 1 2 0|1 1 2 7 5 1 3 2 3 0 0 2 1 3 6|1 1 0 3 2 0 3 5 2 1 2 2 4 1 2|1 0 5 3 3 2 1 0 8 0 0 4 0 3 1|7 0 6 0 0 3 6 4 3 2 3 2 0 1 2|5 2 1 0 4 8 2 2 2 1 6 0 6 11 0|2 3 0 1 2 0 2 2 3 3 0 1 0 3 0|2 0 10 5 2 3 1 2 1 8 2 2 1 3 6|2 1 1 0 2 5 2 2 2 8 7 7 3 0 0|3 3 1 2 0 1 1 2 1 2 1 1 2 2 2|0 2 0 1 0 0 1 4 4 0 3 0 6 2 1|3 1 5 1 0 2 0 2 4 1 2 2 1 2 1|1 1 2 4 3 2 0 0 2 2 0 6 1 0 2|1 0 1 2 5 1 0 0 1 0 0 0 2 1 3|0 8 6 3 0 2 2 2 3 1 2 1 1 1 2|1 0 2 0 5 0 0 2 2 2 3 0 0 0 3|1 2 1 1 4 1 2 2 1 6 1 1 2 4 0|1 2 3 2 0 0 2 1 3 0 0 2 2 1 0|2 1 3 0 7 2 0 0 1 2 1 0 0 0 0|1 1 0 4 3 3 1 0 5 2 4 0 0 3 3|2 1 1 3 2 4 7 3 2 1 4 2 3 2 1|1 3 0 0 0 6 5 5 3 1 1 2 2 2 2

第11个最优解：
Iter = 1953
Nfe = 98855
Fitness = 74.74771903681311
The number of total device = 960
The number of various devices = 64 64 64 64 64 64 64 64 64 64 64 64 64 64 64
The scheme of allocation = 1 2 3 6 3 10 2 2 3 1 0 0 1 1 5|2 1 1 2 1 2 0 2 3 2 3 3 3 2 1|1 2 8 0 1 0 0 3 0 0 3 2 1 3 0|0 2 0 2 4 0 0 3 1 1 1 1 3 0 1|3 0 0 0 4 0 0 1 0 3 0 1 2 1 0|1 0 2 2 4 3 0 1 5 3 2 0 5 3 1|1 1 1 1 8 1 1 1 2 7 4 0 0 0 2|0 0 0 0 5 1 3 1 2 3 0 1 1 4 1|3 3 2 3 1 2 1 3 3 1 9 5 6 1 2|1 0 3 5 1 2 3 1 1 2 1 3 4 0 2|0 1 0 1 0 0 5 1 0 4 3 2 0 4 3|4 15 0 6 2 3 0 3 1 1 6 0 7 3 0|4 1 3 2 2 1 3 0 2 1 1 3 1 0 1|1 2 4 3 3 2 0 2 4 0 4 1 2 1 5|0 1 2 2 1 1 3 3 4 3 1 2 2 9 0|4 1 2 1 1 1 4 3 0 0 4 3 0 1 2|3 0 3 2 3 0 2 3 0 3 0 0 1 1 5|2 2 1 2 2 4 1 2 0 3 2 11 3 0 2|13 0 3 1 1 1 4 2 0 1 2 1 1 5 0|1 0 1 0 3 4 6 3 3 0 2 0 2 3 2|3 12 1 2 0 3 0 0 2 2 2 3 1 1 1|1 2 2 4 0 12 1 1 5 0 0 3 1 6 1|0 2 2 5 2 1 0 0 7 2 1 1 10 1 3|2 2 1 0 1 0 2 1 0 5 0 1 0 0 3|0 1 1 2 1 0 4 0 0 1 2 0 0 1 14|2 5 2 1 3 0 2 2 6 3 0 2 1 2 0|1 2 7 0 1 3 0 6 0 1 3 2 2 2 2|0 1 1 2 1 0 4 2 1 2 1 1 1 0 1|2 1 0 0 1 1 3 4 2 0 4 0 0 6 0|0 1 1 3 1 1 3 4 2 7 2 2 2 3 0|2 0 6 3 1 1 5 0 4 1 1 9 0 0 2|6 1 1 1 2 4 2 4 1 1 0 1 1 0 2

第12个最优解：
Iter = 1871
Nfe = 94715
Fitness = 74.61565427563718
The number of total device = 960
The number of various devices = 64 64 64 64 64 64 64 64 64 64 64 64 64 64 64
The scheme of allocation = 0 0 1 1 3 3 4 1 0 1 1 1 1 1 1|3 3 3 1 2 1 1 4 1 4 0 0 3 1 6|0 6 2 3 3 1 1 2 1 0 22 3 3 1 2|4 2 0 5 2 0 1 0 4 2 0 3 3 2 1|4 1 1 4 2 2 1 1 1 2 2 2 1 4 5|4 0 0 4 0 3 0 6 2 0 2 2 5 2 1|4 4 1 0 2 2 0 1 1 0 2 0 2 0 1|3 1 2 0 1 2 0 1 1 8 2 2 10 2 1|1 3 2 1 1 5 3 0 5 1 2 0 7 0 2|1 2 3 0 0 1 0 5 1 2 2 3 0 2 1|5 2 3 2 3 2 16 1 1 5 4 1 1 0 6|4 0 2 2 1 2 2 1 2 1 4 3 2 2 1|1 0 0 1 1 4 5 3 0 3 1 2 0 3 7|1 3 1 3 1 3 1 1 2 3 1 5 1 0 2|0 1 3 3 1 1 3 3 1 0 0 3 2 2 1|2 6 2 2 1 0 0 3 1 3 5 1 2 2 1|1 0 3 0 2 4 0 3 8 0 0 4 0 3 4|1 0 1 0 3 0 1 2 0 4 2 0 2 0 0|2 0 3 4 3 2 1 3 0 4 0 1 1 6 2|0 1 3 2 13 2 2 4 2 1 1 2 0 4 0|1 4 2 2 11 3 0 1 4 2 0 0 1 9 1|2 5 2 3 1 2 1 2 6 0 1 1 3 1 0|1 1 0 0 1 4 1 0 3 0 3 1 2 0 1|2 1 0 5 2 0 3 2 0 0 0 3 0 0 0|3 1 8 5 1 5 0 2 4 5 1 2 1 1 1|2 6 8 1 1 0 3 1 7 0 0 1 4 4 1|3 0 0 3 0 2 2 1 0 5 0 0 2 0 9|0 1 0 2 0 2 1 0 1 2 1 1 0 2 1|1 3 1 1 0 2 1 2 2 1 0 0 1 2 2|0 2 3 3 1 0 3 3 3 1 4 12 2 1 2|6 3 1 1 0 1 2 0 0 1 1 2 1 2 0|2 2 3 0 1 3 5 5 0 3 0 3 1 5 1

第13个最优解：
Iter = 1803
Nfe = 91203
Fitness = 74.77405546057098
The number of total device = 960
The number of various devices = 64 64 64 64 64 64 64 64 64 64 64 64 64 64 64
The scheme of allocation = 1 3 2 3 1 7 1 2 1 3 1 4 1 1 1|0 2 9 0 6 1 1 1 2 2 1 1 3 1 7|0 1 2 0 2 3 5 3 1 0 2 3 6 2 0|1 7 0 4 0 0 1 2 3 2 1 0 0 0 0|3 4 0 5 0 1 5 1 2 0 1 6 2 1 5|4 8 3 0 3 5 1 1 2 3 2 1 6 3 0|0 2 0 1 2 0 3 1 2 1 3 2 1 2 2|2 2 6 3 1 0 1 0 0 3 2 2 1 2 4|0 0 2 2 1 0 0 2 1 1 1 3 3 6 1|5 3 1 0 4 1 1 0 4 0 3 2 2 3 1|12 1 3 1 0 2 4 2 0 3 2 3 2 2 7|1 3 1 0 1 3 2 1 0 4 2 1 4 4 4|6 1 0 6 5 1 3 1 1 1 1 0 1 2 0|2 2 0 1 3 2 1 17 2 2 4 5 0 0 1|2 3 3 2 1 2 3 3 4 1 4 2 5 6 3|1 1 4 0 4 4 1 1 3 0 0 0 2 0 0|1 0 3 2 0 1 0 1 1 1 1 1 0 1 2|3 1 0 5 0 3 1 1 3 3 1 0 6 3 1|1 0 1 1 3 2 1 0 0 3 0 0 1 0 0|1 0 3 1 1 2 1 0 3 2 0 0 0 2 0|1 2 1 1 5 4 1 2 3 1 6 4 2 0 1|0 0 2 0 4 1 5 3 1 9 0 1 0 1 0|0 1 0 5 0 6 2 3 6 0 3 1 2 4 1|2 0 0 1 0 1 1 1 0 10 2 2 1 3 2|4 6 2 3 2 2 0 4 7 1 1 6 8 0 2|4 1 1 0 4 1 3 4 0 0 2 1 1 4 1|1 0 6 0 5 1 0 2 1 0 8 3 1 3 5|1 1 2 1 3 1 3 1 3 1 2 0 0 2 5|2 1 1 4 0 0 4 1 4 1 1 6 1 2 3|2 3 5 2 3 3 5 2 3 0 0 0 2 1 0|1 2 0 6 0 0 4 0 0 3 6 3 0 2 2|0 3 1 4 0 4 0 1 1 3 1 1 0 1 3

第14个最优解：
Iter = 1749
Nfe = 88532
Fitness = 75.34108647609489
The number of total device = 960
The number of various devices = 64 64 64 64 64 64 64 64 64 64 64 64 64 64 64
The scheme of allocation = 0 0 3 1 0 1 0 0 5 3 2 5 1 0 1|2 4 2 3 2 1 1 2 1 1 1 0 7 1 4|1 1 7 1 1 3 0 1 2 7 1 0 2 3 3|0 1 3 1 2 1 2 2 1 3 1 4 0 0 1|2 3 2 2 0 0 0 3 3 2 0 0 5 5 3|0 1 2 3 1 6 1 1 1 2 3 2 2 0 0|3 5 1 1 6 5 0 2 1 1 0 2 2 1 0|1 5 3 0 1 2 3 4 6 3 6 0 1 1 3|0 11 1 3 4 1 2 5 0 0 2 6 3 10 2|0 1 1 1 1 1 1 7 2 2 4 1 3 2 0|2 1 7 0 1 1 6 4 0 6 0 1 0 0 2|3 1 0 2 6 2 4 0 0 0 3 1 0 2 0|6 0 1 0 7 1 1 1 2 0 6 2 2 2 0|4 2 3 0 1 3 7 1 2 1 4 0 1 0 1|1 1 5 6 2 3 2 2 5 1 5 4 2 0 0|2 4 0 12 1 0 0 0 2 2 3 1 0 1 4|2 0 2 1 1 1 1 0 0 3 2 3 2 5 2|0 2 1 1 3 3 2 1 2 3 2 1 1 1 2|2 2 3 2 1 3 1 0 3 4 5 4 0 1 2|4 0 1 0 0 1 3 3 1 3 3 4 2 0 1|2 2 3 4 1 4 1 3 1 1 0 8 2 3 0|0 0 1 0 0 2 1 6 2 2 1 1 3 2 1|1 2 1 3 9 4 3 1 5 1 2 2 1 1 1|12 1 1 2 1 0 7 0 3 2 2 0 1 3 3|3 4 3 1 0 5 2 4 2 3 1 2 1 0 5|0 2 1 0 0 2 1 2 0 0 1 0 5 1 4|0 2 0 3 3 1 8 6 1 2 0 3 2 3 0|1 1 1 1 1 3 0 0 0 1 1 2 0 0 3|0 0 1 4 1 0 0 0 3 3 1 0 0 12 2|2 1 1 3 1 1 2 2 0 0 0 2 9 1 1|3 0 2 1 2 1 2 0 4 2 1 0 1 3 0|5 4 1 2 4 2 0 1 4 0 1 3 3 0 13

第15个最优解：
Iter = 1972
Nfe = 99818
Fitness = 75.02272448224075
The number of total device = 960
The number of various devices = 64 64 64 64 64 64 64 64 64 64 64 64 64 64 64
The scheme of allocation = 2 1 2 1 3 3 1 1 3 1 1 2 2 7 1|4 5 0 7 1 0 2 0 6 5 0 1 1 2 0|0 5 2 2 4 3 0 0 2 4 0 0 0 0 2|4 1 0 2 4 1 1 0 0 2 3 0 0 2 1|3 2 4 6 1 0 2 7 0 1 2 3 0 0 0|3 2 4 4 15 2 1 2 2 2 0 1 2 1 0|4 1 1 4 1 2 2 2 3 1 2 2 3 3 5|0 3 0 2 3 2 2 2 1 3 0 0 2 0 0|3 0 5 1 3 3 2 2 1 0 4 1 1 1 2|3 3 7 1 3 1 2 6 1 1 2 0 4 1 4|1 2 1 1 1 1 0 1 8 1 1 0 5 2 1|2 0 1 2 1 3 4 0 1 1 4 1 3 0 2|2 2 3 0 2 2 3 2 2 1 3 3 1 2 1|0 2 0 4 2 3 5 6 2 6 0 2 4 1 2|5 1 2 0 2 0 5 2 4 1 2 1 3 1 1|1 5 2 4 1 9 5 0 0 0 2 1 0 3 3|1 0 1 1 1 0 3 3 3 1 11 4 2 0 1|3 0 3 0 1 1 2 3 2 2 1 1 9 1 2|1 3 4 1 0 4 2 2 0 2 5 1 0 3 3|1 5 3 1 1 0 1 2 1 0 4 1 1 1 0|2 1 0 0 0 12 0 1 1 3 4 2 2 5 2|4 4 1 1 1 0 2 3 0 5 0 4 1 4 1|5 7 3 4 2 7 9 2 3 4 0 5 3 1 4|1 4 3 0 0 1 1 2 4 1 1 1 2 6 2|2 2 0 1 1 1 0 1 1 1 1 2 1 5 2|1 1 1 6 1 0 0 1 0 0 3 2 0 0 0|0 0 3 3 1 3 2 0 5 4 2 0 2 0 5|1 0 1 0 1 0 2 0 3 4 0 10 1 0 3|0 1 0 2 1 0 0 5 1 2 0 2 2 4 1|2 1 1 2 1 0 1 0 4 0 1 10 0 4 2|1 0 5 1 2 0 0 5 0 3 2 1 0 3 3|2 0 1 0 3 0 2 1 0 2 3 0 7 1 8

第16个最优解：
Iter = 1892
Nfe = 95807
Fitness = 75.02934868744698
The number of total device = 960
The number of various devices = 64 64 64 64 64 64 64 64 64 64 64 64 64 64 64
The scheme of allocation = 2 0 2 2 2 0 0 3 2 0 2 2 2 7 1|2 4 1 4 1 0 0 4 1 2 2 2 1 3 5|3 1 6 0 1 2 1 3 6 1 4 0 0 0 2|0 0 1 0 9 2 6 5 0 1 0 2 2 0 3|6 0 2 2 1 2 6 2 0 0 1 0 6 5 3|1 1 0 11 1 5 1 4 3 9 0 2 6 1 2|1 0 1 4 1 0 4 2 1 6 3 3 0 1 0|1 2 3 1 4 1 2 3 0 1 3 0 1 0 3|5 1 2 1 3 5 2 4 0 2 1 2 0 1 0|0 1 1 0 0 2 0 1 0 3 4 3 1 1 1|2 0 2 4 2 0 2 0 0 1 6 3 1 4 2|3 1 3 2 2 2 3 0 0 2 5 2 0 2 2|1 3 2 0 3 1 0 0 2 3 2 0 1 4 3|2 2 0 2 2 4 0 0 2 1 0 4 1 3 0|1 4 1 2 1 0 5 0 0 1 4 2 1 2 3|1 3 7 1 1 0 1 2 0 1 0 1 1 2 0|0 4 0 2 2 0 4 1 2 1 0 2 7 1 3|13 1 0 0 0 2 2 4 9 4 2 3 2 1 2|1 1 0 5 7 5 3 3 3 3 1 0 0 2 2|0 5 2 3 4 1 0 2 2 0 2 3 2 1 1|1 1 2 2 0 4 1 2 3 6 0 1 3 3 1|2 1 3 3 2 0 1 4 1 1 2 2 3 3 0|1 0 3 1 3 5 1 0 3 1 3 3 3 1 0|0 4 6 2 3 5 1 0 1 0 1 1 5 3 3|2 0 1 0 1 2 1 2 3 5 1 4 0 2 2|2 0 4 0 0 0 1 0 2 1 2 0 9 5 7|3 5 3 2 3 0 1 1 1 0 0 2 1 2 2|4 3 0 1 2 1 3 7 3 0 4 2 4 0 6|0 1 3 1 1 3 1 1 0 0 4 4 0 0 1|1 5 0 0 1 4 4 1 13 4 3 2 0 1 0|1 9 2 4 1 4 3 2 0 3 2 0 0 1 2|2 1 1 2 0 2 4 1 1 1 0 7 1 2 2

第17个最优解：
Iter = 1829
Nfe = 92588
Fitness = 75.31705926824024
The number of total device = 960
The number of various devices = 64 64 64 64 64 64 64 64 64 64 64 64 64 64 64
The scheme of allocation = 3 1 6 2 1 4 1 2 1 0 2 7 1 2 1|5 1 2 3 6 1 0 1 3 1 9 3 2 5 14|13 4 0 1 1 1 1 3 0 2 2 2 2 0 3|2 1 3 1 1 0 9 1 1 2 0 2 3 0 1|0 0 2 0 0 4 2 7 1 1 1 1 2 3 1|2 0 2 0 1 0 1 2 0 1 2 2 3 2 4|1 2 0 3 3 6 3 2 1 3 1 0 1 0 4|4 2 8 10 3 1 1 9 4 1 6 3 5 1 2|2 4 0 1 1 2 4 4 2 6 1 0 1 2 0|0 1 1 1 3 2 2 0 2 2 3 1 0 3 0|1 0 3 0 3 4 0 2 1 0 0 1 3 2 2|1 0 1 1 3 4 2 2 2 3 3 4 0 1 1|2 16 3 1 2 0 2 1 1 6 7 0 1 3 2|2 1 1 0 1 5 2 1 1 3 0 2 7 0 3|0 3 3 6 2 1 0 0 1 2 0 5 3 1 1|1 10 4 4 2 3 1 2 4 2 3 6 1 1 1|0 1 3 3 4 0 1 2 4 3 3 2 2 5 6|0 1 2 2 4 1 3 1 2 2 1 0 0 1 0|2 1 1 3 1 0 0 4 2 2 1 0 1 1 2|0 0 2 1 2 1 2 0 3 0 0 3 3 2 0|2 0 2 2 3 2 5 2 2 0 3 3 5 0 0|2 0 0 1 0 0 7 2 5 1 0 1 1 2 2|2 0 0 1 0 2 0 4 6 2 2 5 2 1 4|0 0 4 1 6 0 2 1 1 0 5 0 2 3 3|8 0 1 2 0 1 2 1 3 2 3 1 1 10 1|3 3 0 1 2 15 0 2 3 6 0 1 2 1 0|0 1 2 1 1 0 1 1 1 1 1 0 2 3 3|2 1 0 3 0 0 2 0 4 0 1 3 4 4 2|3 3 2 1 4 0 0 2 0 2 0 3 1 1 0|0 2 4 5 1 1 3 0 2 5 0 2 2 1 1|0 2 1 0 1 0 5 0 0 1 1 0 1 1 0|1 3 1 3 2 3 0 3 1 2 3 1 0 2 0

第18个最优解：
Iter = 1875
Nfe = 94859
Fitness = 75.84351484009458
The number of total device = 960
The number of various devices = 64 64 64 64 64 64 64 64 64 64 64 64 64 64 64
The scheme of allocation = 0 3 0 2 2 4 2 2 1 0 1 1 0 1 1|2 3 0 0 4 2 1 2 0 3 2 4 0 6 5|1 2 4 2 0 2 0 3 0 3 0 0 3 1 0|1 1 0 0 2 2 1 1 1 0 1 2 2 0 7|2 1 1 3 2 3 3 1 1 2 1 4 3 3 2|2 3 5 3 1 5 0 0 2 1 5 1 2 1 3|1 2 4 1 6 0 3 4 0 2 3 7 1 1 1|2 1 2 1 3 0 0 4 3 1 1 3 1 3 1|1 2 0 0 0 2 3 0 6 2 2 3 2 1 0|2 0 5 4 1 2 3 2 6 0 2 2 1 2 3|4 1 4 0 1 0 0 1 2 0 1 2 2 0 2|1 2 1 3 1 1 7 1 0 0 0 0 3 4 0|1 2 0 1 5 1 2 3 2 1 3 2 1 8 4|1 1 1 1 0 7 0 3 5 0 3 2 3 0 1|4 6 0 2 4 3 0 0 0 1 6 3 2 8 1|1 2 3 3 0 2 2 1 2 1 0 2 1 2 4|0 2 2 4 4 2 2 4 0 3 0 2 1 1 0|2 3 5 0 2 3 0 0 0 2 4 2 11 4 0|1 2 5 3 2 2 1 9 6 0 2 4 2 1 3|8 5 3 4 4 1 1 2 1 0 0 1 3 3 1|2 2 2 1 1 0 1 0 3 0 6 0 4 1 2|2 1 6 1 1 2 3 1 2 1 1 0 4 2 1|3 2 0 2 6 2 7 1 0 4 3 4 5 1 2|0 3 2 0 2 1 3 2 3 5 2 4 3 1 1|4 2 0 2 1 5 6 0 4 1 1 0 1 0 0|1 0 0 8 0 0 2 3 0 2 0 1 0 1 3|1 5 0 6 2 0 5 2 5 2 1 0 0 1 0|2 0 4 2 2 0 1 1 1 11 3 2 0 1 5|4 1 2 0 2 5 4 2 0 3 2 1 1 0 1|3 4 2 4 0 1 1 6 4 2 2 3 0 2 5|2 0 0 1 1 3 0 1 1 10 6 2 0 3 3|3 0 1 0 2 1 0 2 3 1 0 0 2 1 2

第19个最优解：
Iter = 1971
Nfe = 99727
Fitness = 74.7592790566427
The number of total device = 960
The number of various devices = 64 64 64 64 64 64 64 64 64 64 64 64 64 64 64
The scheme of allocation = 0 0 3 1 2 6 2 1 0 1 2 1 0 0 0|4 3 0 1 2 2 4 1 6 0 2 2 2 3 4|1 2 2 3 2 0 2 6 1 11 2 1 1 2 1|1 0 3 5 2 2 2 2 2 0 0 2 1 0 1|14 1 3 0 2 0 4 2 4 2 1 5 0 1 2|0 7 1 6 3 1 5 1 10 1 0 1 0 2 2|4 3 3 1 8 0 1 5 1 0 1 1 0 6 1|1 2 0 4 1 5 1 3 0 0 0 4 9 1 1|4 2 0 9 1 0 1 3 2 2 3 3 1 4 5|3 2 8 2 1 1 3 0 0 1 2 5 1 3 3|1 1 4 0 4 0 5 3 0 0 2 2 0 1 6|3 3 2 0 5 2 0 2 0 1 2 0 0 1 4|2 0 1 1 0 3 3 0 0 4 2 2 3 6 2|4 11 5 0 0 0 3 2 1 1 2 2 1 3 2|2 2 1 5 2 2 1 1 6 1 0 1 6 2 1|1 2 2 2 0 0 2 0 1 2 1 2 1 0 3|0 1 1 2 0 5 0 1 0 2 12 7 0 1 3|2 2 1 0 1 3 0 3 4 1 1 1 4 1 1|3 0 0 0 2 2 0 0 1 2 1 0 1 0 0|1 5 2 1 5 6 3 2 3 1 1 1 3 4 2|0 2 3 0 3 0 2 2 0 2 2 1 5 0 1|1 0 2 2 3 0 1 0 3 0 1 2 2 3 0|0 2 2 2 1 5 3 5 1 2 5 1 2 0 3|0 2 0 1 0 0 0 2 0 5 4 1 3 0 0|2 1 2 1 1 1 1 4 1 2 10 0 0 1 4|1 1 1 4 2 4 2 0 1 2 0 0 2 5 1|3 1 1 5 3 1 1 5 5 0 0 2 1 1 2|0 1 2 0 2 4 2 0 3 2 1 0 0 1 0|3 4 2 2 1 4 2 2 1 8 1 9 6 3 0|0 1 1 1 2 3 1 0 4 0 0 1 4 6 5|2 0 3 2 2 1 2 0 2 6 2 0 2 2 0|1 0 3 1 1 1 5 6 1 2 1 4 3 1 4

第20个最优解：
Iter = 1751
Nfe = 88607
Fitness = 76.24529067875861
The number of total device = 960
The number of various devices = 64 64 64 64 64 64 64 64 64 64 64 64 64 64 64
The scheme of allocation = 4 3 2 1 1 2 3 0 0 4 2 3 3 1 0|1 9 2 3 2 0 1 0 2 1 3 1 1 3 2|2 5 2 0 5 1 6 3 0 1 0 3 0 2 1|2 1 5 2 2 0 0 4 2 3 3 3 0 1 4|0 4 3 0 3 2 0 1 0 1 0 0 2 1 7|3 1 4 2 1 6 6 4 0 2 5 3 3 0 2|3 0 1 3 1 4 3 3 2 4 0 2 2 2 1|2 1 1 0 1 0 0 0 1 2 1 0 1 2 1|2 6 0 2 4 2 1 0 2 4 4 11 5 1 3|2 1 1 0 1 3 1 2 1 3 4 1 5 0 0|2 0 1 0 0 2 1 0 1 2 0 3 0 1 1|0 1 8 1 2 0 1 2 0 0 4 3 3 1 4|2 2 1 2 3 1 0 1 1 0 5 4 6 1 4|0 0 0 0 2 3 5 0 6 1 8 0 0 0 4|1 1 1 4 0 0 1 1 8 3 1 1 3 3 0|0 1 0 1 2 1 0 0 4 4 1 2 3 2 0|7 4 3 6 4 1 4 4 3 3 1 1 0 4 5|5 2 4 1 3 1 7 1 3 3 2 5 1 1 1|1 3 2 9 3 0 2 3 1 5 2 2 2 2 1|0 3 1 0 1 12 0 0 0 1 1 1 0 1 1|3 1 0 1 0 2 0 6 3 2 0 2 3 0 1|1 0 1 5 4 3 2 1 4 0 3 2 2 4 2|1 0 3 3 3 1 1 2 0 1 5 0 3 3 3|5 3 3 2 1 2 5 4 2 2 1 1 0 3 0|2 4 2 1 5 5 2 1 6 1 2 3 0 3 1|0 2 2 1 4 0 4 3 2 1 0 0 3 3 1|5 3 1 3 2 1 0 3 3 1 1 0 1 2 1|1 1 2 0 1 0 1 1 0 1 0 0 2 6 1|1 1 5 2 1 5 0 4 0 1 1 2 1 7 3|1 1 2 0 0 0 2 2 1 0 3 0 4 1 4|2 0 0 6 0 1 3 6 1 3 0 3 1 3 1|3 0 1 3 2 3 2 2 5 4 1 2 4 0 4

第21个最优解：
Iter = 1970
Nfe = 99791
Fitness = 75.13516637128991
The number of total device = 960
The number of various devices = 64 64 64 64 64 64 64 64 64 64 64 64 64 64 64
The scheme of allocation = 2 0 2 1 0 2 2 1 0 1 1 2 7 0 0|0 7 1 3 4 4 2 0 0 4 2 3 1 3 0|0 4 0 1 2 1 3 3 1 1 3 0 1 3 0|0 3 4 5 1 1 3 1 1 1 1 1 1 0 3|0 2 1 11 1 0 4 1 0 3 4 1 1 6 5|1 2 0 1 2 1 0 0 3 3 2 2 2 2 1|11 1 5 1 2 0 1 1 4 0 3 0 1 2 1|1 1 2 2 1 0 2 0 4 2 0 2 1 12 4|0 3 4 0 4 0 1 3 4 2 1 6 5 0 4|3 3 3 2 3 2 2 2 1 3 5 1 2 1 2|1 2 2 1 3 2 0 5 2 2 0 0 1 0 1|1 3 4 0 0 4 1 7 0 3 0 1 3 4 2|3 1 2 0 2 4 3 1 0 7 2 3 0 0 1|0 1 5 3 0 1 0 4 2 3 2 0 2 2 0|5 4 2 1 3 1 5 1 3 4 1 2 0 0 1|1 0 0 0 0 3 2 1 3 3 1 0 5 3 0|2 0 2 1 3 4 1 3 0 5 0 0 2 1 0|1 3 4 2 3 1 5 2 1 4 1 3 0 1 1|1 0 3 0 1 0 2 6 3 2 5 6 2 0 0|1 1 1 5 0 1 4 2 1 0 2 0 0 2 0|0 3 0 0 2 5 0 3 2 0 3 2 5 0 0|3 4 2 2 3 1 0 0 2 2 2 1 2 5 3|1 0 0 1 1 8 2 1 4 2 2 1 3 2 18|6 1 0 0 0 2 2 0 2 2 1 7 3 0 4|2 0 4 5 0 3 1 3 0 1 2 2 2 0 1|1 2 2 7 2 1 2 0 7 1 1 3 0 0 2|0 3 1 2 6 0 1 2 1 0 2 7 5 1 1|3 2 2 1 2 0 3 2 1 1 1 3 0 3 4|4 1 1 0 5 2 2 2 5 0 9 4 1 5 0|5 1 2 5 2 2 4 0 1 1 3 0 2 1 2|0 1 1 1 3 1 1 2 2 0 2 1 2 1 2|5 5 2 0 3 7 3 5 4 1 0 0 2 4 1

第22个最优解：
Iter = 1546
Nfe = 78230
Fitness = 75.26787813726851
The number of total device = 960
The number of various devices = 64 64 64 64 64 64 64 64 64 64 64 64 64 64 64
The scheme of allocation = 4 0 5 1 2 0 0 0 0 2 6 1 0 2 4|4 0 1 0 0 3 0 2 3 9 0 2 1 2 1|1 2 2 4 2 7 3 0 1 0 0 4 0 1 2|3 7 1 3 1 1 1 4 1 1 3 6 4 0 1|4 2 2 1 1 2 2 0 1 2 0 1 10 0 1|1 4 2 4 1 0 2 3 0 0 0 2 4 4 3|5 1 2 3 1 3 2 0 2 2 1 1 0 0 1|1 1 5 0 2 2 4 1 0 1 3 1 1 1 1|1 2 1 2 2 2 6 0 2 0 4 2 4 3 1|2 3 1 7 4 2 2 3 2 1 2 4 1 0 1|1 2 0 3 0 1 9 3 2 0 1 3 4 1 0|5 4 1 1 6 0 3 4 7 3 1 2 0 2 2|1 3 4 1 1 4 4 1 3 0 4 2 1 3 1|3 1 0 1 0 2 5 0 6 4 0 1 1 1 1|2 2 0 1 9 2 3 2 2 1 1 0 0 0 2|4 6 8 2 2 0 0 4 0 8 2 1 1 1 0|1 3 0 2 2 5 4 4 6 1 3 1 3 1 2|4 1 2 3 2 1 1 2 1 5 0 4 3 1 5|2 2 1 4 1 2 2 3 3 1 2 2 0 1 1|0 4 2 1 6 6 2 6 0 0 2 0 0 1 3|2 2 4 0 0 2 0 1 0 3 1 2 1 5 2|0 0 2 1 2 0 0 1 0 0 4 3 1 0 0|3 1 3 2 0 0 2 0 5 3 3 1 6 1 15|0 3 0 1 0 0 2 3 1 2 0 0 0 13 1|1 1 1 2 1 3 1 0 5 2 4 0 1 3 2|0 1 1 2 5 4 0 1 2 3 1 2 0 0 0|3 0 1 7 0 1 0 1 3 2 3 4 7 0 0|1 1 2 0 0 1 1 2 4 1 6 1 3 2 0|0 0 1 0 0 4 1 1 0 0 1 1 3 0 1|1 1 2 0 3 1 0 7 1 5 4 6 2 12 4|4 1 4 1 5 2 0 3 0 0 1 2 0 0 1|0 3 3 4 3 1 2 2 1 2 1 2 2 3 5

第23个最优解：
Iter = 1968
Nfe = 99640
Fitness = 75.02908643017848
The number of total device = 960
The number of various devices = 64 64 64 64 64 64 64 64 64 64 64 64 64 64 64
The scheme of allocation = 1 3 2 6 1 1 0 6 2 3 2 5 3 2 3|1 5 1 3 9 2 1 0 0 3 4 3 2 3 2|1 2 4 2 0 1 4 1 6 3 1 4 4 2 1|1 1 0 4 2 1 2 1 1 1 1 2 3 2 0|2 2 4 1 2 1 1 1 1 3 1 4 1 5 5|5 3 2 2 12 0 4 1 0 1 4 1 1 0 2|11 2 6 2 0 1 2 1 1 1 1 0 0 2 2|4 2 0 2 0 3 1 3 4 4 8 1 1 3 1|1 0 2 7 0 2 3 1 0 3 1 3 1 0 1|3 5 0 0 2 4 1 2 1 2 1 0 2 2 4|1 3 2 1 3 3 1 0 2 4 3 2 0 1 0|2 0 0 3 2 1 6 1 0 3 1 4 5 0 4|2 0 1 3 0 15 6 0 0 1 2 0 1 0 4|1 6 1 3 0 1 0 2 5 1 3 1 2 11 5|2 2 2 0 1 1 0 4 0 2 1 3 4 0 1|3 0 2 4 3 3 3 0 1 1 1 1 1 1 1|3 0 3 2 2 1 3 2 0 6 1 4 2 5 6|2 0 0 1 1 0 1 0 1 2 7 1 1 3 3|1 3 0 0 1 0 1 5 0 4 3 3 1 0 4|0 1 3 2 2 2 1 0 0 2 2 1 1 3 0|1 1 3 0 4 0 1 4 1 3 1 1 7 1 0|0 5 1 1 0 5 0 1 1 0 1 2 2 0 1|0 3 3 2 3 1 2 4 1 1 1 9 1 6 1|1 3 5 1 1 4 0 3 3 1 0 0 3 1 5|4 0 1 0 0 0 0 1 2 2 3 0 2 2 0|2 3 5 0 7 2 2 4 0 0 1 1 8 2 1|1 1 5 1 1 1 2 1 5 3 1 2 1 1 0|0 1 1 0 0 1 0 6 1 1 4 3 1 2 5|1 4 2 0 5 0 1 2 7 1 1 0 0 2 1|2 0 0 3 0 4 1 5 16 0 2 1 0 0 0|1 1 2 8 0 2 1 1 1 2 1 2 2 1 0|4 2 1 0 0 1 13 1 1 0 0 0 1 1 1

第24个最优解：
Iter = 1891
Nfe = 95712
Fitness = 75.32789269097387
The number of total device = 960
The number of various devices = 64 64 64 64 64 64 64 64 64 64 64 64 64 64 64
The scheme of allocation = 3 2 5 2 5 1 3 0 5 3 5 0 1 4 3|2 1 1 1 3 2 2 0 0 1 4 3 1 3 1|6 1 2 0 4 0 0 5 1 1 0 1 6 4 0|6 3 10 0 1 3 3 0 3 2 3 1 3 0 0|1 2 0 2 4 1 0 1 1 3 0 0 0 0 1|1 0 2 4 0 3 2 1 1 1 3 1 2 4 2|1 2 1 3 1 2 2 1 1 3 2 3 3 1 0|1 0 3 2 3 1 2 2 3 1 7 2 0 1 0|2 6 1 0 3 1 5 9 0 2 3 5 1 2 2|0 6 2 3 2 0 0 3 2 3 2 1 3 2 2|2 0 2 1 0 1 0 1 3 2 0 2 0 0 2|1 5 1 0 6 1 7 1 3 7 1 1 4 1 2|1 2 2 2 0 3 2 0 0 1 2 7 2 0 2|2 0 4 1 4 2 1 6 0 1 0 11 1 3 2|2 1 0 1 1 7 1 2 1 3 2 0 7 0 6|8 1 4 0 1 3 1 1 4 0 1 4 2 3 5|6 4 1 1 3 3 4 0 1 0 2 3 4 2 5|1 1 0 3 2 1 0 2 1 3 3 0 2 5 0|1 4 0 0 0 1 3 2 2 0 0 0 1 5 3|1 1 2 0 0 4 2 4 2 2 0 1 4 0 0|1 3 5 0 1 3 2 2 4 4 1 0 3 3 2|0 1 1 15 0 1 1 1 2 3 5 1 1 0 0|3 5 0 3 2 2 0 1 2 1 0 0 0 1 3|1 3 1 0 1 1 5 3 5 2 3 5 0 5 6|0 2 1 1 0 0 2 1 0 3 3 8 1 0 1|0 0 0 1 2 0 0 2 2 2 3 0 0 1 0|2 1 0 8 1 1 2 0 1 3 6 0 0 2 2|2 2 4 5 5 3 1 3 4 3 2 0 0 5 2|1 2 8 2 1 2 3 0 3 1 0 0 3 4 1|4 1 1 2 3 4 5 2 1 1 1 1 3 2 5|0 0 0 0 2 6 1 1 4 1 0 1 1 1 3|2 2 0 1 3 1 2 7 2 1 0 2 5 0 1

第25个最优解：
Iter = 1943
Nfe = 98321
Fitness = 75.57085714827424
The number of total device = 960
The number of various devices = 64 64 64 64 64 64 64 64 64 64 64 64 64 64 64
The scheme of allocation = 2 4 1 3 2 1 4 0 1 3 8 2 0 2 0|1 3 0 5 0 4 5 2 3 1 4 2 4 1 2|6 5 3 3 3 4 3 3 2 3 6 2 2 1 2|2 1 1 1 2 0 0 1 1 1 4 2 1 1 0|4 4 1 1 0 6 1 0 2 1 0 2 0 3 0|0 3 3 1 4 1 5 0 0 3 1 7 3 5 3|0 0 0 5 4 5 1 1 5 1 2 2 0 0 2|0 1 2 2 1 1 4 10 4 0 1 3 2 0 0|0 2 0 5 1 0 0 1 0 1 1 1 7 0 1|1 2 2 3 8 3 0 1 1 2 0 3 2 1 3|0 1 1 0 2 3 3 0 2 2 1 6 1 3 0|0 2 3 2 0 0 0 5 1 3 1 2 0 5 0|2 0 2 7 1 1 0 1 2 0 0 2 4 1 0|5 0 5 2 2 1 2 4 1 3 3 2 1 1 4|1 3 2 3 3 1 1 2 3 2 2 4 1 1 1|3 1 3 0 1 0 5 1 0 1 2 0 1 6 2|3 4 1 5 0 1 2 2 0 1 1 1 2 2 2|15 3 1 3 9 1 3 5 4 0 5 1 1 3 1|2 2 0 0 2 2 10 1 2 1 1 2 4 1 8|1 1 2 2 3 1 1 2 0 0 2 0 1 3 4|2 2 5 1 0 0 2 3 3 2 2 1 1 1 1|2 1 2 0 5 3 1 1 0 2 0 1 1 0 4|2 8 1 1 2 1 0 3 2 5 0 1 2 5 1|5 0 4 1 1 3 1 2 5 6 2 0 4 1 3|1 2 0 0 0 4 2 2 3 2 7 0 1 2 2|2 0 8 1 3 1 2 0 1 1 0 5 3 1 5|1 4 3 7 0 0 1 0 3 11 1 4 1 1 4|0 1 1 0 1 10 1 1 1 2 2 2 2 6 0|1 0 2 0 1 0 1 2 2 0 0 3 0 1 1|0 2 2 0 0 3 1 1 4 0 3 1 5 1 1|0 1 0 0 1 2 2 1 3 4 1 0 0 1 1|0 1 3 0 2 1 0 6 3 0 1 0 7 4 6

第26个最优解：
Iter = 1966
Nfe = 99500
Fitness = 75.29083022098807
The number of total device = 960
The number of various devices = 64 64 64 64 64 64 64 64 64 64 64 64 64 64 64
The scheme of allocation = 4 1 3 3 2 5 0 1 2 1 1 0 0 0 1|1 5 2 2 2 1 3 1 2 2 1 5 1 0 0|0 1 1 1 0 3 1 0 9 0 2 3 4 0 1|2 7 0 1 4 1 3 4 2 3 1 1 1 8 1|6 2 2 2 1 0 2 3 2 0 1 1 1 2 1|0 5 1 1 5 1 0 2 2 1 2 4 2 0 0|1 0 0 7 1 0 0 1 0 2 1 2 3 1 0|1 1 1 1 1 8 3 0 2 3 0 1 3 2 4|1 0 1 0 2 2 5 1 2 0 1 0 3 4 2|1 2 1 3 3 4 1 3 1 2 0 1 1 3 6|4 2 7 0 1 4 3 0 0 9 1 1 1 1 1|1 1 0 2 3 1 2 4 3 0 2 0 0 3 6|2 0 3 2 3 3 2 0 5 1 8 0 1 1 1|1 3 2 3 1 1 0 4 1 0 0 2 3 3 1|1 2 3 6 4 1 2 1 0 1 4 0 1 1 1|2 3 0 1 1 0 1 6 1 2 2 0 2 9 2|7 1 1 5 3 3 2 0 2 0 1 2 4 0 4|1 1 4 0 1 2 0 5 5 4 5 2 4 0 3|3 0 2 2 3 0 5 0 5 1 0 0 0 5 1|2 0 2 5 3 2 1 2 2 0 2 2 6 2 0|2 3 1 1 2 3 4 2 1 0 5 2 2 0 5|2 1 6 3 0 0 3 6 1 5 3 3 0 0 0|1 6 2 4 1 4 0 3 2 2 2 1 0 1 7|1 0 1 2 4 8 2 2 0 8 3 0 2 1 2|1 2 4 1 2 2 1 2 0 3 0 2 1 0 2|0 0 4 1 1 0 0 5 0 0 2 20 7 3 1|4 6 0 2 2 3 7 1 2 3 3 0 3 2 8|7 5 3 0 1 1 2 0 1 1 4 1 0 4 1|2 0 2 0 1 1 3 1 0 3 3 0 4 4 1|0 0 3 0 3 0 3 1 2 5 1 1 1 0 1|0 3 2 1 1 0 1 2 3 1 3 5 2 3 0|3 1 0 2 2 0 2 1 4 1 0 2 1 1 0

第27个最优解：
Iter = 1927
Nfe = 97591
Fitness = 76.0315484050367
The number of total device = 960
The number of various devices = 64 64 64 64 64 64 64 64 64 64 64 64 64 64 64
The scheme of allocation = 0 0 2 0 2 2 9 1 0 0 3 2 7 0 2|1 0 3 1 6 1 1 1 3 7 2 0 5 3 7|2 4 4 3 4 1 0 1 2 1 2 2 0 5 1|3 1 0 0 2 0 4 7 1 1 2 2 2 4 2|1 1 0 2 1 3 0 3 3 0 1 4 2 1 3|2 4 0 1 0 0 3 0 1 4 0 8 1 0 1|1 0 0 1 3 1 2 1 1 2 2 0 0 4 1|2 0 4 3 2 1 5 2 3 0 3 4 2 2 0|3 4 3 2 3 2 0 0 4 13 2 5 2 1 0|11 0 0 3 4 3 1 1 2 6 2 1 1 3 1|2 1 0 2 1 2 0 0 1 1 0 1 1 2 0|1 3 1 0 2 0 3 2 2 6 3 1 2 4 2|6 1 3 0 0 0 2 2 0 1 0 0 0 5 2|0 4 8 1 0 3 1 3 3 0 0 1 3 2 1|0 1 2 0 4 2 4 1 6 0 3 9 2 4 1|1 4 0 1 2 4 4 1 2 4 2 0 3 2 3|4 2 1 2 0 4 0 0 1 0 2 4 2 2 0|1 3 2 1 2 0 0 1 0 1 3 1 3 0 5|0 1 0 2 3 6 0 1 2 1 2 2 0 0 1|1 2 4 3 0 2 0 2 2 1 0 1 4 1 4|1 0 3 0 1 1 2 3 1 2 1 3 2 3 3|1 3 3 4 2 0 2 3 1 2 0 1 1 0 0|2 4 1 4 2 0 7 1 4 1 4 1 1 5 5|1 4 1 1 1 6 3 0 4 2 2 3 2 3 4|1 3 1 1 3 1 1 1 5 1 2 2 3 0 2|0 6 2 2 2 2 2 7 1 0 1 1 2 1 2|2 0 0 7 2 4 1 2 2 1 0 2 1 0 1|3 3 0 4 2 3 1 0 1 0 1 1 1 3 1|0 1 3 0 0 5 0 8 0 0 1 0 0 1 1|4 3 3 3 2 0 0 6 2 6 5 0 2 1 2|7 0 5 8 4 2 3 1 1 0 6 1 3 0 1|0 1 5 2 2 3 3 2 3 0 7 1 4 2 5

第28个最优解：
Iter = 1872
Nfe = 94756
Fitness = 75.20453843441274
The number of total device = 960
The number of various devices = 64 64 64 64 64 64 64 64 64 64 64 64 64 64 64
The scheme of allocation = 3 1 2 2 0 2 1 2 1 0 2 1 2 0 2|0 0 4 1 1 1 4 0 2 7 1 2 0 2 1|1 1 2 11 5 4 1 2 3 5 1 1 2 2 2|3 2 0 2 3 1 0 4 2 1 1 2 0 4 1|1 1 0 1 2 2 1 0 1 4 4 2 0 2 1|2 1 3 1 4 3 1 2 0 2 3 5 2 0 3|1 0 4 1 1 1 3 1 2 3 1 1 3 3 3|7 1 2 2 0 2 2 3 1 2 2 1 3 0 5|2 5 6 0 5 1 2 1 2 5 2 0 1 2 4|2 1 3 0 1 1 4 4 4 0 1 2 1 3 0|7 2 0 3 1 1 3 2 1 0 1 3 1 5 2|0 2 0 2 1 0 1 1 5 6 8 6 5 1 0|1 0 3 3 2 1 1 2 1 2 1 4 1 0 2|7 2 6 2 6 1 2 2 3 4 1 2 0 2 2|4 6 0 2 1 4 2 1 1 0 1 1 4 2 1|0 5 3 7 2 1 0 3 2 0 1 4 0 1 0|0 1 1 3 0 6 0 4 6 2 0 2 3 4 2|4 3 0 3 7 1 1 3 3 1 1 0 14 2 1|0 0 1 1 0 2 0 1 4 0 8 1 2 2 4|0 3 0 1 3 1 1 0 0 0 0 1 0 2 0|3 3 1 2 3 1 1 2 5 0 3 1 1 1 6|0 6 1 2 0 0 3 5 0 2 2 4 3 1 3|1 1 0 0 2 1 3 6 0 3 2 1 3 0 1|2 2 2 1 0 6 5 0 3 0 1 1 3 1 0|1 0 1 0 3 3 4 6 2 1 3 1 2 0 2|4 0 2 2 0 3 2 0 2 3 0 3 0 0 4|3 0 0 3 5 3 3 0 5 0 3 2 2 1 2|0 0 7 0 2 0 4 3 1 1 2 4 1 0 2|2 2 5 1 0 2 0 0 1 4 2 6 4 2 1|1 12 3 3 4 3 0 3 0 1 3 0 1 2 3|0 1 1 1 0 6 5 1 0 5 1 0 0 0 0|2 0 1 1 0 0 4 0 1 0 2 0 0 17 4

第29个最优解：
Iter = 1903
Nfe = 96414
Fitness = 74.9705126079878
The number of total device = 960
The number of various devices = 64 64 64 64 64 64 64 64 64 64 64 64 64 64 64
The scheme of allocation = 2 2 2 2 3 0 1 0 1 1 3 1 2 2 1|6 1 3 4 3 4 0 2 1 1 5 0 4 2 0|2 9 4 0 1 1 2 2 2 2 0 2 2 4 3|0 2 0 2 2 0 1 4 1 0 3 1 3 5 0|1 3 1 2 2 3 3 6 1 5 1 2 6 2 2|2 2 2 0 1 5 3 0 3 1 1 1 0 1 2|3 4 1 4 6 1 3 3 1 3 1 2 1 0 3|1 2 3 3 2 2 2 1 2 4 1 4 2 6 0|2 1 1 2 3 1 4 1 1 4 1 0 0 2 0|0 0 2 1 0 1 0 4 3 1 1 2 4 2 4|2 3 4 2 4 0 4 4 1 1 3 3 2 1 0|3 4 3 2 2 8 0 4 2 5 3 1 2 2 3|0 0 7 2 3 0 0 0 3 5 0 6 2 2 3|5 2 0 0 0 3 4 1 3 5 3 1 1 2 8|1 5 1 1 0 0 1 0 0 2 4 0 4 5 3|3 2 1 4 9 2 2 1 0 1 2 0 1 1 1|2 1 2 1 0 4 2 3 2 3 5 1 2 3 1|8 2 0 0 1 0 3 0 0 2 1 0 2 0 2|3 6 0 1 1 5 9 0 1 2 5 1 2 0 2|2 0 1 0 0 2 1 3 2 1 6 0 3 0 0|2 0 2 5 1 5 2 3 1 0 0 0 3 0 3|0 1 1 4 5 2 1 3 17 2 0 0 0 5 0|1 2 3 0 1 1 3 4 2 2 3 2 5 2 1|0 1 4 2 2 0 3 1 2 0 1 3 4 1 1|0 0 2 6 4 0 1 0 0 0 2 0 2 0 4|1 3 4 5 1 2 2 1 1 2 1 1 0 4 3|3 0 1 0 0 3 0 0 0 3 1 14 3 0 2|3 0 1 2 4 3 1 0 3 1 2 0 1 2 1|0 1 2 0 0 0 0 1 1 0 2 3 0 5 3|1 0 3 1 0 0 0 0 0 3 0 3 0 1 1|0 2 0 4 3 2 5 8 5 1 1 7 1 2 4|5 3 3 2 0 4 1 4 2 1 2 3 0 0 3

第30个最优解：
Iter = 1590
Nfe = 80463
Fitness = 75.07508755122082
The number of total device = 960
The number of various devices = 64 64 64 64 64 64 64 64 64 64 64 64 64 64 64
The scheme of allocation = 1 6 0 5 0 0 4 2 1 1 0 1 2 4 1|1 0 0 2 0 2 2 1 0 1 5 0 1 4 0|3 3 1 2 3 0 1 2 1 1 1 1 4 2 1|1 2 1 2 0 1 0 3 2 1 1 2 4 2 1|2 0 0 4 1 3 6 1 3 0 2 3 0 0 4|2 1 5 5 2 2 1 0 11 4 5 2 3 1 7|0 0 1 0 1 1 1 1 0 2 0 1 2 5 2|1 4 3 0 1 2 0 1 0 2 0 3 0 0 0|4 3 0 1 4 2 2 3 3 2 1 0 1 4 0|1 0 3 4 2 1 2 1 1 2 2 0 2 1 0|8 1 1 1 1 0 1 1 1 13 0 1 1 1 8|0 2 1 1 2 5 2 1 3 2 4 7 6 4 1|5 1 1 4 6 2 1 5 1 1 4 3 7 0 3|2 1 10 2 3 2 1 1 5 3 3 0 4 3 0|0 3 4 1 2 1 4 3 4 1 5 1 0 2 1|1 2 7 0 5 4 1 0 1 0 1 1 2 2 1|2 6 0 0 4 3 5 2 0 12 3 2 0 3 2|5 2 3 1 1 0 2 2 2 1 1 1 5 2 2|4 2 1 0 1 1 1 15 0 0 0 1 1 0 1|1 3 4 8 2 2 0 1 2 1 2 9 1 6 0|1 1 0 1 4 4 2 1 3 0 3 1 1 0 3|2 2 0 1 5 1 2 0 3 1 3 1 2 0 0|3 2 5 0 1 2 2 2 8 4 1 0 1 0 7|0 1 6 3 4 4 6 2 0 2 0 2 1 1 1|2 1 0 7 1 6 1 2 1 0 4 1 0 1 3|2 0 2 0 1 0 0 0 0 2 2 1 0 0 2|0 2 1 2 0 5 3 1 0 0 1 4 5 1 3|1 2 0 5 0 2 1 0 3 0 0 3 2 4 2|1 2 1 0 0 2 3 0 0 1 6 3 1 1 2|3 2 1 0 1 1 1 3 2 1 0 4 3 3 1|1 6 0 0 0 3 4 2 1 0 3 4 0 2 2|4 1 2 2 6 0 2 5 2 3 1 1 2 5 3

第31个最优解：
Iter = 1942
Nfe = 98361
Fitness = 75.5681797520925
The number of total device = 960
The number of various devices = 64 64 64 64 64 64 64 64 64 64 64 64 64 64 64
The scheme of allocation = 0 1 0 19 0 4 3 1 4 0 4 3 1 1 0|3 1 3 0 1 3 0 2 2 1 1 0 0 1 1|2 3 2 2 4 3 2 2 2 0 3 1 1 3 1|4 2 2 1 6 0 0 3 1 2 1 2 4 3 0|1 4 2 3 2 1 4 2 2 4 1 0 0 2 1|3 2 2 4 1 0 4 4 0 2 0 2 1 0 1|3 0 2 0 2 1 6 2 4 1 3 3 2 2 0|2 2 0 1 0 1 1 6 1 1 1 0 6 2 5|2 4 3 1 0 2 4 0 1 2 4 0 4 1 1|1 0 0 1 4 8 5 0 1 0 4 1 0 4 0|2 3 1 1 0 2 0 3 0 1 0 5 1 0 2|3 1 2 1 2 4 1 1 5 5 1 3 0 1 3|3 2 1 2 1 1 2 2 1 1 3 5 0 3 3|0 0 2 2 2 4 1 1 3 4 0 2 4 4 0|1 1 3 0 3 2 0 2 3 4 3 2 0 2 3|2 5 3 1 0 2 2 8 2 2 2 0 2 1 2|3 4 9 3 0 1 5 1 0 0 6 2 8 0 2|0 6 3 6 0 0 0 0 1 1 0 0 8 4 2|1 3 2 4 1 2 1 1 2 1 2 4 1 1 12|0 0 0 0 0 5 7 1 3 0 1 4 1 2 0|1 3 1 1 2 2 3 3 1 2 4 8 1 1 4|6 1 2 1 4 5 3 0 3 3 0 5 1 2 3|2 3 1 1 2 1 2 1 2 3 2 0 3 0 5|1 3 4 3 7 4 1 5 0 2 2 2 3 8 4|3 0 1 1 3 0 1 2 0 1 3 2 1 3 2|0 4 1 0 0 1 0 3 2 0 0 2 0 1 2|3 2 5 1 0 2 1 4 1 0 1 0 3 4 0|2 0 1 2 2 0 0 0 0 4 6 1 2 3 0|5 1 0 0 1 0 0 1 10 1 1 2 4 1 0|0 1 2 1 9 1 0 0 3 6 2 0 0 1 1|2 1 1 0 1 0 3 2 1 5 3 1 0 3 2|3 1 3 1 4 2 2 1 3 5 0 2 2 0 2

第32个最优解：
Iter = 1916
Nfe = 97100
Fitness = 74.58653964854125
The number of total device = 960
The number of various devices = 64 64 64 64 64 64 64 64 64 64 64 64 64 64 64
The scheme of allocation = 1 10 1 1 3 3 0 1 0 4 1 1 2 4 5|8 2 5 4 2 0 2 0 4 4 3 0 2 0 10|1 2 4 0 1 2 3 0 0 1 0 4 0 3 2|1 1 0 3 6 0 2 1 1 0 3 6 1 1 0|3 1 3 4 2 4 3 3 1 0 1 1 0 0 0|1 1 0 1 0 2 4 0 0 1 0 3 2 2 0|0 2 0 0 0 1 1 0 10 3 0 6 2 0 0|8 2 1 2 2 0 5 1 2 2 14 1 2 7 0|1 0 4 3 3 3 0 3 0 0 4 3 1 0 3|0 1 1 2 2 2 1 3 2 2 3 2 0 0 0|3 2 0 2 2 1 0 1 2 0 3 1 12 3 0|2 0 6 4 5 1 6 2 3 2 3 2 0 1 2|2 2 2 3 1 0 0 1 8 1 2 0 2 0 4|1 1 2 1 0 4 2 7 3 0 5 2 1 8 0|0 0 2 5 1 1 7 1 1 4 0 2 4 2 2|3 2 5 0 1 1 3 3 1 2 4 1 1 6 3|0 0 2 0 0 3 1 0 0 3 2 1 1 2 3|2 1 3 1 4 1 0 2 0 5 0 1 7 2 4|1 2 1 2 2 2 1 1 2 2 2 0 1 3 0|1 2 0 0 3 1 1 6 2 2 1 1 4 0 4|2 4 0 2 3 1 0 3 0 6 1 2 1 0 3|0 0 4 0 1 2 0 1 1 1 1 7 2 3 4|2 6 3 7 0 5 0 3 0 2 1 0 2 2 1|1 1 2 1 2 4 9 6 1 4 2 0 3 1 0|0 3 1 5 1 1 3 1 3 0 3 0 0 1 0|4 0 1 1 0 0 2 3 2 2 0 2 0 2 1|1 8 2 0 3 6 2 1 1 1 1 5 3 0 1|2 1 3 1 1 8 1 3 3 2 1 3 0 0 2|7 0 1 0 4 2 2 0 2 4 0 2 0 3 5|0 4 2 8 6 2 1 1 5 0 1 2 5 3 0|1 2 1 1 1 0 1 3 1 2 1 2 1 1 3|5 1 2 0 2 1 1 3 3 2 1 1 2 4 2

第33个最优解：
Iter = 1943
Nfe = 98389
Fitness = 76.15867945144687
The number of total device = 960
The number of various devices = 64 64 64 64 64 64 64 64 64 64 64 64 64 64 64
The scheme of allocation = 2 2 5 0 4 2 0 1 0 7 0 1 0 5 0|0 0 1 1 2 3 1 3 0 4 4 0 0 1 0|2 0 3 5 5 1 2 1 4 4 1 3 3 2 0|1 1 3 2 1 0 1 3 5 1 1 0 4 4 2|1 2 0 1 1 3 0 1 5 1 1 6 1 0 5|3 5 3 0 3 1 0 3 1 2 4 1 3 5 2|4 1 2 1 3 0 3 1 3 4 1 3 2 0 1|4 3 1 1 1 0 3 2 2 2 4 0 3 2 2|3 2 2 2 4 0 4 0 1 2 0 3 0 6 1|0 0 2 2 3 1 1 3 3 0 2 9 1 5 2|0 2 5 3 0 2 1 4 2 3 0 2 3 2 2|0 5 1 3 0 3 3 1 1 3 0 2 2 1 2|3 4 2 0 4 1 0 3 0 0 5 0 3 3 0|6 8 3 0 5 1 2 0 0 1 2 2 3 2 1|2 3 1 1 0 2 1 1 1 1 1 0 1 7 3|1 1 0 1 1 3 2 3 3 0 1 0 0 0 2|1 0 3 4 0 13 7 5 1 2 4 0 4 2 2|0 3 0 1 1 1 3 5 0 4 1 1 0 0 5|2 0 3 1 1 1 2 15 0 0 1 1 2 1 3|0 1 1 4 5 1 4 1 1 1 0 0 2 0 3|1 0 1 0 0 1 1 0 4 0 0 3 3 2 2|2 3 4 2 1 3 4 1 2 0 3 3 3 4 1|2 5 3 4 3 1 1 0 3 6 1 2 8 2 3|1 0 4 4 4 5 10 1 4 0 3 4 1 1 3|1 2 1 0 0 3 0 0 3 1 3 4 3 0 3|4 0 0 2 4 3 1 0 0 1 3 0 1 1 3|1 3 4 0 3 2 1 2 1 2 5 1 1 0 1|6 1 2 1 1 0 0 1 4 3 2 6 1 0 0|0 2 0 5 3 2 2 0 2 1 5 1 2 2 0|5 2 4 1 0 2 2 1 4 3 1 2 2 2 1|2 0 0 6 1 1 0 1 2 0 2 1 2 1 7|4 3 0 6 0 2 2 1 2 5 3 3 0 1 2

第34个最优解：
Iter = 1913
Nfe = 96821
Fitness = 75.40337262872598
The number of total device = 960
The number of various devices = 64 64 64 64 64 64 64 64 64 64 64 64 64 64 64
The scheme of allocation = 1 3 0 1 0 1 1 2 2 0 2 0 0 2 0|3 6 1 1 0 2 1 3 3 3 0 1 4 0 2|1 0 1 0 2 1 3 2 4 1 9 2 1 0 4|4 1 7 1 1 2 5 0 0 2 4 2 2 1 2|2 2 2 3 3 1 0 2 4 2 5 0 4 1 0|1 1 2 0 2 0 4 5 4 0 2 2 3 2 1|2 2 2 1 1 4 3 3 2 2 3 2 2 2 2|2 0 1 4 2 0 1 5 0 1 10 4 1 2 1|2 0 4 5 3 1 2 1 4 0 1 0 4 1 2|1 0 2 1 1 6 1 0 3 1 2 1 3 7 0|2 0 1 5 1 1 0 3 4 2 0 1 1 1 0|0 6 4 0 2 2 0 3 3 0 2 0 4 0 3|1 0 0 2 1 0 1 1 1 5 4 0 3 0 0|0 5 2 2 6 0 1 1 3 4 3 7 4 1 3|0 2 3 2 0 7 2 4 1 4 0 0 1 4 9|5 0 0 3 3 3 3 4 0 0 0 4 1 2 1|1 5 0 3 6 2 4 1 0 3 1 4 1 8 2|1 2 1 0 2 3 1 1 1 0 0 5 1 1 4|2 1 0 1 1 3 0 0 1 2 0 8 1 1 2|0 1 3 3 0 4 3 3 5 1 0 1 2 2 0|6 1 1 2 2 3 3 2 0 2 1 3 1 1 1|1 1 4 2 5 3 1 2 5 6 3 4 1 2 5|2 11 0 6 2 1 2 3 1 0 1 3 4 7 1|0 0 5 1 5 4 1 2 1 3 2 4 1 0 2|2 2 2 2 3 0 0 4 1 3 2 0 0 1 2|3 0 0 0 4 1 13 0 0 0 0 0 0 0 5|3 1 6 2 0 2 2 2 1 1 1 3 1 1 2|2 1 3 0 2 2 0 2 1 5 4 0 3 0 0|6 0 1 5 1 2 3 0 1 2 2 2 5 5 0|2 6 2 0 1 1 0 1 3 3 0 0 0 1 1|1 1 1 0 1 1 0 0 3 4 0 1 5 2 2|5 3 3 6 1 1 3 2 2 2 0 0 0 6 5

第35个最优解：
Iter = 1957
Nfe = 99165
Fitness = 75.12054263553425
The number of total device = 960
The number of various devices = 64 64 64 64 64 64 64 64 64 64 64 64 64 64 64
The scheme of allocation = 3 4 1 3 2 0 3 0 0 0 3 3 2 1 2|0 0 1 1 0 2 0 0 1 0 2 3 2 2 0|0 7 3 2 0 1 2 4 1 1 1 2 0 2 2|2 0 2 1 0 1 12 0 2 1 0 1 2 2 7|0 1 2 0 6 2 2 1 9 5 0 1 1 3 0|1 3 2 0 0 3 1 1 1 7 3 2 0 3 2|1 1 2 2 3 0 0 1 0 3 2 2 4 3 0|2 2 2 2 10 3 0 10 4 2 1 4 1 1 1|3 2 0 2 1 1 1 1 1 0 1 2 2 1 3|0 1 1 6 1 4 0 4 0 2 2 4 3 2 3|0 3 0 2 0 0 3 4 3 5 4 1 1 4 3|0 0 1 2 0 5 1 2 1 1 0 5 1 0 0|1 1 2 1 4 2 1 0 1 0 1 0 7 1 1|1 3 2 0 0 0 3 2 2 4 2 1 9 5 1|2 9 3 1 0 0 1 5 1 1 6 2 1 4 0|2 0 1 8 1 1 3 2 4 2 3 1 0 2 1|3 1 1 1 0 10 3 1 0 7 5 2 0 1 3|1 1 2 6 4 0 3 2 1 4 1 4 6 2 1|1 3 0 0 1 1 2 5 6 2 3 2 1 4 0|6 2 1 0 6 3 1 0 1 2 0 1 1 5 1|1 3 2 0 2 0 2 1 2 0 1 1 4 3 1|0 5 0 0 10 8 1 5 6 0 4 2 2 1 1|2 0 2 3 6 1 1 0 3 0 5 4 2 2 10|3 0 10 0 0 3 3 0 1 2 1 1 1 1 4|1 0 2 0 2 6 4 2 4 2 5 1 1 2 1|1 1 3 2 1 0 1 2 0 0 2 1 0 0 1|4 3 1 2 0 2 1 2 1 0 2 0 1 0 2|0 1 0 2 1 1 2 0 1 2 1 5 0 1 7|3 0 2 1 0 1 1 0 1 1 0 2 1 1 1|4 2 5 0 2 1 2 1 4 3 0 0 4 3 0|8 1 2 5 1 2 1 3 1 3 1 2 3 1 4|8 4 6 9 0 0 3 3 1 2 2 2 1 1 1

第36个最优解：
Iter = 1956
Nfe = 98963
Fitness = 75.17330633294843
The number of total device = 960
The number of various devices = 64 64 64 64 64 64 64 64 64 64 64 64 64 64 64
The scheme of allocation = 2 4 1 2 1 4 2 4 1 2 0 1 6 3 0|6 0 1 1 0 3 4 1 2 1 2 0 2 0 2|0 5 2 2 2 1 0 5 0 1 0 7 2 7 3|1 2 2 6 7 0 2 0 1 1 0 0 2 4 0|1 2 4 4 1 1 1 0 3 0 7 2 0 4 2|1 2 4 1 0 0 2 0 0 3 0 2 3 2 0|3 0 2 5 5 1 3 3 0 4 3 2 0 2 6|2 1 1 3 0 2 1 2 2 0 4 2 4 2 1|1 2 5 1 0 0 5 1 0 1 0 0 0 1 5|2 0 3 0 3 5 3 0 1 1 3 2 0 1 0|0 1 0 2 0 2 1 0 1 0 1 2 0 1 1|0 0 0 3 3 1 2 1 1 6 0 1 2 1 4|0 0 2 0 1 2 1 2 3 0 3 5 7 0 0|0 1 2 0 3 0 1 2 2 1 0 3 1 4 5|3 5 1 1 2 1 4 0 5 2 0 1 1 0 4|3 1 1 3 3 0 1 0 2 0 1 2 2 0 4|1 4 1 1 5 3 2 4 2 5 0 2 1 2 3|2 0 5 1 2 2 3 3 5 3 2 0 2 2 0|4 4 5 2 2 0 0 1 1 5 2 2 11 2 2|3 0 3 0 0 1 0 1 3 3 1 3 0 6 8|6 1 2 1 0 2 5 6 4 3 4 0 2 2 0|1 2 0 6 2 2 1 0 5 2 3 4 1 2 1|1 3 1 1 2 6 0 1 2 2 2 0 1 0 2|1 3 4 0 1 6 7 3 5 3 2 2 2 2 1|2 1 2 2 3 1 3 6 2 3 8 4 1 0 0|1 2 2 2 2 6 0 0 1 3 3 2 2 1 2|1 3 0 0 2 2 3 5 1 2 0 2 3 0 0|1 5 1 0 1 4 0 3 0 3 1 3 1 4 3|11 3 3 9 2 2 1 4 4 0 1 1 1 1 0|1 4 1 2 3 1 3 1 1 1 7 4 4 4 2|0 1 3 1 3 3 3 4 2 2 2 3 0 2 3|3 2 0 2 3 0 0 1 2 1 2 0 0 2 0

第37个最优解：
Iter = 1813
Nfe = 91820
Fitness = 76.37885176192538
The number of total device = 960
The number of various devices = 64 64 64 64 64 64 64 64 64 64 64 64 64 64 64
The scheme of allocation = 2 3 2 5 1 2 1 0 3 6 1 4 2 1 0|0 2 2 0 1 3 0 3 6 3 1 1 0 4 3|2 3 2 1 3 3 2 2 4 2 3 0 4 0 1|2 0 3 6 2 3 1 2 0 3 1 1 2 1 0|1 1 7 1 0 1 1 1 0 1 0 1 1 6 3|3 3 1 5 4 4 3 1 4 5 1 0 1 2 4|8 1 0 2 2 3 3 2 9 1 6 0 1 2 2|5 4 1 0 3 3 2 0 2 4 0 1 1 2 1|2 2 3 4 3 0 1 2 3 3 16 0 1 2 2|4 2 4 0 0 5 1 1 0 2 3 4 0 0 4|0 1 1 4 1 0 1 1 4 1 1 3 2 2 5|3 0 0 1 4 1 8 2 2 3 0 0 0 6 0|0 1 2 3 2 0 2 0 5 0 1 0 1 2 1|1 1 0 2 5 0 1 3 0 1 3 10 0 0 1|2 2 3 0 1 1 1 2 1 0 3 2 0 0 1|3 3 3 1 2 5 2 2 3 2 1 1 4 3 2|0 2 2 3 2 1 4 3 1 6 2 4 1 5 2|1 0 0 1 1 5 3 1 1 1 1 2 7 2 6|2 2 2 2 1 2 1 3 0 1 0 3 2 3 7|4 3 2 1 0 2 2 0 1 0 2 0 0 0 1|3 1 2 1 8 0 0 3 1 2 5 1 2 0 2|3 2 1 0 3 0 3 6 1 5 0 2 3 1 1|0 1 2 3 0 3 0 1 5 3 3 0 3 1 0|3 9 2 2 4 1 7 0 1 0 2 3 0 2 1|0 1 1 2 1 4 1 1 0 1 1 0 2 9 2|1 2 0 2 0 1 1 2 3 0 3 1 2 2 1|2 0 2 1 0 1 4 4 1 2 0 0 1 0 3|3 0 3 2 4 3 3 2 2 0 2 8 3 2 0|1 4 2 4 1 0 0 9 0 1 0 3 5 0 2|1 3 0 3 1 1 2 1 1 1 2 1 5 1 3|0 2 2 2 2 2 1 1 0 1 0 0 6 2 3|2 3 7 0 2 4 2 3 0 3 0 8 2 1 0

第38个最优解：
Iter = 1919
Nfe = 97229
Fitness = 75.24759057147901
The number of total device = 960
The number of various devices = 64 64 64 64 64 64 64 64 64 64 64 64 64 64 64
The scheme of allocation = 1 0 1 6 2 1 1 5 3 1 2 4 7 0 2|4 4 2 0 4 1 1 3 1 2 0 2 2 2 1|1 3 0 5 4 2 1 2 3 4 0 3 4 2 0|1 3 2 0 1 2 3 1 1 5 1 1 0 4 2|5 2 1 0 0 0 1 2 2 0 4 5 3 2 3|2 1 11 4 3 3 0 0 1 1 3 3 0 2 4|1 1 1 1 2 0 2 3 4 0 0 2 2 6 0|1 1 0 0 1 3 2 1 6 4 6 0 4 2 3|2 3 12 3 3 0 2 2 2 2 4 1 0 1 0|0 5 2 4 0 1 1 2 3 2 2 2 1 2 0|2 0 1 3 1 3 0 0 3 1 2 0 4 0 5|5 6 0 1 1 0 5 1 2 0 0 3 2 0 3|2 3 1 0 1 3 1 4 2 0 3 2 3 1 1|6 0 5 3 1 4 4 1 1 0 2 2 2 3 2|0 0 1 0 4 2 0 1 2 4 2 3 0 0 1|0 0 1 2 1 1 0 0 3 0 3 2 2 4 3|5 0 3 4 1 3 1 1 0 13 8 1 1 4 6|2 2 0 10 2 2 3 0 6 1 2 4 0 3 1|1 0 2 4 2 1 0 1 1 0 1 1 3 0 2|2 4 1 0 1 1 2 3 1 2 0 5 1 5 1|2 2 1 0 1 1 2 1 4 1 4 4 0 0 1|0 0 1 2 9 4 3 1 2 0 3 0 4 1 3|2 2 2 0 1 1 5 1 2 9 0 0 1 0 1|1 4 3 0 0 2 1 1 0 2 0 1 1 4 0|3 0 2 0 3 0 1 3 1 0 1 2 3 1 0|1 1 2 4 4 6 1 2 0 3 3 2 2 1 0|0 1 2 5 1 1 6 0 1 1 0 0 0 2 0|6 2 1 0 2 4 5 1 3 1 0 1 1 2 7|0 1 0 0 0 6 0 4 2 4 2 1 1 6 3|2 2 0 2 1 1 4 2 1 0 0 4 6 0 4|2 9 2 0 3 2 2 0 1 0 2 2 2 2 5|2 2 1 1 4 3 4 15 0 1 4 1 2 2 0

第39个最优解：
Iter = 1733
Nfe = 87793
Fitness = 75.38607607479732
The number of total device = 960
The number of various devices = 64 64 64 64 64 64 64 64 64 64 64 64 64 64 64
The scheme of allocation = 0 3 2 4 2 3 0 0 1 2 1 2 1 3 0|3 8 1 3 4 0 5 0 2 10 1 5 3 1 5|1 1 0 5 1 1 2 1 2 1 0 4 0 2 7|1 2 2 0 5 0 1 0 6 2 1 1 0 1 2|2 0 1 3 2 2 1 1 2 2 1 1 4 2 2|0 3 3 5 1 2 1 0 1 2 2 7 2 0 1|1 0 1 3 2 1 1 6 1 1 4 3 18 3 7|1 2 3 0 1 3 2 1 0 2 1 4 3 0 1|2 4 2 1 4 0 0 0 0 5 1 5 3 3 0|0 3 4 2 5 3 0 1 1 3 4 1 2 2 3|3 3 3 0 0 7 3 5 0 0 2 3 1 1 1|1 1 1 1 2 1 2 3 2 2 0 0 3 1 2|0 5 1 0 4 1 2 6 3 0 1 0 2 3 0|0 0 5 5 1 4 5 0 0 0 1 1 0 1 1|4 0 2 2 5 1 0 8 4 1 0 1 0 3 1|1 2 2 2 0 5 0 2 2 3 0 1 2 3 2|7 0 2 1 0 0 4 2 5 3 0 1 1 2 1|2 0 3 3 3 4 2 0 1 3 8 5 0 4 1|2 1 2 0 3 2 8 5 2 2 1 3 0 1 4|1 3 2 0 4 0 4 0 1 0 5 0 0 5 1|0 3 1 3 1 2 5 6 4 1 2 1 2 1 1|2 1 0 2 2 3 1 1 3 1 3 2 2 0 1|0 1 8 3 1 4 1 3 0 6 1 0 4 0 1|4 4 1 0 0 3 0 1 2 5 0 1 1 1 0|7 0 0 4 0 1 2 0 2 1 3 1 0 1 2|0 2 1 1 3 3 2 1 1 0 0 1 0 2 0|4 3 2 1 0 1 0 4 2 0 10 0 1 3 2|1 3 5 2 2 1 1 2 1 1 0 0 0 5 1|1 1 0 4 2 2 2 1 6 1 3 3 0 0 8|1 1 1 0 1 0 2 2 2 2 2 3 4 4 4|2 0 3 1 1 4 3 2 3 1 3 4 4 3 0|10 4 0 3 2 0 2 0 2 1 3 0 1 3 2

第40个最优解：
Iter = 1965
Nfe = 99393
Fitness = 75.36485398312897
The number of total device = 960
The number of various devices = 64 64 64 64 64 64 64 64 64 64 64 64 64 64 64
The scheme of allocation = 2 1 0 1 1 2 0 3 1 0 0 6 3 2 2|1 3 0 0 4 2 6 5 1 3 2 4 2 3 5|1 0 0 0 1 0 1 1 0 1 3 2 0 0 2|0 0 1 1 4 3 0 1 2 1 1 1 6 3 4|1 3 1 0 0 1 1 1 6 1 1 0 1 2 1|0 1 5 3 2 1 4 3 1 1 2 0 2 0 2|4 4 2 3 1 2 3 2 4 4 1 1 8 2 2|3 3 0 3 2 1 1 0 1 0 1 0 3 2 2|0 5 2 1 1 5 0 1 1 1 2 5 3 2 3|1 7 0 7 3 2 2 1 2 3 1 0 1 0 4|3 1 4 4 3 3 1 2 1 2 8 6 2 1 2|6 1 2 2 2 0 6 4 5 2 1 3 1 0 1|3 2 0 5 1 9 5 3 0 2 2 1 6 2 3|2 2 0 2 3 2 1 3 0 1 4 2 0 1 3|10 1 0 2 4 4 0 2 0 2 5 4 4 5 0|1 1 10 1 1 0 2 1 0 1 6 0 2 2 1|2 1 0 1 1 0 8 5 6 1 1 2 1 4 1|1 1 1 1 1 2 0 2 2 3 0 4 0 2 1|3 1 5 0 1 1 3 0 3 0 0 2 0 2 4|7 1 0 3 0 1 5 0 0 2 0 1 1 2 0|0 1 6 3 2 0 1 2 0 4 1 1 1 0 3|1 5 3 1 4 5 4 2 1 0 1 2 4 0 2|1 4 1 0 1 3 1 3 2 1 1 0 2 4 3|2 3 3 1 6 0 0 2 2 2 0 2 0 3 4|0 0 7 1 3 4 1 3 0 6 3 0 0 1 0|1 0 0 6 1 0 4 1 2 3 2 10 0 0 1|3 4 2 1 1 0 0 5 11 3 2 0 2 1 0|2 1 4 0 3 5 0 1 0 2 3 2 4 3 3|0 0 1 1 1 0 2 1 5 1 0 0 1 11 1|1 2 2 0 0 0 1 2 1 3 3 3 2 0 1|1 1 1 8 6 6 0 0 0 1 4 0 1 2 2|1 4 1 2 0 0 1 2 4 7 3 0 1 2 1

第41个最优解：
Iter = 1885
Nfe = 95409
Fitness = 75.70818215280111
The number of total device = 960
The number of various devices = 64 64 64 64 64 64 64 64 64 64 64 64 64 64 64
The scheme of allocation = 5 10 1 0 5 0 2 3 0 1 1 0 4 1 2|2 1 0 3 1 3 1 0 0 8 4 0 2 1 1|3 0 0 4 0 4 0 0 2 1 2 2 0 2 2|2 1 6 2 4 1 5 2 0 1 1 4 0 3 5|0 1 0 2 2 1 4 2 0 4 1 3 2 2 1|3 1 3 1 2 5 2 1 3 0 1 5 3 0 3|3 4 0 0 2 0 4 2 1 1 1 2 2 1 2|1 2 0 2 4 0 3 2 1 1 5 5 1 0 1|0 5 0 3 3 0 0 0 3 0 3 4 6 2 0|0 3 4 2 0 1 0 5 1 4 4 1 4 15 1|7 1 2 4 5 0 0 2 2 3 3 14 1 2 3|0 1 3 3 0 3 4 3 0 3 3 3 1 8 5|1 1 2 2 0 5 2 1 15 4 1 1 1 0 0|0 2 3 1 2 0 3 1 1 4 1 3 0 0 2|7 2 3 2 2 2 1 3 2 1 2 0 5 2 5|1 5 0 7 1 10 0 3 1 3 1 2 3 2 5|2 2 1 1 3 1 1 1 0 3 1 0 2 3 2|5 4 13 3 4 1 3 1 0 2 8 1 1 3 2|2 3 1 0 1 1 1 1 3 0 3 0 2 1 2|4 0 1 1 3 3 2 6 0 0 0 0 1 2 0|2 4 1 0 4 0 0 3 6 0 1 3 1 3 1|1 3 1 2 0 0 4 6 1 0 1 1 4 2 1|2 1 0 4 3 0 0 1 1 2 1 1 4 1 0|2 0 0 0 0 1 3 2 0 4 1 1 1 0 2|1 1 2 5 0 4 5 1 3 1 2 0 1 2 2|1 1 4 2 5 3 1 2 0 1 4 0 2 0 3|1 1 1 1 2 3 1 5 3 2 3 5 2 0 0|1 0 0 1 1 1 1 1 2 0 2 2 0 2 1|0 1 3 2 1 1 3 0 3 1 1 0 0 0 2|0 1 7 1 2 2 3 3 4 2 0 1 3 3 4|3 0 1 1 1 0 2 1 0 6 1 0 2 0 2|2 2 1 2 1 8 3 0 6 1 1 0 3 1 2

第42个最优解：
Iter = 1872
Nfe = 94702
Fitness = 75.3587575339651
The number of total device = 960
The number of various devices = 64 64 64 64 64 64 64 64 64 64 64 64 64 64 64
The scheme of allocation = 2 2 1 0 2 1 0 2 1 1 3 0 1 0 3|7 1 1 0 1 1 2 0 0 3 2 1 0 3 4|1 1 2 0 3 2 0 2 1 2 0 3 4 4 3|0 5 1 4 1 1 2 0 1 1 3 2 3 5 1|3 1 1 0 5 1 3 1 2 1 1 1 0 1 2|3 7 2 2 0 4 3 1 2 3 4 1 4 0 2|3 0 3 0 1 3 1 6 0 0 0 0 1 0 3|2 3 1 2 2 4 1 1 2 7 1 0 1 1 4|0 0 3 1 1 0 1 1 3 2 0 3 14 2 1|1 1 2 3 2 5 1 2 0 2 0 2 6 4 3|0 7 6 0 1 0 2 1 1 18 0 1 0 0 1|3 3 2 7 2 3 1 3 0 1 1 2 1 1 2|3 0 2 2 3 1 0 3 2 2 3 1 1 5 2|2 2 1 7 1 0 0 3 8 1 10 4 1 0 0|2 0 0 0 2 1 1 0 0 0 1 2 4 1 4|1 1 2 3 1 0 4 3 2 2 1 1 0 1 0|4 1 4 2 2 4 7 3 3 4 1 1 0 1 0|0 1 1 0 0 3 0 3 0 0 4 5 0 4 7|1 2 2 2 0 7 3 1 2 1 1 0 10 4 2|2 5 0 3 0 1 6 6 2 1 5 1 2 2 0|1 2 1 2 3 2 3 0 4 7 5 0 1 3 1|1 8 1 6 3 4 1 1 2 0 3 5 2 1 0|4 0 2 0 1 2 4 2 2 2 6 3 1 3 4|2 1 6 5 6 1 0 2 1 1 0 1 1 2 3|1 1 6 1 3 1 1 1 3 0 0 2 1 0 0|1 4 4 2 1 0 2 4 2 0 0 3 0 0 3|2 0 0 4 6 6 3 4 5 0 1 1 0 1 3|3 1 1 2 5 1 2 2 2 1 0 2 2 2 2|4 2 0 0 0 1 1 0 1 0 4 0 1 1 1|2 0 5 1 1 3 4 0 1 0 1 2 0 5 1|2 0 1 0 4 1 4 3 7 0 1 13 1 6 1|1 2 0 3 1 0 1 3 2 1 2 1 1 1 1

第43个最优解：
Iter = 1956
Nfe = 98967
Fitness = 75.18457590918956
The number of total device = 960
The number of various devices = 64 64 64 64 64 64 64 64 64 64 64 64 64 64 64
The scheme of allocation = 3 1 1 0 4 1 3 1 6 1 1 2 0 4 0|4 2 1 2 5 6 5 0 0 5 1 2 6 2 2|0 3 0 1 0 1 3 3 1 1 2 4 3 3 1|3 1 0 11 4 2 1 2 4 4 7 3 1 0 1|1 1 1 2 0 1 1 1 11 1 1 4 4 3 3|0 4 1 3 2 3 3 5 0 1 1 0 2 0 1|1 2 1 0 7 13 3 5 0 1 1 2 8 0 1|9 3 5 3 0 1 5 1 3 3 3 2 0 4 1|1 4 6 3 1 1 1 3 3 5 7 2 0 1 0|0 2 2 1 6 0 1 1 1 3 5 3 2 4 3|5 2 0 3 1 0 5 0 6 3 6 0 0 3 2|1 2 2 2 1 3 0 2 1 1 1 2 1 0 1|1 3 4 1 0 0 3 0 0 0 0 0 3 3 2|1 1 2 1 0 2 4 1 0 3 2 4 2 3 5|3 0 0 2 3 4 1 3 3 0 0 2 1 0 0|3 1 0 1 1 1 3 2 0 4 3 3 4 6 5|1 1 2 2 0 0 1 1 3 2 1 0 3 0 2|2 2 2 1 2 1 6 3 1 2 0 2 0 2 0|0 2 2 0 2 2 2 2 0 6 2 1 1 2 3|1 2 2 1 0 2 0 0 0 2 1 4 3 3 1|0 1 2 0 3 7 2 5 0 2 2 5 2 2 0|2 1 1 3 3 1 3 4 0 4 1 3 2 1 4|0 4 4 2 1 2 1 3 0 6 2 4 1 1 6|4 3 9 2 0 0 0 0 2 2 0 2 2 0 1|0 1 0 7 2 0 1 6 1 1 3 0 0 2 5|1 3 0 0 3 2 0 2 0 0 1 0 2 0 1|4 1 4 0 4 0 2 0 5 0 2 0 1 2 0|2 1 0 1 3 2 1 3 5 0 4 2 1 6 2|1 4 6 3 1 3 0 0 2 1 1 0 2 1 2|3 3 3 1 0 1 0 1 1 0 0 5 0 2 8|6 2 0 0 1 2 0 3 2 0 1 1 5 0 0|1 1 1 5 4 0 3 1 3 0 2 0 2 4 1

第44个最优解：
Iter = 1952
Nfe = 98837
Fitness = 75.51277972355183
The number of total device = 960
The number of various devices = 64 64 64 64 64 64 64 64 64 64 64 64 64 64 64
The scheme of allocation = 1 6 1 1 0 1 3 2 1 1 0 2 4 2 3|3 7 0 0 2 0 3 2 6 0 3 2 0 1 6|0 5 5 2 3 1 1 3 2 0 0 2 4 1 2|4 3 3 0 0 1 2 1 2 1 2 1 8 1 2|2 0 9 1 2 4 2 3 1 0 1 0 1 0 0|5 0 0 1 1 1 0 1 3 2 6 3 1 2 3|2 0 6 2 3 5 2 1 1 3 2 1 1 1 5|3 3 2 0 1 1 3 4 2 1 1 4 2 1 1|3 4 3 2 4 2 3 1 0 1 3 5 4 4 4|0 3 5 3 1 1 3 0 4 5 2 0 8 1 1|1 0 0 0 0 0 3 0 2 1 1 4 0 0 0|1 2 3 1 1 4 3 3 0 1 0 4 1 0 1|1 2 2 1 1 1 4 6 3 3 6 2 2 0 2|1 0 1 0 0 3 1 2 3 3 3 1 5 0 1|4 0 0 2 3 5 4 2 1 0 3 2 0 1 1|0 4 0 2 5 2 2 1 0 0 3 1 3 1 1|1 0 1 7 2 2 0 1 5 15 1 3 4 4 1|1 4 1 1 1 2 2 2 4 4 3 1 0 0 5|1 1 4 2 3 1 0 2 0 0 1 1 2 2 2|0 0 0 3 3 2 5 2 1 1 0 1 2 13 5|9 1 2 4 4 0 1 2 2 4 1 1 1 7 0|1 2 5 13 3 2 4 0 3 0 4 3 1 0 3|1 1 1 4 3 4 0 0 2 1 0 2 4 5 2|3 1 0 1 1 1 0 0 3 1 0 2 1 3 1|1 2 0 0 1 0 3 0 1 1 1 1 0 0 1|4 4 0 2 1 0 0 4 0 3 4 1 1 1 2|1 4 0 0 10 1 1 3 1 5 0 2 1 5 0|2 0 2 2 0 4 1 3 0 3 2 1 0 4 0|2 0 3 0 0 3 5 4 5 0 4 0 0 1 1|4 1 2 7 4 4 2 1 3 2 6 3 1 1 4|2 2 3 0 0 6 0 5 0 2 0 1 2 1 2|0 2 0 0 1 0 1 3 3 0 1 7 0 1 2

第45个最优解：
Iter = 1962
Nfe = 99396
Fitness = 75.69303036156803
The number of total device = 960
The number of various devices = 64 64 64 64 64 64 64 64 64 64 64 64 64 64 64
The scheme of allocation = 3 0 1 0 4 1 2 3 1 0 5 2 1 1 5|0 2 0 5 0 1 1 0 1 3 2 3 1 3 1|0 2 4 3 0 2 0 0 1 1 0 3 0 0 4|3 0 6 0 1 0 0 4 2 2 1 1 1 1 2|1 0 2 0 1 6 2 3 4 1 0 1 1 1 2|3 3 1 3 3 0 2 2 3 1 2 0 1 1 2|1 4 1 4 3 0 1 1 4 0 2 3 5 4 0|4 1 2 3 0 7 1 2 6 1 1 2 6 2 1|0 3 5 2 0 5 0 1 4 5 2 0 3 0 0|2 0 2 1 0 0 1 2 1 3 3 1 0 1 0|0 2 0 2 0 3 2 6 1 1 2 2 1 1 1|5 0 3 5 2 1 9 1 0 0 0 2 3 2 2|4 0 4 0 1 6 2 3 0 2 5 1 2 1 4|2 2 0 1 2 2 3 1 1 1 1 3 8 1 1|5 1 0 0 5 1 4 3 1 2 4 2 3 2 2|4 3 4 1 2 1 1 1 6 8 0 2 0 6 0|1 2 2 4 2 5 1 3 4 3 0 5 0 1 2|10 2 0 2 2 1 2 2 2 1 2 1 1 3 0|1 4 1 1 1 0 1 1 2 2 0 0 0 11 2|1 1 0 2 8 0 7 2 3 1 0 6 0 0 2|0 4 1 2 1 1 2 1 2 4 4 2 1 1 4|0 0 3 1 2 1 1 0 2 3 3 1 10 0 1|1 4 3 2 3 1 2 4 0 1 3 5 2 1 1|0 0 0 4 1 0 2 5 1 1 2 1 3 0 3|2 0 5 1 0 0 2 0 1 2 0 5 0 2 0|1 3 1 1 3 3 4 4 2 4 2 1 2 0 4|1 2 4 6 2 0 4 2 2 1 3 0 2 5 3|2 0 2 0 3 3 1 0 0 2 4 1 0 1 0|3 0 2 1 0 0 2 0 2 3 1 1 0 2 0|3 3 2 5 4 2 0 1 1 1 1 3 1 7 0|1 11 1 0 6 10 2 2 2 2 9 2 5 1 14|0 5 2 2 2 1 0 4 2 2 0 2 1 2 1

第46个最优解：
Iter = 1961
Nfe = 99333
Fitness = 75.88820595149575
The number of total device = 960
The number of various devices = 64 64 64 64 64 64 64 64 64 64 64 64 64 64 64
The scheme of allocation = 2 1 0 2 3 3 0 1 1 0 3 1 0 0 0|5 1 2 4 2 1 4 2 1 1 4 1 1 3 0|1 6 4 0 1 0 1 2 3 2 1 1 7 6 3|3 2 1 1 2 0 0 5 2 3 1 3 2 5 2|2 1 3 1 1 5 2 1 1 2 0 1 3 2 3|2 0 2 2 0 0 2 0 2 4 2 2 2 0 5|1 3 0 4 4 1 0 1 0 2 0 4 1 4 2|2 3 2 1 5 3 3 0 2 9 1 3 2 4 11|3 3 0 2 1 2 1 7 4 1 4 0 2 2 0|2 1 3 0 2 0 1 7 3 3 0 0 8 1 3|0 2 2 2 1 4 5 2 1 1 4 2 2 0 1|4 1 5 0 0 2 0 0 1 2 1 9 1 4 1|1 8 4 3 1 4 0 2 0 2 4 4 1 6 2|1 3 3 1 1 3 0 3 3 1 2 2 2 1 0|0 0 3 0 2 2 1 3 9 1 1 1 4 0 2|0 4 1 1 0 1 5 0 2 1 2 4 1 3 0|0 0 4 6 0 5 3 1 1 4 0 1 1 1 4|1 2 2 2 3 1 2 1 0 5 2 3 0 0 6|4 3 1 1 1 4 5 0 0 0 0 3 4 1 3|4 2 4 2 3 1 3 4 3 0 4 1 2 1 2|1 7 0 2 1 0 2 4 1 1 0 0 1 3 1|3 4 1 5 3 5 3 0 2 2 2 2 1 0 0|2 1 2 1 3 0 0 5 5 0 2 1 0 0 0|2 1 6 2 6 4 2 0 2 2 1 0 2 1 1|0 0 0 3 5 0 10 0 1 3 1 2 1 0 2|1 0 2 2 4 2 3 2 0 2 0 0 1 3 4|3 2 0 4 3 1 2 0 3 1 16 3 2 1 0|0 1 2 5 4 0 1 5 4 0 0 1 1 1 2|2 0 2 3 0 3 0 2 3 3 3 3 1 0 0|2 1 1 1 0 4 1 0 2 1 1 3 5 5 1|4 0 2 1 0 1 1 2 0 3 1 1 2 2 1|6 1 0 0 2 2 1 2 2 2 1 2 1 4 2

第47个最优解：
Iter = 1970
Nfe = 99730
Fitness = 75.25992257228108
The number of total device = 960
The number of various devices = 64 64 64 64 64 64 64 64 64 64 64 64 64 64 64
The scheme of allocation = 2 0 1 0 1 0 3 3 2 1 6 0 0 2 2|5 3 4 2 2 2 3 4 0 5 1 1 1 2 8|1 0 4 2 1 0 1 1 6 1 2 4 2 0 3|2 3 0 2 1 3 1 0 2 1 0 2 2 0 1|8 9 4 0 2 3 2 2 3 3 1 3 4 1 1|1 0 1 1 0 4 3 4 2 11 3 2 3 2 3|8 0 4 2 0 1 2 0 1 1 3 1 2 0 3|2 0 0 1 1 0 2 1 0 1 1 3 2 1 1|1 3 4 3 2 1 5 4 6 4 0 3 3 4 0|1 1 1 15 1 4 8 1 1 0 3 3 0 3 3|2 2 7 3 2 1 1 0 3 1 1 6 3 0 1|0 0 1 0 1 5 1 0 4 3 2 1 0 3 2|0 5 0 2 0 1 0 2 1 4 4 1 1 2 0|2 1 8 3 1 2 8 2 0 2 4 5 1 1 4|1 1 0 2 2 0 2 3 1 2 2 2 2 2 1|1 1 0 3 3 0 0 0 0 1 0 2 4 1 2|2 1 0 2 2 2 2 3 2 0 7 1 0 1 3|0 1 2 1 4 1 0 2 2 2 4 0 8 2 5|0 11 3 4 1 2 1 1 1 1 3 1 0 1 2|0 1 0 1 0 1 0 3 0 4 3 1 4 7 0|1 1 1 1 4 2 3 1 0 0 0 2 2 5 0|0 4 0 1 2 1 2 3 3 1 1 1 1 1 2|6 0 1 1 13 7 3 1 2 1 2 2 8 1 3|2 1 3 0 2 4 0 6 2 0 0 3 2 3 1|0 4 8 2 0 1 2 2 1 3 1 1 2 1 1|5 1 1 2 3 4 6 3 0 0 2 4 0 1 0|3 7 3 1 3 0 3 1 2 3 1 2 0 3 4|1 1 2 1 0 3 0 2 2 3 1 3 2 6 1|4 0 1 1 4 0 0 3 3 1 3 1 0 0 1|0 1 0 1 2 0 0 1 1 0 0 1 0 5 4|0 0 0 1 4 2 0 3 4 3 3 2 2 2 0|3 1 0 3 0 7 0 2 7 1 0 0 3 1 2

第48个最优解：
Iter = 1878
Nfe = 95057
Fitness = 75.31548085921183
The number of total device = 960
The number of various devices = 64 64 64 64 64 64 64 64 64 64 64 64 64 64 64
The scheme of allocation = 3 3 2 3 2 1 1 0 2 2 0 0 1 2 1|4 4 1 2 0 4 2 7 0 0 5 1 3 2 4|1 4 4 4 8 3 3 2 4 6 1 0 2 2 1|0 0 4 3 1 1 5 1 4 4 1 2 0 1 1|1 0 2 5 2 5 0 1 5 1 0 1 1 0 1|3 0 3 1 5 0 1 2 3 2 2 5 1 1 0|1 1 2 1 0 5 1 3 2 1 0 6 3 3 1|2 5 2 4 1 7 6 1 5 1 3 2 2 3 3|10 5 1 2 7 2 3 4 1 0 3 0 1 6 1|4 1 2 1 6 0 0 1 0 0 0 1 1 1 2|0 0 1 1 0 2 4 2 0 3 11 4 1 1 2|1 1 1 0 0 1 0 3 2 0 2 4 0 2 3|5 2 0 0 2 0 2 2 1 6 2 3 6 0 11|0 1 3 1 2 1 1 5 3 1 0 0 3 1 2|0 0 0 2 3 1 2 0 2 4 4 1 3 1 1|3 3 1 0 2 1 2 0 0 5 4 3 1 2 1|0 4 0 1 2 0 0 1 6 2 2 0 4 6 1|1 1 4 3 1 6 0 1 1 3 0 2 1 2 4|0 0 2 2 5 2 3 0 3 2 1 1 1 0 3|4 3 2 1 2 2 0 3 1 5 5 1 1 1 1|4 3 0 4 0 4 1 7 2 1 0 0 2 5 3|0 5 2 0 0 0 0 4 1 2 1 3 1 1 1|0 2 4 6 1 0 5 3 1 2 0 3 5 0 3|1 0 6 0 2 5 4 3 3 1 8 2 2 0 2|2 3 2 1 0 2 0 1 1 0 0 2 1 1 2|1 2 2 1 1 4 3 1 2 1 0 2 0 2 0|0 1 1 2 1 1 0 1 6 1 0 0 1 3 1|3 2 1 2 3 0 5 0 1 0 2 6 5 3 2|0 0 5 0 0 2 1 1 1 1 0 3 2 5 2|5 8 1 0 4 2 2 1 0 6 3 1 3 1 0|1 0 0 8 0 0 4 1 0 1 0 2 4 2 0|4 0 3 3 1 0 3 2 1 0 4 3 2 4 4

第49个最优解：
Iter = 1915
Nfe = 96964
Fitness = 74.91153009716864
The number of total device = 960
The number of various devices = 64 64 64 64 64 64 64 64 64 64 64 64 64 64 64
The scheme of allocation = 1 1 0 0 6 0 1 3 4 2 2 0 1 3 0|1 1 1 2 4 1 1 1 0 1 2 1 0 2 0|0 7 1 3 5 5 0 2 1 5 2 3 2 3 3|1 0 4 1 3 3 1 3 2 1 0 4 1 3 1|0 2 1 3 2 2 1 3 0 4 2 4 2 0 5|0 2 0 0 0 0 5 4 1 0 1 2 1 1 1|2 3 6 7 2 2 4 1 2 2 2 2 1 2 2|1 0 2 5 3 1 2 0 1 0 0 1 3 1 1|0 2 2 1 0 1 2 3 2 1 10 1 1 0 0|3 3 4 3 1 1 0 4 4 0 0 0 2 1 1|2 5 0 3 4 2 4 1 2 3 4 2 6 1 1|2 4 0 0 2 8 2 0 5 0 1 11 0 2 1|4 0 2 3 3 2 1 7 1 2 6 0 3 0 1|3 1 0 4 1 3 0 1 1 1 3 4 0 2 1|0 3 6 1 5 2 5 4 3 0 0 2 1 0 7|0 1 2 0 0 6 1 2 1 6 0 2 0 2 2|3 0 3 0 0 1 0 1 0 4 1 1 3 3 2|7 8 3 2 2 3 1 1 3 1 1 2 0 1 3|1 0 1 4 0 1 3 0 1 4 0 3 3 3 3|3 0 0 2 5 0 5 0 3 1 1 0 0 2 5|2 3 0 0 1 0 2 1 4 0 0 0 3 0 0|3 2 0 0 4 1 1 3 2 1 3 0 0 1 1|4 1 2 0 1 1 5 2 4 3 6 1 1 11 0|1 2 8 1 2 1 3 2 0 2 1 1 11 2 1|0 1 0 0 0 1 2 3 5 1 2 1 1 5 2|2 1 0 3 2 2 0 0 0 1 1 3 4 2 0|3 1 4 2 3 4 0 2 2 2 0 0 2 5 4|1 1 0 2 0 1 1 3 3 5 4 0 1 1 5|2 4 0 4 0 2 1 2 1 3 2 8 1 1 2|4 1 9 3 0 4 5 3 0 0 0 4 4 3 5|4 3 2 2 2 1 2 1 2 6 4 0 6 0 3|4 1 1 3 1 2 3 1 4 2 3 1 0 1 1

第50个最优解：
Iter = 1909
Nfe = 96607
Fitness = 75.30258120445183
The number of total device = 960
The number of various devices = 64 64 64 64 64 64 64 64 64 64 64 64 64 64 64
The scheme of allocation = 1 0 4 1 0 0 3 3 3 4 2 0 3 4 0|3 9 1 5 1 2 5 3 0 0 6 2 4 0 0|5 3 4 6 4 1 1 1 7 2 1 6 1 2 2|0 0 0 1 2 0 3 1 0 1 1 1 1 4 5|1 2 0 5 0 0 0 3 2 4 1 0 1 1 2|5 2 0 2 2 1 3 0 1 1 4 2 9 1 0|3 4 1 0 8 4 1 2 1 0 2 0 1 1 2|1 1 2 1 1 0 3 1 2 1 2 3 2 1 2|6 1 0 3 0 1 2 4 1 2 2 2 1 1 4|3 0 8 2 1 5 0 4 12 2 2 4 4 3 13|1 2 3 1 4 0 0 2 0 3 1 0 4 4 2|2 1 1 2 4 0 2 1 2 1 1 5 2 1 1|3 2 1 1 0 5 6 0 1 0 11 0 3 1 2|2 4 2 4 1 1 2 1 2 1 1 3 0 6 0|0 1 5 3 1 1 4 5 4 2 0 1 1 1 2|0 3 5 0 5 1 0 3 1 3 0 2 2 1 1|1 2 6 1 0 3 0 1 3 3 2 1 0 1 1|0 0 1 2 5 1 1 3 1 1 5 1 2 0 1|2 2 0 7 1 2 6 0 6 5 1 4 2 0 0|5 1 0 1 2 1 2 0 0 2 0 2 1 3 0|4 1 1 1 3 0 6 2 3 1 2 3 1 1 1|2 3 1 1 4 1 2 2 0 3 2 1 3 1 2|3 3 0 3 0 7 1 2 2 2 2 2 2 6 5|0 0 2 1 0 0 0 0 5 3 0 4 0 4 6|4 2 0 0 1 1 0 3 0 3 0 0 0 3 0|1 5 1 2 0 14 1 5 1 1 0 2 1 6 2|0 1 3 2 0 1 3 2 2 0 3 0 1 1 0|2 3 2 1 5 1 1 2 1 1 1 4 4 0 3|1 3 1 0 1 5 1 0 0 1 4 2 1 4 1|0 1 3 3 6 4 0 0 0 3 0 0 2 1 1|1 2 4 2 1 1 1 2 1 8 5 3 4 1 1|2 0 2 0 1 0 4 6 0 0 0 4 1 0 2

The final result:
fmax = 76.37885176192538
fmin = 74.58653964854125
fmean = 75.32962619736898
standard std = 0.4096631123233334
The number of total device = 960
The number of various devices = 64 64 64 64 64 64 64 64 64 64 64 64 64 64 64
The optimal allocation = 2 3 2 5 1 2 1 0 3 6 1 4 2 1 0|0 2 2 0 1 3 0 3 6 3 1 1 0 4 3|2 3 2 1 3 3 2 2 4 2 3 0 4 0 1|2 0 3 6 2 3 1 2 0 3 1 1 2 1 0|1 1 7 1 0 1 1 1 0 1 0 1 1 6 3|3 3 1 5 4 4 3 1 4 5 1 0 1 2 4|8 1 0 2 2 3 3 2 9 1 6 0 1 2 2|5 4 1 0 3 3 2 0 2 4 0 1 1 2 1|2 2 3 4 3 0 1 2 3 3 16 0 1 2 2|4 2 4 0 0 5 1 1 0 2 3 4 0 0 4|0 1 1 4 1 0 1 1 4 1 1 3 2 2 5|3 0 0 1 4 1 8 2 2 3 0 0 0 6 0|0 1 2 3 2 0 2 0 5 0 1 0 1 2 1|1 1 0 2 5 0 1 3 0 1 3 10 0 0 1|2 2 3 0 1 1 1 2 1 0 3 2 0 0 1|3 3 3 1 2 5 2 2 3 2 1 1 4 3 2|0 2 2 3 2 1 4 3 1 6 2 4 1 5 2|1 0 0 1 1 5 3 1 1 1 1 2 7 2 6|2 2 2 2 1 2 1 3 0 1 0 3 2 3 7|4 3 2 1 0 2 2 0 1 0 2 0 0 0 1|3 1 2 1 8 0 0 3 1 2 5 1 2 0 2|3 2 1 0 3 0 3 6 1 5 0 2 3 1 1|0 1 2 3 0 3 0 1 5 3 3 0 3 1 0|3 9 2 2 4 1 7 0 1 0 2 3 0 2 1|0 1 1 2 1 4 1 1 0 1 1 0 2 9 2|1 2 0 2 0 1 1 2 3 0 3 1 2 2 1|2 0 2 1 0 1 4 4 1 2 0 0 1 0 3|3 0 3 2 4 3 3 2 2 0 2 8 3 2 0|1 4 2 4 1 0 0 9 0 1 0 3 5 0 2|1 3 0 3 1 1 2 1 1 1 2 1 5 1 3|0 2 2 2 2 2 1 1 0 1 0 0 6 2 3|2 3 7 0 2 4 2 3 0 3 0 8 2 1 0
