0.71273568 0.91905172 0.99491353 0.99433096 0.77394878 0.76502775 0.99114481 0.97427577 0.85279593 0.99940145 0.89792702 0.97123269 0.93861945 0.87644947 0.87190778 0.88667834 0.98036484 0.88291431 0.74529202 0.86301445 0.76211050
0.85600942 0.79076263 0.82831549 0.73676692 0.72303607 0.88155637 0.82978851 0.87782998 0.85518686 0.75926508 0.85550273 0.76991292 0.76629481 0.78121005 0.71806737 0.99149602 0.87234499 0.80038908 0.84493254 0.84792363 0.95949986
0.73402368 0.78785878 0.78914215 0.78719745 0.70163582 0.72884731 0.79501306 0.87856566 0.86036134 0.72144389 0.73124958 0.82295423 0.73385905 0.96482526 0.87111561 0.73481957 0.92170224 0.76344842 0.74199030 0.97950636 0.98854153
0.97728891 0.99174144 0.98965327 0.86660536 0.81681562 0.87756584 0.75600883 0.96125665 0.88284520 0.95954454 0.88337706 0.92735173 0.89429098 0.93262572 0.85622108 0.78404978 0.78656682 0.95408779 0.75913639 0.75749844 0.70002758
0.81875024 0.84496442 0.78447367 0.71132415 0.70128945 0.83775002 0.77557902 0.99092179 0.92398172 0.89905579 0.92401229 0.99727696 0.91903536 0.87432915 0.85518431 0.74228851 0.83738882 0.87107714 0.84362744 0.98363556 0.81044138
0.70253703 0.87665840 0.71748540 0.89764810 0.75934000 0.71916254 0.75980051 0.75125024 0.84734820 0.83064393 0.71609550 0.89962739 0.75240439 0.80433803 0.94799034 0.79284741 0.96216698 0.93871109 0.95027750 0.86795509 0.89151161
0.91407261 0.95446685 0.97738011 0.82116439 0.83130478 0.97389314 0.78156010 0.76929016 0.87586487 0.70146695 0.83646407 0.87269296 0.79824423 0.76402114 0.70816649 0.95809432 0.95196952 0.72695092 0.91996226 0.93463881 0.70200949
0.82946686 0.78272735 0.73633457 0.71010272 0.71427598 0.87632005 0.78757038 0.91904918 0.99587735 0.83878234 0.85615940 0.89541084 0.78890492 0.98094109 0.79654312 0.74934382 0.89207081 0.77672308 0.97084784 0.93143698 0.99425901
0.88408839 0.76741961 0.90945919 0.73719018 0.72795092 0.91527192 0.95281975 0.73382442 0.82479492 0.71856437 0.89932404 0.80328999 0.74891145 0.70778873 0.84745847 0.94162192 0.73226802 0.72377288 0.70796651 0.70296597 0.75399005
0.81692121 0.86087947 0.71814878 0.81127221 0.95729407 0.79844370 0.92663681 0.87125290 0.71118717 0.89053749 0.94390255 0.98297457 0.74680564 0.98719877 0.72908723 0.98001788 0.98543583 0.77278699 0.75759602 0.82773713 0.91520175
0.70807976 0.93988209 0.96423957 0.93205141 0.94025728 0.76117266 0.85134072 0.86705222 0.82625485 0.84726062 0.89069299 0.90038287 0.80236628 0.78873203 0.87112453 0.85059284 0.94225806 0.88012028 0.99594012 0.86275951 0.97670690
0.85147441 0.99352583 0.70110595 0.90140005 0.98769956 0.84106389 0.78045155 0.87404079 0.74577417 0.82950424 0.84655091 0.89877824 0.89156919 0.96815384 0.93793517 0.91463344 0.78649110 0.76933490 0.93130356 0.94512066 0.95954104
0.86752784 0.78882136 0.72866539 0.80262921 0.81325481 0.78886431 0.83369795 0.72610406 0.93967428 0.93180798 0.96845361 0.90745230 0.92944703 0.76939403 0.92353785 0.85899685 0.91089912 0.91001439 0.83521763 0.73016568 0.98584660
0.90293722 0.82917652 0.94652593 0.73666212 0.90205799 0.89812470 0.77127344 0.77725317 0.85419180 0.98218110 0.85523928 0.80158665 0.74823216 0.75834839 0.91872061 0.74423417 0.89968496 0.70467794 0.88256452 0.70012749 0.93014476
0.98587496 0.83692964 0.75530325 0.93321431 0.91012077 0.80402102 0.75688095 0.89717681 0.83179195 0.71584054 0.99885818 0.88041383 0.72153324 0.98961538 0.92052165 0.70812061 0.99379331 0.94206402 0.70636270 0.87830396 0.77246023
0.73902960 0.74035052 0.93135659 0.98763539 0.82925708 0.70325657 0.85068519 0.83086223 0.76021143 0.90943805 0.92192845 0.85227840 0.81983037 0.85907836 0.98523447 0.76118729 0.89097610 0.93334757 0.76887581 0.79144734 0.94509670
0.98328515 0.79316400 0.71485468 0.73822894 0.75842267 0.88118383 0.82934714 0.70597014 0.88825374 0.80730152 0.71438501 0.78441826 0.76862316 0.75570913 0.83326616 0.81132495 0.81594754 0.84945169 0.77141074 0.98582778 0.93489399
0.94544143 0.73080251 0.98612386 0.79973365 0.87289784 0.95380188 0.86231803 0.87605162 0.92146022 0.82444751 0.73642502 0.90783450 0.86090343 0.89214090 0.95312615 0.86517197 0.89694592 0.98126079 0.73337693 0.78989825 0.83707270
0.99078144 0.78833338 0.89046449 0.75660479 0.85037120 0.75331078 0.92317266 0.91842978 0.78372517 0.90060962 0.95461674 0.70986717 0.93603814 0.98603971 0.82976641 0.81707570 0.75055112 0.87684457 0.77159371 0.86121806 0.82900749
0.99847403 0.71148258 0.97128265 0.78263179 0.82427455 0.99487646 0.86601990 0.87389662 0.91566215 0.72370848 0.96188492 0.86487065 0.80071477 0.98612424 0.91518646 0.72534281 0.75636629 0.88484623 0.84482575 0.91319515 0.93350593
0.80824464 0.86706760 0.92064949 0.83528259 0.79276849 0.90571962 0.98303972 0.82678506 0.80185606 0.71990390 0.77166468 0.81901481 0.79478377 0.81728930 0.73905321 0.83168951 0.87912683 0.89321093 0.95362592 0.79791110 0.93259557
0.75553705 0.75126501 0.92910380 0.84397553 0.86145222 0.94370622 0.91087314 0.95873982 0.80550921 0.75794427 0.84955844 0.72261663 0.75836045 0.73699518 0.93524711 0.89598494 0.76251386 0.91038668 0.92989035 0.76343610 0.74526619
0.74264991 0.72890584 0.78617899 0.70965054 0.98986305 0.88127409 0.84018113 0.81179365 0.73794998 0.98663141 0.75002812 0.72751176 0.76196417 0.91823324 0.86744847 0.75228271 0.93299071 0.84790780 0.75429088 0.86691543 0.80857624
0.77324148 0.91245574 0.73629656 0.77374940 0.96823263 0.75787260 0.79052764 0.85272137 0.89652259 0.96208004 0.86657458 0.78625862 0.94105779 0.78330437 0.96423532 0.76649734 0.91565885 0.97914832 0.89278949 0.83962112 0.73246792
0.83509083 0.75412794 0.82735121 0.70461707 0.75696377 0.72446846 0.88060061 0.86570642 0.96141134 0.85994766 0.86292093 0.78680182 0.95605275 0.96143731 0.96752295 0.96765816 0.93065866 0.79086754 0.99967958 0.97174507 0.78211646
0.93514732 0.80622188 0.86439846 0.86929978 0.76445681 0.80561632 0.70004174 0.73917189 0.82924404 0.86576388 0.98791747 0.98254305 0.98469292 0.89218869 0.74614038 0.96686631 0.72273726 0.92668650 0.73112961 0.95429619 0.92987952
0.91578050 0.90359855 0.74594978 0.87413184 0.98948436 0.96327713 0.89789928 0.75632980 0.89389969 0.95241211 0.93088993 0.73987857 0.84607749 0.79283753 0.70411746 0.99867465 0.82635057 0.88302792 0.94361345 0.89550438 0.99199607
0.94004381 0.70787740 0.72265496 0.88661479 0.92664916 0.93735873 0.70278145 0.73201621 0.95612733 0.97023207 0.96125732 0.92367546 0.81644286 0.91462387 0.84129452 0.80698098 0.70139229 0.74703818 0.84005270 0.78951869 0.77925885
0.95819459 0.99776574 0.84454113 0.96923145 0.99083063 0.87259738 0.98254708 0.83246959 0.80923637 0.78149645 0.91154985 0.91819241 0.80737835 0.98175546 0.77213938 0.73554016 0.70143505 0.90928534 0.92084599 0.84920376 0.76340590
0.97780238 0.94459080 0.92093792 0.93517054 0.87818218 0.72016006 0.94007053 0.81696524 0.79916890 0.98566832 0.90399113 0.75070774 0.81943681 0.76587737 0.72434828 0.81694204 0.89668473 0.99001535 0.74630587 0.73438928 0.90200237
0.95939284 0.87670528 0.79318081 0.81718138 0.96264008 0.72235077 0.76681426 0.72895248 0.99879157 0.84188205 0.73371341 0.71731343 0.75272205 0.71381875 0.89698746 0.94517156 0.87358986 0.91935773 0.82057507 0.71345776 0.93497116
0.93137530 0.90142343 0.94967776 0.80527086 0.99083253 0.77069257 0.84854999 0.82877348 0.83840260 0.96218975 0.78093778 0.91134922 0.75263587 0.90332877 0.93171758 0.72035841 0.72634880 0.87287388 0.91853305 0.94569923 0.99016927
0.73056781 0.78156889 0.72822141 0.86629199 0.95645799 0.71953655 0.84288076 0.70649359 0.84232562 0.87899768 0.82703668 0.73632813 0.75408607 0.78295981 0.76919733 0.89217001 0.73236987 0.81036231 0.92029426 0.89939222 0.91870783
0.81062920 0.95822081 0.89846389 0.88683380 0.75689912 0.82689587 0.88112237 0.92258361 0.80785118 0.78351695 0.75102117 0.73170830 0.86122927 0.72194380 0.87237584 0.86263479 0.94222564 0.79630630 0.91612653 0.91079679 0.87681850
0.84695740 0.75600656 0.72262402 0.85396684 0.73079474 0.70665265 0.74061691 0.78124912 0.87975130 0.83251360 0.72614967 0.78609138 0.95490817 0.78981011 0.96373374 0.70916366 0.92921000 0.89416976 0.78943885 0.97783233 0.81916545
0.93380708 0.99700877 0.73573947 0.79519300 0.97223979 0.75792339 0.93963915 0.93142431 0.70552843 0.94624900 0.81655377 0.80880493 0.85689762 0.78558316 0.90312269 0.86023437 0.70634338 0.73374056 0.96469841 0.74326505 0.96445188
0.99104111 0.91430461 0.94453170 0.80815127 0.76015124 0.92100376 0.86061051 0.90148920 0.79939437 0.91353056 0.76240933 0.92677473 0.79728626 0.74823116 0.83446770 0.85054458 0.85376582 0.72040668 0.98669804 0.94480957 0.78318177
0.85509315 0.76412610 0.77690825 0.85556051 0.71711853 0.73009189 0.97104093 0.96602024 0.93096108 0.77014897 0.93117832 0.86741126 0.79849209 0.85755272 0.79853490 0.71835236 0.94711925 0.83675536 0.89716877 0.78779785 0.93215597
0.71872811 0.79851509 0.81810968 0.85542508 0.84120763 0.80978197 0.88132419 0.74716438 0.72811717 0.86213344 0.86789236 0.79023472 0.78543903 0.94245512 0.92363783 0.74444018 0.79571847 0.97724473 0.99901647 0.95445333 0.72015559
0.73879013 0.99497612 0.89739727 0.88589456 0.80229415 0.88180520 0.74556955 0.82664686 0.83797624 0.73132351 0.88610195 0.75718738 0.77442723 0.83860834 0.95253344 0.99653964 0.91861460 0.81716429 0.88333234 0.81081895 0.76393155
0.93103434 0.92933734 0.82472922 0.96055451 0.97881519 0.98589547 0.95061188 0.76211969 0.86787948 0.72615895 0.70572259 0.99935035 0.81232214 0.75956120 0.73206370 0.96476263 0.95523844 0.83392604 0.89862776 0.82294884 0.85490566
0.74097260 0.85330985 0.78818313 0.78528052 0.97316221 0.90102377 0.83521583 0.78393913 0.91489191 0.71570933 0.93011834 0.83517614 0.93297299 0.94694569 0.88591213 0.70244456 0.86014158 0.95678756 0.96246110 0.82265780 0.84103168
0.91921891 0.84172764 0.74508986 0.93259986 0.73327078 0.91798929 0.73969996 0.72042439 0.74137732 0.74798321 0.91367235 0.92861004 0.90694649 0.70819258 0.96080214 0.76421351 0.98939939 0.90560961 0.72607265 0.84716302 0.96108398
0.88430597 0.89735975 0.83357911 0.73849700 0.76301299 0.73766344 0.94421240 0.95014974 0.82865943 0.84460685 0.76039758 0.83519086 0.99743618 0.86915745 0.74748150 0.96055180 0.73845322 0.94261543 0.71011690 0.75990744 0.93542518
0.74987892 0.97512172 0.83514757 0.93906798 0.84783528 0.93578789 0.72033127 0.93701028 0.76044316 0.97658158 0.88924942 0.83901918 0.78665918 0.92911095 0.89074741 0.84321120 0.73382842 0.88904583 0.82086252 0.81366522 0.83749755
0.74935734 0.88760819 0.96147547 0.84882432 0.97780402 0.99288909 0.77977853 0.76284692 0.78602485 0.84655876 0.73865961 0.92484159 0.90390786 0.74003377 0.99808919 0.98783682 0.78608678 0.74115565 0.84616247 0.70206710 0.83747680
0.72814414 0.81591016 0.89673920 0.85169391 0.95851293 0.97681985 0.76594878 0.71001117 0.86872097 0.73695387 0.89392488 0.88918863 0.92211018 0.72817017 0.84999476 0.87407225 0.96633252 0.98044918 0.95075148 0.76529084 0.72699671
0.82170029 0.72587112 0.91368867 0.85166732 0.86666836 0.73486702 0.80131471 0.92762638 0.78268088 0.86478248 0.92384850 0.72795963 0.74097333 0.79341378 0.81127588 0.79355745 0.98020084 0.72912009 0.95243644 0.73352220 0.72349052
0.73661650 0.76474848 0.82325175 0.80201002 0.72836147 0.97297536 0.89812053 0.84652379 0.94323970 0.83033116 0.98120763 0.71377971 0.74820630 0.83153180 0.94592303 0.91681484 0.88439811 0.73058173 0.89866098 0.72739018 0.83693259
0.88614452 0.97276154 0.91476027 0.73720481 0.81427960 0.85308879 0.77785473 0.70795781 0.83213573 0.80043652 0.71769489 0.73474136 0.72687555 0.91674955 0.78348957 0.79258920 0.88166417 0.98580123 0.70935056 0.87383439 0.93498808
0.83949487 0.93893894 0.75194764 0.84087963 0.73735941 0.71259994 0.97712288 0.73580574 0.90608675 0.76566482 0.73204952 0.80303799 0.96711073 0.75759447 0.88090063 0.85725498 0.78325485 0.91951059 0.82103087 0.95093653 0.98037844