3.13800290 1.95211068 6.21085157 3.36087377 4.92764931 9.97928287 5.81290402 6.11716322 6.11207910 1.54094082 8.34759633 6.79396596 4.27539734 3.19782776 3.36611451 8.11938469 9.11288091 0.42132165 4.11662426 5.09625379 4.02128015
5.12085742 2.49892915 8.54349236 8.18286589 9.00391570 7.81075904 3.32576999 2.99728622 3.85164828 5.66416266 9.91802755 5.90475399 9.68578683 7.17119134 3.62522767 5.39603289 5.75755899 8.78125509 0.51403572 3.31914748 7.30691575
9.99824364 2.91196352 4.46969730 3.12045300 9.61369914 0.19083046 8.89109990 5.05898335 1.06303949 2.47523006 9.31305372 0.93079917 4.04502768 5.90301573 4.72094969 6.35424001 2.64038797 8.11364790 1.17592961 9.58326036 9.82367424
1.75157351 2.69472727 5.66226810 4.48319641 1.94563387 8.25039330 2.73158471 9.84701605 0.96183250 5.76945093 3.82245428 1.55872434 9.52561243 0.37798530 2.06060998 9.55491713 9.67112876 2.08862231 5.83998006 0.36699058 8.39882802
7.62230613 3.23319621 5.50307698 4.90897062 2.12323489 1.67314779 7.16164626 6.72756734 9.15227364 9.76989626 4.68650559 1.65252191 1.53360765 3.01985072 3.89362553 3.12160572 1.38136120 4.11917836 6.68342976 6.34021469 4.94735564
1.61100151 0.19788762 1.30568943 6.80813020 7.67601463 3.18994810 6.72630457 8.34881265 7.01873096 2.24356294 5.75686653 7.50336824 4.00664349 2.01574509 0.45918022 0.27521471 4.48717020 1.76781353 6.94447958 9.68914692 2.03732338
5.11117789 7.26624120 4.51495880 5.79362781 1.11372256 7.30563058 8.35511206 8.46488726 2.69604626 2.12815535 9.50325105 8.64797554 2.59252498 1.58893358 3.35731514 1.14691249 8.06036108 9.32530751 2.11045365 2.63805439 2.99049092
7.69936482 0.94490409 7.72931629 0.10742164 9.73925575 6.01844423 2.22891307 6.54077506 6.67702460 7.15998151 6.26919089 3.20951531 6.29200124 7.38030165 9.82369304 2.18054476 2.94262262 2.05594360 7.11069003 6.44655139 4.90589190
2.95862810 4.39397070 3.41369809 8.44249932 6.17961552 7.77178140 6.79794267 0.86696594 8.43782361 3.68737019 1.59948631 6.82599550 3.26249071 5.09967325 3.35804560 2.97454979 7.10561956 0.52025999 5.98735101 6.28798478 5.56639073
1.45273181 2.14547390 0.35992647 1.59919156 6.16334367 6.31829079 2.20937680 0.82885511 4.16670124 3.57659496 9.35688094 3.91115712 6.32796033 6.31306723 3.22840972 2.25357707 0.06303552 7.17352530 0.30693883 1.35077471 7.76090331
8.86756671 6.87553846 5.49119408 9.25715951 0.57693405 6.68210973 8.65565485 5.95557484 6.27562400 3.40473692 9.05574745 5.02446682 2.43396911 1.40794953 8.94929761 6.98728309 1.29962876 8.95402063 7.12212485 8.98187283 1.23161779
7.76974922 8.73976614 8.98050005 7.40921953 1.66800888 6.14979454 3.34272798 4.64581491 4.78467045 4.65481182 1.21588687 9.00838279 6.91533297 9.27814861 4.50291019 6.47660957 9.42263123 2.10876149 1.38490590 4.97126673 0.23370619
4.93876258 4.71590729 0.73970490 0.55876379 8.59647959 3.99982483 1.30702427 9.13546872 8.62988811 1.11469882 4.98468166 2.04024864 6.80971872 5.46693105 1.27399594 7.40641661 9.29848936 3.83825348 7.41021996 4.75034204 5.27116973
3.83076510 3.76354765 8.03073145 4.27513553 7.52045356 4.84662925 0.05241003 6.68152511 3.69718822 3.27387155 3.37481917 9.20706254 2.89925796 1.17600075 9.49677732 6.67486676 9.34309504 7.29406935 3.76287447 1.93471570 7.80391706
8.26029562 8.17320751 8.17769248 1.52058359 9.41882124 8.07697952 1.75708742 9.27805260 3.94767858 1.59182606 9.06689168 5.96339679 9.01396341 2.51455257 8.03116004 1.09641336 4.22741170 8.47529626 3.32198466 4.10344734 0.75327732
6.13595706 4.55076784 3.43312007 9.10362053 4.34506479 8.36693608 9.00523552 9.84680933 4.33508511 8.65019231 3.93921330 4.25824527 3.28448607 3.79685728 2.02597859 1.28103061 3.86572580 6.47779850 1.98731413 3.07348704 7.76163859
9.18490758 8.20925826 3.89115105 5.55653401 8.38502982 0.34121289 6.08406598 8.89464711 1.16470997 0.92000128 2.58589754 3.34740780 0.87607102 1.00819545 7.42960049 2.04232191 2.48358976 8.72860733 4.54507169 0.78009244 4.06349347
4.53192380 0.37742026 5.10292716 8.22195239 0.05203285 7.71019823 8.57581761 6.07519269 4.48367790 6.48612817 9.40389272 6.87411200 3.55964586 2.38857693 9.43278599 8.35793344 1.40977717 5.48021988 5.56528038 6.48588042 4.85166539
9.29104920 8.67632083 8.32281505 2.99298854 5.40607685 9.21981773 8.54423392 2.41799402 9.82379410 1.89448794 8.27796496 9.68573881 5.13964308 3.97231098 4.81436632 8.38526040 6.95446587 3.19200424 2.09377948 7.57293909 3.81609946
1.48125148 4.81944191 2.05988055 7.47298203 0.19524454 3.54601831 2.72223726 4.25184727 1.04542684 4.15836214 6.77495411 8.96728053 4.44115882 2.78207090 3.77951023 9.92911477 3.57834766 6.35685675 3.04880413 7.33435289 8.28291494
9.85570029 2.06740542 7.61349628 7.35330733 3.44721320 3.56297675 3.14687020 1.94507532 6.77558628 0.94474970 0.17474037 5.40188164 2.97195576 7.96750949 7.69570937 6.86112353 2.01296891 8.68463258 6.68109693 6.94868359 1.60678707
8.02128427 2.02869894 3.92615177 3.91371583 1.62898025 9.33753602 7.76518736 8.09810603 6.07527451 4.80589050 7.79752229 1.96011924 6.87743083 9.33815146 6.82542979 0.71041209 2.40650150 7.29167176 0.87631427 7.32773567 6.26832310
6.20306151 9.14640562 6.87891053 9.41051031 6.30403303 3.10236920 6.68258404 5.90961356 7.67011997 7.19596819 5.26263065 3.16017896 8.44130001 6.19574944 5.66401257 8.01753129 9.71174683 5.75104534 2.89336763 5.33867393 1.40664381
3.47741678 0.99854501 4.32078544 8.74719682 7.58898721 2.61576420 1.05436166 0.75068224 8.90195048 2.69002354 2.78813700 0.62057270 9.89485612 8.51384095 0.54549339 2.85248506 1.43511275 0.23135662 1.93714628 3.41489871 3.76747021
9.51929009 5.28247024 7.45929426 3.40907457 9.28318558 9.48191112 3.67256679 1.70701575 3.89684401 1.47550544 5.60527240 3.98811625 7.76478372 4.57760617 8.09246573 0.46703836 9.80203192 6.49549459 1.22959347 1.37761357 2.80249838
5.41963541 5.27410991 9.15362768 9.60663623 6.21590541 7.31418461 9.90912274 2.48105031 6.45521396 4.57907464 4.95460546 8.18716227 3.78350138 9.86143598 0.63437678 8.84300071 1.96518647 1.68005609 1.38153243 7.87163178 2.82571015
5.53218688 6.56100421 1.08170147 5.27389858 2.86786453 6.40734457 5.24001645 0.60245140 1.26430477 6.16278602 0.37303783 5.34493324 2.68666462 0.38243108 7.47361975 9.11023273 6.69216563 1.29725972 0.29127812 5.02052141 1.96777590
6.11196860 8.44872178 4.64633160 2.68735185 8.16348438 9.25434249 7.66244570 5.83234447 5.97732127 7.26979980 8.84087020 1.84087656 2.43278078 3.94380304 1.45224206 3.73320049 3.48432204 4.43763603 6.66459942 9.20725161 2.18525593
5.14492788 3.10851823 6.10621158 9.12124588 3.34762625 9.42020361 4.13070497 4.78492762 9.95208109 5.27919720 4.70144601 2.90928644 7.31360010 3.22493811 6.47386790 6.32625884 6.78479281 4.36650218 6.16445865 8.52835348 4.81246802
5.99241137 3.06923797 4.78491767 2.15980977 8.04249068 0.93801061 6.40099669 8.14500389 8.42132647 2.71373317 0.50557064 0.66444043 4.21295482 2.05453689 5.61727320 3.20807951 6.99899278 0.52665040 0.15952819 2.07650549 5.68749726
0.88967221 7.08337134 0.57366221 9.52741954 4.99133908 2.80504683 2.07620853 7.31359731 9.44715081 2.77679906 0.56988476 6.17980699 3.50090262 9.18310979 5.49523787 4.83247774 1.24538886 8.49095514 7.55950629 1.59524320 4.72824148
7.88149006 3.54841211 7.21458744 5.37606573 9.95189001 1.11107206 6.01942272 8.64074953 4.49991361 8.99318152 6.73250802 0.80501279 4.69007373 4.25808528 5.99919927 7.47997604 2.44913405 5.66229973 3.52910362 0.48572680 4.54997984
1.54150501 7.63878071 3.52656526 6.51673001 1.31497607 3.93871871 7.35581535 6.22029995 2.03088146 7.92538576 1.97078810 2.83243883 5.25182156 4.31924239 6.78669132 9.66760100 5.01944164 2.13216861 9.70897678 1.36584003 4.63890155
4.65284921 2.55682588 6.85623542 8.58843755 7.80622777 3.38617398 9.58919811 5.98620850 8.67322783 5.91887397 5.63732155 3.73606928 8.34950936 2.50531250 8.43828044 0.72586434 9.77711323 9.83098322 6.18960136 9.26629677 1.70042044
5.92323399 4.20396045 6.33536780 4.47793271 2.92260250 9.89499238 5.13285019 2.12396026 2.55386210 2.48741977 6.95119768 7.65937721 0.26509755 3.03164350 4.43375517 5.61818671 9.59884045 2.85176147 9.91808595 6.38671422 0.51748933
0.16730899 6.75168082 1.94482641 4.12594980 5.30284718 7.21927189 1.53365038 1.51762789 4.63585051 8.03542717 8.79184508 6.31561568 2.23216986 3.23304892 8.98255978 8.88911189 5.97968466 4.71786212 6.07578552 5.19581927 1.95457519
2.76092016 4.65588840 4.73426926 6.74098244 2.26562146 0.89169151 0.18572392 2.47364502 5.77267112 0.13654768 5.98350830 3.48443729 0.85588405 6.11842540 4.26833102 6.60755264 7.81367477 8.13510964 4.47135448 9.43441360 3.37553333
8.18719333 7.11247516 2.10820690 7.51973969 9.56161760 3.30948407 8.60928635 3.43802158 2.02109372 8.96447361 2.90649210 5.18481596 6.45982193 6.62706676 3.83578728 3.61324471 3.65349499 8.62974155 0.11642042 8.82686887 7.56165639
2.24873173 3.52616586 6.56574307 3.53306163 1.36468539 3.93100868 6.69723453 5.71976521 9.38046633 4.60098324 4.29654018 6.02323752 4.99918675 0.04268920 7.67876942 8.97589470 5.87376352 1.44034634 3.18393143 3.10399821 5.10999045
6.72107184 3.51810593 9.52296274 2.13832801 3.24639746 5.01853517 2.78368936 2.56530723 1.18086450 9.33732806 7.31861595 1.27365513 4.69987160 6.72791896 5.22875777 9.26094619 6.37276962 1.37037666 7.60808890 7.48979284 7.29353382
3.98611448 2.11919115 0.36828620 1.83016534 3.36950102 4.11417867 7.38760324 1.22530743 6.40333147 7.23748038 3.91440302 4.70438538 5.62706401 2.15214532 1.16883103 0.23390949 4.49118537 8.79891095 1.01466013 9.62141107 3.05801949
8.42735118 3.34629554 4.25980190 1.09874883 6.53100429 2.57807828 8.49278610 1.28836771 6.77345327 5.02451779 7.31427241 2.51474271 9.00991349 0.80579786 3.91356763 2.19490793 1.58895828 2.32109258 0.43945948 6.93117540 9.26159156
6.30294063 2.28012551 2.84159449 3.22995601 7.99912220 2.14213039 0.46374622 9.13554191 4.12419186 5.26060448 4.25781424 2.11684051 5.88102155 1.18402719 3.42432347 5.45896467 4.57340773 0.75085731 9.00389431 0.81283458 0.11400734
9.11159353 2.04081023 3.47911081 7.07756332 6.94866608 8.96915331 5.83212676 3.85758500 2.40789258 3.31971013 5.60165743 7.95535692 5.67906142 7.34781023 3.43543654 4.46334455 6.64953000 3.24670636 5.93291392 5.40077664 3.60355362
1.23806190 6.17081809 4.71737927 7.55139507 1.02056530 3.63367714 7.50194777 2.44608470 3.80964047 9.41751621 2.21563832 6.28203155 4.51567817 0.59254120 1.61557001 1.86852085 7.48516738 9.69068532 1.44252693 8.93244970 4.66855347
1.42648009 5.91725758 1.12849054 2.08061164 8.96478764 5.62306558 2.52119511 8.98356947 6.31651175 6.44809662 8.15238315 4.35016810 1.77347794 7.91892181 2.41848304 6.85330669 9.68625860 5.47772870 7.15632473 7.88086676 4.34379118
4.03862615 8.57221369 1.88876296 0.23121650 9.50427817 8.44793594 4.78222618 7.52244606 0.83228544 0.41868067 8.95477199 0.30654206 7.71142936 6.54169150 3.11626368 7.75207128 7.94110584 2.86078211 6.10593343 5.18117542 4.20297233
5.22068892 6.51317351 2.85517550 2.07203723 8.19655065 4.11836855 5.16610778 9.83512548 0.67764236 4.91798755 1.88366644 5.96785303 1.38081368 8.81261287 6.12460596 1.96695024 6.36791115 7.91352939 0.79173456 6.64297625 8.50279445
3.86295983 6.37220843 2.94916713 5.70737853 4.56497468 8.18991404 9.95536626 0.86247000 4.28856726 0.47430428 0.67168965 1.24798916 6.23133133 7.93813281 1.08477618 9.52849455 3.32163731 2.94910758 6.99018523 1.46376398 1.28914953
7.83556456 2.98769598 7.76050414 7.84798701 7.38383943 2.35197760 8.78009677 3.21377812 6.16509397 7.39929224 1.17861259 0.11531635 8.97193118 7.44160241 4.97915340 5.96347435 0.35021069 5.45265717 8.06291389 5.90448978 0.97905957
5.16632812 2.61417869 3.11168544 4.48214006 7.48568070 4.66580009 1.85914451 8.14582890 8.80195593 3.56553025 9.67281006 4.97502777 4.10585552 2.91991042 7.16893417 2.53491038 4.61921033 8.37124570 8.06675360 6.10698789 3.08333109