0.07215228 0.03656702 0.08320944 0.04919438 0.03669548 0.03337882 0.03084080 0.02342396 0.00212738 0.07411230 0.09905347 0.00460160 0.04413984 0.02754282 0.00788792 0.00206391 0.03235808 0.04625701 0.02804579 0.06038446 0.08331456 0.03573313 0.02362916 0.05326014 0.01136565 0.04106094 0.00451235 0.04824303 0.08288870 0.07580386 0.08767810 0.06120511 0.00849144 0.05393165 0.04155654 0.01366145 0.05298548 0.06280278 0.02773798 0.09094066 0.00351982 0.03285131 0.06038706 0.07467994 0.01254022 0.01793411 0.07526810 0.08923507
0.02413444 0.09921984 0.03749860 0.05833404 0.09984316 0.06505176 0.01997951 0.01566650 0.08316082 0.09939278 0.05290838 0.05108915 0.08072011 0.03226116 0.07886318 0.00274076 0.09254845 0.06699175 0.04765175 0.02459864 0.09380427 0.00120798 0.05045385 0.06887171 0.05604552 0.00106582 0.02373993 0.02311357 0.09735219 0.07163165 0.05003246 0.03305230 0.06751941 0.09018175 0.04478308 0.02387203 0.00705703 0.03376190 0.04647054 0.00504438 0.06687607 0.03752141 0.02048169 0.00679651 0.03931233 0.06613653 0.04641952 0.04991549
0.03053136 0.06706433 0.08318961 0.09482712 0.09937924 0.00141833 0.09654814 0.05075064 0.09838751 0.01593361 0.08975166 0.05121896 0.07891054 0.02778943 0.09953108 0.01836734 0.06426795 0.04298329 0.00681903 0.04513182 0.05228440 0.01850128 0.06449198 0.02186186 0.08176334 0.00870527 0.06284565 0.02184005 0.08620112 0.00715808 0.03760385 0.03881490 0.06244223 0.00653397 0.07496851 0.03889111 0.00199593 0.05131210 0.08355011 0.04898493 0.06837931 0.05062680 0.08397520 0.05454061 0.05512097 0.05194891 0.01354943 0.02031704
0.02595442 0.05019860 0.05556172 0.07979214 0.02124958 0.02144053 0.08064724 0.06109572 0.01287539 0.02548815 0.03108365 0.03036992 0.00345604 0.01754481 0.08797742 0.03706948 0.09537793 0.04543486 0.03600392 0.03995250 0.09992387 0.08602903 0.08069690 0.07737558 0.01755568 0.09214386 0.07924023 0.02099550 0.09663584 0.07949593 0.01729662 0.01809288 0.06977340 0.08221745 0.00161519 0.08447163 0.07449875 0.04499021 0.04099172 0.05725104 0.08811665 0.00003123 0.05661243 0.05485607 0.04535618 0.09796370 0.09689431 0.02012410
0.06183092 0.02303286 0.03164175 0.04168532 0.05634231 0.02517730 0.06567175 0.05863662 0.05070338 0.04414167 0.04301637 0.05401766 0.02702993 0.08411785 0.00939373 0.03371053 0.03934041 0.02132726 0.06284550 0.06912336 0.00882570 0.09150788 0.05027106 0.05438072 0.08029397 0.00944511 0.06104534 0.09173275 0.08106597 0.01848670 0.02798964 0.07250759 0.00299002 0.05440748 0.07067156 0.06517029 0.02326605 0.03504059 0.00634230 0.05691467 0.09041204 0.05476756 0.00977649 0.02070269 0.02797624 0.07126048 0.02486203 0.09577935
0.05049276 0.02079515 0.01799405 0.07642934 0.04369765 0.08800510 0.01615948 0.00110496 0.03416739 0.08612183 0.09105561 0.02204307 0.06231094 0.07454779 0.03466793 0.01410225 0.07704120 0.05203394 0.02143989 0.05078938 0.09047117 0.01578509 0.06749888 0.03530845 0.06662482 0.06949131 0.07836002 0.02495233 0.06942180 0.09658520 0.02311134 0.02827195 0.06209028 0.08894996 0.08529083 0.08619511 0.03268103 0.03585445 0.01849800 0.07063085 0.01850094 0.03306692 0.07823964 0.04708348 0.01605354 0.06789997 0.01059133 0.05141336
0.09246834 0.07236521 0.05296351 0.02512029 0.05942086 0.01366655 0.04259277 0.03838828 0.03118928 0.00893718 0.03433616 0.00561892 0.06476340 0.00942592 0.00092822 0.06429369 0.07181612 0.09826427 0.02606771 0.04474417 0.09986721 0.08549661 0.00353275 0.00577189 0.00311341 0.06423140 0.02398030 0.04904837 0.06216885 0.01257235 0.06516791 0.05383875 0.06635405 0.08741402 0.00104271 0.09283100 0.04219118 0.05823730 0.01047453 0.09971570 0.09740816 0.07171599 0.09736724 0.05964998 0.05102339 0.02124618 0.03046432 0.08485225
0.03697753 0.01943648 0.07337174 0.01931263 0.00129836 0.03614734 0.00315325 0.08896749 0.06092912 0.06984387 0.00931017 0.07667453 0.05612045 0.06582713 0.02403996 0.05493832 0.00768043 0.08133488 0.05937460 0.05357433 0.08539682 0.02455331 0.01713221 0.07436289 0.00459009 0.06225708 0.09357194 0.09023274 0.09402548 0.09909610 0.02222463 0.08262711 0.02030665 0.08047276 0.08557840 0.07744365 0.01139318 0.06050455 0.07913068 0.03730253 0.09502875 0.00674246 0.02977487 0.05588574 0.05663613 0.08411663 0.05457224 0.07870355
0.02562984 0.07200618 0.09566637 0.04388245 0.01911691 0.02038117 0.08242970 0.09643231 0.00760044 0.04364042 0.05288862 0.07993865 0.01857051 0.08406949 0.01305577 0.05073914 0.06076126 0.05076916 0.02500490 0.09138201 0.03437267 0.05445527 0.09235617 0.02252688 0.09070006 0.01370693 0.05529630 0.02543727 0.01838370 0.00404039 0.01634030 0.09082704 0.06288570 0.05761213 0.09274857 0.00406137 0.03082081 0.09840516 0.03184495 0.06157614 0.09141209 0.01542857 0.03143856 0.08886792 0.06361222 0.03476084 0.07913427 0.09652009
0.06932560 0.05019359 0.06152346 0.06746865 0.04068597 0.01178278 0.09707910 0.01607494 0.09248872 0.05179068 0.01503595 0.09756041 0.00964677 0.04830211 0.03661874 0.07497207 0.05393326 0.08822484 0.01468841 0.07008557 0.06429385 0.09343426 0.05320830 0.03451587 0.01065617 0.01649874 0.05888927 0.07779407 0.06243303 0.09572235 0.07395486 0.08028211 0.04981114 0.08316787 0.00117459 0.00053516 0.02843607 0.02387356 0.06014534 0.05908517 0.00624904 0.06965276 0.00725816 0.04360702 0.05500055 0.05666675 0.01086947 0.03404210
0.00836038 0.06238636 0.09790302 0.09049243 0.04356316 0.08460922 0.07844075 0.08156180 0.05417289 0.05287485 0.01081774 0.05630845 0.04781984 0.09092096 0.09131873 0.07908735 0.04465734 0.09774979 0.03978037 0.05329836 0.00980566 0.00442433 0.00523556 0.05741961 0.02619482 0.09388992 0.03419341 0.00469406 0.00298757 0.04191750 0.02823003 0.01645030 0.01915834 0.04869069 0.06727275 0.06827682 0.02182340 0.08260952 0.09029221 0.02813260 0.03456230 0.05055950 0.00607377 0.05596472 0.08223982 0.04219541 0.05332184 0.07551740
0.00573247 0.06971506 0.04155773 0.06075480 0.02248284 0.03914913 0.08210351 0.00168341 0.08695005 0.04436866 0.06190162 0.02734809 0.01879355 0.07081289 0.02200186 0.06738910 0.09602257 0.03236581 0.07725443 0.02778561 0.05536258 0.04186049 0.05407982 0.04127480 0.00273506 0.03336608 0.02914320 0.02842349 0.01301615 0.01271324 0.02334317 0.07144291 0.09013434 0.01163944 0.04273174 0.05957531 0.06608697 0.06048631 0.06081429 0.01224438 0.04059976 0.07455722 0.00513539 0.02414984 0.00192310 0.07004375 0.04513856 0.00509970
0.02365348 0.08685573 0.07799468 0.00661221 0.00248784 0.09774025 0.07442622 0.03718237 0.08746327 0.02575070 0.07751122 0.06859675 0.05250382 0.07542784 0.04403301 0.02679304 0.08099112 0.00698069 0.08014887 0.04249951 0.06359441 0.04730555 0.05098263 0.00925252 0.05874079 0.03685764 0.03720332 0.05937871 0.02887555 0.05719027 0.07073420 0.02214164 0.04505721 0.07040250 0.00644316 0.07249109 0.04745122 0.02878682 0.07699782 0.01371620 0.05993116 0.08064432 0.03402565 0.06279244 0.08326544 0.00653548 0.00030127 0.02332505
0.03326213 0.06916067 0.04489030 0.03773036 0.04776430 0.04961494 0.04601119 0.00765953 0.05953251 0.07293778 0.02483327 0.05965733 0.02082072 0.09667904 0.01751159 0.01166229 0.06984641 0.04762826 0.00246587 0.06519232 0.04937541 0.04390511 0.01524308 0.00792368 0.02328599 0.03228472 0.06426022 0.06185901 0.08824698 0.00393231 0.00730573 0.05339380 0.04453858 0.02564730 0.06088518 0.01332868 0.07256437 0.03826797 0.09232882 0.03723834 0.05974770 0.02906336 0.08803564 0.04959607 0.03627467 0.08074007 0.00031054 0.01866638
0.00754107 0.03611725 0.04995843 0.06341612 0.01617959 0.09457394 0.00213082 0.07855820 0.02718871 0.07404856 0.03887784 0.07932989 0.00595357 0.03067144 0.02344033 0.03372130 0.05084437 0.02703666 0.08852391 0.00660770 0.04959669 0.07967057 0.08362886 0.08760268 0.05182323 0.09642997 0.08496667 0.01243759 0.08877555 0.03536380 0.00557619 0.01628557 0.02586921 0.07799787 0.04295936 0.07668735 0.00350520 0.01205311 0.06688847 0.01359869 0.00736484 0.06128339 0.08099388 0.01456808 0.01062529 0.08341994 0.08832344 0.04416624
0.04743690 0.08113496 0.05327145 0.07852755 0.00952348 0.03548815 0.08010741 0.07822658 0.00591093 0.07649515 0.02179171 0.07570133 0.08955931 0.05125819 0.09184723 0.00704795 0.03406777 0.03652469 0.07676336 0.06225006 0.03864167 0.06959041 0.03674036 0.06276916 0.05015520 0.03913972 0.03853948 0.00091064 0.01741293 0.08591588 0.08578618 0.09149349 0.03460780 0.01204063 0.09928056 0.09308983 0.08849285 0.08735264 0.05270161 0.05346389 0.09692831 0.07131036 0.08754848 0.02182811 0.01523552 0.03980569 0.01524424 0.04914758
0.09118331 0.01766046 0.06403459 0.06696203 0.06945225 0.06962865 0.04364601 0.09505820 0.08206668 0.09540298 0.08162480 0.07881324 0.01255377 0.00742536 0.03186064 0.09814368 0.08848376 0.04422630 0.06800511 0.02173216 0.03956464 0.08656949 0.05232792 0.00256785 0.05660936 0.09885304 0.01401041 0.02382460 0.00046315 0.01402030 0.07995793 0.00771402 0.03937280 0.01665822 0.07591994 0.09418932 0.03829979 0.05601269 0.05603840 0.08123855 0.08432308 0.03832564 0.02490231 0.09399469 0.00854741 0.00619954 0.08776822 0.01600269
0.05682727 0.01162086 0.00181335 0.07272263 0.06913614 0.02882471 0.00412041 0.00471059 0.05055536 0.03335867 0.06054984 0.00590787 0.05562633 0.09450461 0.01373745 0.03108187 0.06220446 0.08964322 0.00816235 0.09570072 0.08097250 0.05119647 0.03556226 0.00138663 0.03241582 0.09945916 0.07493008 0.02058146 0.02433148 0.09793168 0.09790788 0.06517120 0.07983743 0.09169149 0.07260120 0.04555440 0.09836792 0.05389196 0.02666904 0.09900266 0.08028559 0.07065272 0.02400139 0.02914993 0.00951016 0.04040679 0.06837864 0.05206028
0.06795847 0.05019507 0.07221403 0.08856240 0.05060973 0.01845006 0.01881234 0.07740203 0.06065479 0.06148608 0.00253506 0.00925223 0.09045747 0.04921415 0.05284442 0.09773424 0.03595071 0.06452568 0.03540553 0.01034024 0.04960959 0.07033947 0.07625794 0.07951260 0.01028820 0.01848279 0.07352515 0.00212226 0.07697648 0.00537767 0.04521233 0.01420251 0.09792779 0.09092965 0.01134981 0.09703232 0.06662778 0.04906668 0.02407172 0.03052707 0.05171906 0.01105202 0.04017634 0.06038242 0.07926651 0.09599550 0.07729679 0.08653067
0.01264175 0.09691326 0.00701742 0.01220700 0.05782555 0.00523717 0.01610367 0.01528641 0.02007093 0.01185054 0.01047003 0.01654034 0.05163961 0.01852777 0.04559264 0.02307543 0.05971895 0.03008125 0.04178038 0.01945488 0.08864565 0.07456970 0.08305004 0.06386635 0.05120772 0.01659773 0.00430846 0.02218870 0.06006510 0.08703744 0.04312632 0.03892276 0.00222415 0.05142845 0.06959546 0.00069019 0.00702086 0.07886368 0.01059355 0.09536713 0.08121189 0.05334380 0.05323703 0.00790817 0.02354222 0.09038427 0.04638522 0.02252909
0.08555277 0.08308453 0.01876555 0.02015534 0.01541084 0.00391974 0.09762183 0.06990625 0.00719065 0.03119110 0.04274468 0.01387352 0.07930097 0.05237190 0.00732506 0.03556570 0.02265119 0.02051188 0.09927905 0.08412850 0.09166692 0.00441334 0.04452389 0.09881437 0.05941040 0.07846854 0.04714248 0.04116281 0.02183102 0.04384811 0.00045555 0.09596620 0.01556523 0.05915659 0.02772759 0.04633443 0.00872513 0.08572163 0.02156477 0.06303445 0.03475927 0.02035920 0.00702025 0.07376969 0.06573880 0.09675809 0.07500402 0.09417714
0.06331671 0.08555260 0.01980165 0.00905832 0.00312731 0.01270326 0.06733829 0.08972381 0.04153771 0.04598095 0.09928137 0.02131891 0.08243261 0.07015099 0.06215725 0.09261171 0.00610819 0.08287896 0.00036447 0.06996285 0.04237035 0.09543148 0.06729797 0.03705951 0.00557734 0.01492033 0.04975571 0.03248485 0.06063602 0.01813946 0.08738145 0.05830669 0.05585580 0.00097016 0.08110405 0.06460828 0.04108356 0.00188030 0.06236596 0.03724674 0.08768779 0.05321944 0.03839062 0.02911325 0.04072922 0.00981240 0.03782030 0.07878232
0.06305018 0.04077969 0.05576317 0.05467579 0.07603416 0.04756373 0.03762026 0.04773038 0.06243175 0.08881602 0.04702016 0.01104604 0.07291862 0.05110080 0.03477116 0.01110551 0.06994562 0.00329660 0.06294770 0.01189379 0.04996092 0.01212819 0.04105992 0.06060963 0.00822814 0.07643667 0.09971234 0.08164927 0.04923450 0.05859668 0.06123939 0.01415600 0.00007721 0.05291532 0.06651291 0.04766749 0.05423587 0.03289810 0.08244846 0.02025588 0.05878331 0.06194309 0.04569455 0.04404421 0.05935686 0.03532522 0.09457077 0.01409579
0.03410621 0.04525849 0.00352795 0.03841155 0.08035417 0.02537448 0.06223535 0.09913359 0.06585055 0.03613160 0.03485711 0.01804156 0.02026931 0.09846999 0.09416213 0.05304155 0.02199350 0.06945296 0.04981849 0.09658577 0.03025214 0.08068674 0.08055567 0.08182434 0.02331750 0.02798566 0.03583494 0.02777877 0.02974113 0.00905124 0.09424999 0.07094030 0.08150120 0.05485897 0.05308737 0.03743409 0.07545336 0.08999761 0.07630785 0.00725398 0.00262189 0.08738154 0.04666731 0.01006047 0.09363749 0.05355741 0.05177741 0.07064810
0.03302233 0.09225230 0.08361353 0.09142653 0.01504287 0.04586115 0.04630955 0.01912301 0.04949526 0.00724718 0.04803581 0.09340210 0.07705770 0.02752974 0.09933891 0.01621192 0.02073867 0.01945977 0.05252896 0.01240433 0.08246961 0.07053393 0.09453171 0.07453989 0.09203489 0.03517411 0.04908034 0.09777657 0.02930167 0.07109994 0.05320359 0.01435466 0.07010674 0.02144763 0.04767379 0.03142829 0.05117688 0.02123928 0.06141061 0.06085768 0.01010380 0.02448249 0.07579332 0.00506411 0.03266447 0.00648107 0.02641629 0.02916319
0.03167187 0.09486326 0.03702952 0.00633006 0.08906093 0.02238474 0.08323820 0.07071367 0.01605891 0.07473934 0.05199194 0.05020522 0.02505900 0.02741151 0.09697689 0.07997965 0.06121039 0.02702989 0.08973041 0.01696676 0.01175774 0.07473254 0.03163045 0.08527217 0.09680733 0.01172981 0.02286861 0.08305674 0.04646680 0.09055203 0.08109782 0.07249579 0.08620002 0.03939448 0.06465288 0.05617851 0.08475791 0.09152331 0.08307387 0.01567048 0.06719073 0.05688167 0.07111946 0.05095107 0.05921697 0.05883605 0.06153956 0.01305044
0.00861829 0.04542870 0.01658321 0.06644932 0.02434957 0.01155282 0.06855011 0.05266789 0.08469789 0.03614282 0.07565105 0.05195850 0.09209326 0.04677294 0.02102441 0.05613013 0.09406912 0.07298312 0.06996318 0.07227086 0.04738960 0.03920192 0.05323879 0.07449785 0.07550534 0.07831201 0.06286513 0.00885264 0.05826920 0.01770451 0.03072824 0.03507284 0.09723759 0.00109438 0.01021398 0.05820958 0.01990278 0.06141954 0.09629829 0.06292332 0.02184612 0.05282263 0.00052157 0.01377903 0.09707144 0.08301462 0.04385050 0.02597485
0.07367269 0.06124563 0.04263816 0.04267678 0.05450923 0.09165889 0.04072486 0.07749514 0.06070671 0.09697971 0.08417937 0.09362681 0.08957117 0.05329188 0.04426222 0.09480070 0.02789837 0.05307998 0.06889974 0.09740192 0.00667986 0.09076668 0.08328967 0.03801360 0.04385201 0.08264988 0.06621588 0.04610358 0.09800369 0.09144548 0.00023228 0.07769635 0.04785258 0.02456719 0.03108245 0.06260897 0.01982001 0.01482560 0.07455410 0.06519312 0.00917856 0.07240466 0.07742404 0.09651335 0.07901607 0.01777421 0.07323168 0.04450537
0.07565445 0.06662334 0.07332605 0.00789598 0.06918118 0.03994980 0.09896315 0.02953002 0.01339573 0.01511671 0.09118781 0.02523760 0.02074295 0.01698851 0.03181603 0.09548833 0.06469971 0.07218378 0.07104085 0.08881767 0.05460091 0.01403355 0.08501691 0.05837349 0.07603518 0.03100929 0.08023573 0.01591949 0.05371051 0.09718569 0.02058606 0.04124527 0.07308409 0.00972908 0.07770027 0.04917124 0.09207076 0.08545306 0.09552019 0.05119958 0.08478836 0.03615883 0.01597255 0.07435120 0.08556848 0.05077832 0.03422637 0.01584132
0.04335493 0.06126419 0.03921160 0.01898521 0.05413243 0.05872135 0.04791034 0.05308843 0.01217217 0.05645059 0.06038906 0.06806440 0.00965036 0.06737563 0.04662224 0.07313543 0.01859086 0.07475067 0.02586484 0.05821151 0.00910204 0.02709630 0.01466304 0.03640450 0.09352272 0.08098753 0.00054996 0.03662377 0.03736168 0.04861818 0.04505456 0.01631222 0.04480970 0.08099206 0.03185966 0.09612054 0.00912243 0.03214179 0.05377641 0.04068008 0.01631724 0.00495218 0.07565993 0.02262376 0.00439649 0.07496552 0.01947290 0.01061699
0.00970437 0.02497241 0.09241055 0.01639949 0.07704370 0.00024201 0.01933305 0.02070176 0.07082410 0.01192174 0.04670781 0.07338842 0.00078186 0.07443705 0.05684675 0.02929381 0.06770697 0.06164789 0.06843001 0.03795373 0.04213183 0.00606885 0.00214036 0.05280014 0.01208098 0.04563627 0.05868885 0.06337429 0.07475060 0.04330603 0.09059476 0.08272676 0.00138105 0.06619153 0.04878989 0.04141130 0.07460540 0.01300241 0.05044892 0.04934263 0.08320111 0.02122001 0.04540513 0.08727657 0.06044202 0.06874661 0.05509229 0.08078429
0.06914189 0.00869112 0.02016091 0.09133056 0.06900046 0.04050472 0.02074896 0.03142934 0.05000767 0.02585579 0.02684415 0.07383825 0.07943093 0.00343410 0.09525688 0.07836673 0.08930498 0.04330017 0.05443023 0.00411098 0.02636355 0.00844645 0.00864503 0.00979219 0.09699637 0.05891261 0.04913542 0.07036248 0.06608463 0.04209828 0.08121201 0.05415683 0.01046261 0.06184210 0.06369719 0.01160701 0.08527280 0.00838687 0.00980875 0.02389701 0.03462603 0.06152633 0.01708532 0.04792800 0.06674811 0.05002990 0.07802891 0.07257360
0.01818859 0.06186742 0.07284716 0.07044507 0.05168716 0.05180685 0.06100969 0.08924889 0.06793740 0.08563349 0.06928997 0.07730774 0.06275739 0.09354026 0.02054649 0.07892908 0.02807108 0.07916417 0.05970354 0.06704377 0.07762379 0.04529504 0.01122436 0.00290059 0.07650002 0.05245823 0.04582628 0.02559051 0.06728091 0.02237392 0.04326942 0.07778835 0.01507354 0.03472137 0.01275779 0.06833710 0.03866355 0.04268714 0.07282339 0.05716406 0.05568728 0.05045237 0.09852112 0.02350585 0.04598908 0.05407457 0.01534434 0.04453268
0.02922382 0.04614567 0.05647777 0.06820085 0.06028460 0.02415831 0.00283676 0.01152517 0.06927959 0.02268858 0.09379863 0.05345193 0.01155200 0.01030397 0.03061415 0.02012572 0.04763140 0.05353111 0.09419398 0.07958213 0.04302416 0.05226869 0.06429717 0.07276145 0.06339556 0.09370673 0.05810559 0.00822671 0.04196525 0.05511407 0.00275049 0.03908286 0.01283269 0.00978198 0.01856412 0.02233202 0.03646839 0.05496210 0.01766157 0.03326304 0.09175150 0.08581327 0.01591498 0.07046208 0.07270379 0.08517222 0.01546429 0.04064376
0.00746452 0.08538881 0.03961565 0.05674130 0.01207035 0.08551774 0.09231080 0.01755674 0.00224892 0.07483386 0.07030768 0.06276120 0.01270407 0.02193950 0.07779448 0.01314791 0.01526569 0.03765753 0.08036652 0.01277939 0.08479615 0.00945519 0.08812732 0.08703317 0.03489011 0.03531901 0.07613219 0.01853898 0.03417415 0.05580222 0.03447478 0.02161339 0.01840674 0.09439169 0.09002405 0.06503634 0.03359915 0.06839239 0.05715114 0.05287709 0.08102203 0.02520291 0.05574262 0.02356564 0.08623207 0.09215649 0.08137870 0.06851873
0.08114773 0.00202785 0.02476187 0.00336797 0.07072239 0.07085681 0.01531376 0.04720080 0.05390811 0.05991537 0.00731468 0.07821342 0.08237223 0.04944595 0.03604257 0.03778788 0.06982423 0.08822410 0.04607505 0.04924412 0.00982904 0.06004972 0.03425037 0.00238069 0.02062832 0.02594687 0.05573984 0.03040640 0.01175997 0.05915261 0.01326673 0.07197835 0.05916140 0.08890162 0.08671333 0.06780011 0.08296103 0.00856362 0.06319009 0.08859693 0.04530732 0.08386679 0.09609767 0.02927346 0.02435423 0.01774084 0.05579490 0.03267242
0.07491622 0.08973952 0.03419243 0.02559117 0.05632577 0.09005275 0.03092431 0.05957625 0.09367073 0.01079465 0.07970621 0.04950437 0.03985839 0.04055442 0.07007157 0.09407150 0.02284779 0.03212265 0.08188360 0.04405014 0.09491107 0.07785675 0.07785328 0.05653787 0.04892951 0.03232464 0.09275053 0.03640897 0.03049917 0.06766681 0.01707762 0.01979363 0.05401583 0.03354263 0.09768115 0.09864820 0.02592809 0.02057747 0.06811067 0.02034256 0.08899251 0.09390309 0.07748937 0.02167953 0.02763370 0.07168445 0.00824397 0.07287409
0.01640723 0.07245196 0.06024821 0.01375880 0.05108248 0.04460884 0.03176637 0.06184477 0.07500712 0.02165923 0.04603999 0.05985616 0.00218469 0.01750328 0.05644343 0.00896912 0.04289080 0.08757129 0.01284060 0.00322465 0.05767358 0.03361992 0.08710735 0.04044800 0.00122802 0.02268898 0.03674099 0.03549545 0.06890375 0.02401828 0.03206065 0.00276278 0.02550009 0.04164978 0.08470878 0.00662786 0.07852187 0.03499107 0.09299668 0.00086315 0.05621411 0.07479187 0.06309345 0.09104212 0.06446282 0.07778623 0.07414016 0.05757697
0.02604432 0.09967861 0.03007795 0.07126322 0.05072439 0.04320319 0.08131069 0.01807011 0.04535349 0.05566113 0.00528003 0.02540386 0.04937370 0.04864153 0.00661263 0.04818449 0.07304755 0.07155760 0.03470631 0.02981459 0.02323839 0.01018018 0.01945418 0.00048241 0.02471666 0.06152686 0.09426229 0.01322933 0.08373576 0.05726521 0.00959910 0.04682532 0.09501578 0.06921496 0.04002138 0.02373440 0.06329305 0.03258444 0.05295383 0.00131506 0.09623778 0.06525236 0.03845609 0.09488915 0.02681175 0.04470695 0.09579350 0.08242594
0.04003240 0.02818019 0.03483449 0.02232631 0.01162939 0.06606554 0.07812970 0.08815541 0.01422404 0.06388355 0.04298511 0.08716021 0.01043168 0.09386038 0.04192321 0.08302185 0.03168156 0.04361003 0.06463337 0.08753098 0.03656823 0.01646197 0.09484488 0.02073725 0.05319321 0.06565155 0.07151259 0.06461290 0.03622495 0.05289138 0.02528770 0.05138318 0.01129982 0.07076764 0.00845291 0.03441494 0.03690631 0.05795611 0.08933323 0.08691796 0.08703930 0.06642836 0.00065102 0.06170165 0.04668047 0.01061955 0.01537545 0.02384337
0.01655581 0.03995482 0.07332398 0.03736262 0.04364054 0.02818220 0.09710529 0.04685879 0.02952632 0.06563567 0.01695015 0.04555844 0.02003499 0.07385282 0.07055880 0.06233111 0.04635812 0.03589739 0.05630043 0.03197149 0.07052039 0.05028754 0.09593224 0.03540834 0.08611015 0.07160681 0.00646294 0.00948954 0.03898954 0.09667517 0.08986708 0.02960527 0.06209123 0.09158370 0.02406416 0.06265033 0.06342831 0.03194675 0.07890810 0.07268906 0.06708862 0.04640180 0.08688980 0.03717533 0.08325397 0.01168747 0.06983777 0.09769304
0.07517960 0.04655625 0.06010839 0.02592063 0.09858846 0.09132918 0.05758991 0.03288690 0.01207963 0.04007557 0.03230084 0.08757328 0.09591961 0.01320144 0.01644586 0.03953114 0.07097987 0.01965643 0.02949899 0.05942108 0.07960335 0.06001944 0.04521620 0.02124420 0.07582742 0.06439920 0.04043631 0.05052397 0.07366015 0.04238675 0.06211127 0.05381020 0.01900124 0.04622244 0.01121394 0.02661522 0.08331877 0.01289108 0.07000343 0.00925551 0.02533699 0.05603446 0.09258509 0.02306036 0.03076047 0.02437125 0.03778442 0.07302223
0.01945388 0.02974021 0.04806098 0.04720223 0.00451675 0.07493334 0.06852067 0.07806671 0.09833661 0.07916129 0.05604144 0.05642005 0.08697379 0.00729431 0.05010994 0.00471126 0.03612556 0.05794762 0.06417329 0.02323079 0.04943671 0.05503107 0.00914230 0.02007714 0.07306844 0.01755853 0.07913968 0.02376082 0.02920677 0.05331328 0.01366849 0.05592702 0.06558632 0.03339167 0.00008336 0.01091614 0.02812466 0.05669778 0.09557898 0.04874492 0.09940737 0.00613771 0.02886722 0.05857914 0.09703289 0.03156309 0.08829668 0.09088188
0.09272134 0.06843893 0.01537500 0.08816016 0.09561062 0.01576176 0.00048657 0.06659538 0.04130788 0.05193001 0.02105551 0.01383187 0.04203382 0.06306899 0.07148519 0.07181075 0.08259190 0.09473896 0.00891336 0.06777468 0.09191406 0.01500540 0.07915334 0.04143256 0.08057905 0.09452633 0.09314926 0.09176117 0.01096899 0.06761235 0.09585492 0.03303425 0.05862444 0.03714100 0.00665325 0.00640787 0.03087757 0.02575758 0.01326517 0.04075396 0.03198775 0.05597044 0.06955371 0.09442234 0.00277332 0.06254967 0.08171133 0.03822492
0.01712782 0.00206371 0.06702545 0.05917374 0.08782857 0.02643919 0.03474896 0.07436826 0.01968989 0.03010532 0.06956002 0.04491501 0.04938294 0.06358468 0.09467690 0.07087659 0.02813859 0.03031801 0.05390117 0.02998480 0.03606916 0.04806180 0.07969415 0.09521630 0.06498980 0.06137262 0.00784886 0.02931725 0.07038921 0.03749350 0.05840167 0.00797686 0.07259451 0.06438313 0.02713469 0.06758780 0.08219418 0.09667947 0.02235232 0.00839510 0.03542780 0.06306515 0.03757206 0.00932298 0.05152069 0.05680305 0.07235196 0.02688271
0.06583611 0.08013570 0.00068406 0.05730264 0.05023725 0.00279359 0.03921498 0.03838503 0.00519582 0.02503268 0.08601235 0.05558235 0.09695340 0.00642250 0.08467720 0.09539924 0.01743641 0.03303201 0.01830996 0.05846440 0.06464508 0.04771099 0.05316945 0.00448013 0.07688118 0.06084063 0.03282135 0.05174537 0.00544906 0.09222784 0.07015483 0.09506153 0.07735876 0.06874340 0.09685269 0.03756846 0.08207979 0.01685503 0.00773284 0.05442152 0.01453849 0.04438211 0.08083558 0.01920862 0.02032157 0.00159964 0.06321344 0.02761961
0.01844279 0.04824474 0.08708726 0.04711876 0.02204943 0.03002992 0.02136423 0.00623394 0.03808967 0.08594293 0.06947058 0.01256501 0.00323154 0.06591386 0.09603389 0.05472661 0.00521850 0.03735607 0.00215662 0.00017921 0.04636658 0.09863813 0.07185489 0.04826542 0.02905211 0.09771980 0.08069329 0.03575682 0.08180896 0.07498584 0.09172870 0.02082993 0.09904848 0.01073735 0.06358299 0.09062822 0.03743511 0.05985089 0.06079666 0.04743012 0.09759494 0.09879163 0.08757238 0.02893173 0.02110403 0.09346738 0.06259946 0.00926568
0.04959823 0.02033633 0.01485741 0.00911629 0.02536505 0.03773189 0.00812852 0.01565419 0.06092341 0.00954402 0.09540684 0.07600203 0.06886611 0.02919699 0.06347240 0.08155609 0.02263467 0.07828956 0.05260723 0.00472683 0.01391556 0.08131402 0.02676115 0.08452486 0.08299145 0.08554675 0.02543262 0.08290697 0.02465070 0.00350319 0.05011209 0.04991018 0.01415265 0.00427649 0.02534196 0.04234003 0.05526606 0.02962931 0.02727972 0.03814260 0.02554230 0.04088452 0.09110746 0.07657817 0.08275470 0.07346102 0.09271328 0.03292746
0.00082972 0.08732678 0.04977702 0.00569987 0.02361549 0.05369195 0.00272478 0.05417643 0.06047729 0.01094075 0.01697374 0.07460826 0.09897967 0.05610160 0.09447082 0.04450478 0.07680896 0.01208060 0.09473578 0.09618427 0.03760965 0.02543443 0.04345126 0.00312233 0.09355271 0.00463452 0.05009957 0.07562253 0.03122329 0.00457489 0.06522776 0.06594638 0.02680991 0.09950218 0.08262963 0.07727836 0.08159672 0.06359687 0.03206559 0.05576477 0.04940489 0.09611061 0.01409795 0.02035378 0.00389889 0.08626548 0.00020151 0.05127693
0.08556770 0.01204643 0.05851624 0.01475086 0.07571086 0.00656936 0.06844102 0.04884142 0.06790331 0.00588274 0.05572404 0.07342029 0.04618313 0.01286163 0.01378817 0.01575778 0.03360023 0.07327868 0.07673588 0.06253361 0.04478394 0.06218757 0.07481090 0.05891094 0.06183186 0.02142983 0.03405059 0.07580688 0.05409183 0.07237729 0.07844503 0.05760635 0.07930351 0.05194756 0.05512590 0.04430420 0.03608546 0.08448132 0.03094028 0.03442387 0.08589830 0.00724547 0.00222147 0.01804909 0.02638390 0.01312738 0.01865106 0.06291859
0.07737514 0.06051101 0.04681337 0.08077176 0.03589048 0.02737644 0.08937551 0.03599672 0.06707173 0.05434046 0.03178335 0.08412058 0.02429335 0.02965611 0.00994566 0.04379461 0.03356589 0.01811537 0.07958576 0.01266580 0.03487579 0.02534964 0.02077199 0.03488913 0.04624825 0.01919854 0.02959547 0.01602352 0.00508953 0.00061845 0.03304545 0.05966739 0.04575940 0.02802771 0.01283980 0.06942828 0.09234411 0.05103653 0.03930007 0.01968413 0.08124475 0.00218515 0.09731758 0.04908218 0.07946540 0.02861470 0.03303926 0.07183465