第1个最优解：
Iter = 104
Nfe = 16787
Fitness = 94.42198851142477
The number of total device = 960
The number of various devices = 64 64 64 64 64 64 64 64 64 64 64 64 64 64 64
The scheme of allocation = 2 2 4 1 2 2 1 1 2 2 2 2 1 2 2|2 2 3 3 2 2 2 3 2 2 2 3 3 4 2|2 2 3 2 2 2 1 3 2 3 2 2 2 2 3|2 3 2 2 2 2 2 2 3 2 1 2 1 2 2|3 3 1 2 2 2 3 2 2 2 2 2 2 3 2|3 2 2 2 1 3 2 2 2 2 2 2 2 2 2|2 2 2 3 2 2 2 2 2 2 1 2 2 3 2|2 2 3 1 4 2 2 2 2 2 3 3 2 2 2|1 2 2 2 2 1 2 3 2 2 2 1 2 2 2|1 1 2 2 2 2 2 1 2 2 2 1 2 2 2|1 3 2 1 2 2 2 2 2 2 2 3 2 2 2|2 2 2 1 2 2 2 2 2 2 2 1 1 2 2|1 2 1 2 2 3 2 2 2 3 1 3 2 1 2|2 2 1 3 2 2 2 2 2 2 3 2 2 3 3|4 2 3 2 1 2 1 2 1 2 3 1 3 1 1|3 2 3 2 2 3 2 2 1 2 1 2 3 1 2|1 0 2 3 2 2 2 2 1 1 2 2 1 2 1|2 2 2 3 2 1 4 2 1 2 2 2 2 2 2|2 2 3 1 3 2 1 2 2 2 2 1 4 1 2|2 1 0 2 3 1 1 1 2 3 2 2 1 2 2|2 2 3 3 2 1 1 2 2 1 3 3 2 2 2|1 2 2 2 2 2 2 2 2 2 2 2 2 2 2|2 2 1 2 1 1 4 1 3 2 2 2 2 2 2|3 2 1 1 3 2 2 2 3 2 2 1 2 2 2|2 2 3 3 2 2 1 3 3 1 2 3 2 2 3|3 2 1 3 2 2 2 2 3 2 2 2 2 2 2|2 2 2 2 1 3 4 2 2 3 2 1 2 1 2|1 2 1 2 2 3 2 2 2 3 1 2 2 2 2|1 2 2 1 3 1 1 2 2 1 2 2 2 3 1|2 3 1 1 1 4 3 1 1 2 2 2 2 1 2|2 2 2 2 2 1 2 2 3 1 3 2 2 2 2|3 2 2 2 1 2 2 3 1 2 2 3 2 2 2

第2个最优解：
Iter = 393
Nfe = 63029
Fitness = 94.48639976805366
The number of total device = 960
The number of various devices = 64 64 64 64 64 64 64 64 64 64 64 64 64 64 64
The scheme of allocation = 4 1 3 3 3 2 2 2 2 3 3 2 2 2 3|2 2 2 3 2 2 3 1 3 1 2 2 1 3 1|1 2 1 2 3 4 2 2 2 2 2 3 3 3 1|2 4 2 2 1 2 2 2 1 2 1 2 2 2 2|2 2 2 2 2 1 1 1 2 3 1 2 2 3 2|1 1 2 3 3 1 3 2 2 2 2 2 2 2 3|2 1 2 1 2 3 2 3 2 3 1 2 2 3 1|2 3 2 2 2 3 2 2 2 2 3 2 2 2 2|1 4 4 3 2 2 2 2 2 2 2 2 1 2 1|2 2 2 2 1 2 2 3 1 3 2 2 2 1 2|1 2 2 3 2 2 2 3 2 2 3 2 2 2 1|2 3 1 2 2 2 2 1 2 2 2 2 3 2 1|2 1 2 2 2 2 2 3 2 2 2 2 2 3 2|3 2 2 2 2 3 2 2 3 3 2 2 1 2 3|2 2 2 2 2 2 1 2 1 1 2 2 1 2 3|3 1 2 3 2 2 3 2 3 2 2 1 2 2 1|2 2 2 2 2 2 2 2 2 2 2 3 3 2 1|2 2 2 3 2 2 2 1 2 2 1 2 2 2 2|2 1 2 2 2 3 2 2 2 1 2 2 3 1 1|2 2 2 0 1 1 3 1 2 2 2 2 2 2 2|2 3 3 2 3 1 2 3 1 4 3 2 2 2 1|3 1 2 1 2 2 1 2 2 1 2 4 2 1 2|1 2 2 2 1 2 2 2 2 1 1 1 1 3 2|2 2 2 2 2 2 2 1 2 2 2 2 2 2 3|3 3 3 2 2 2 2 2 2 2 1 2 3 1 3|2 3 2 2 4 1 2 2 2 2 2 1 4 2 2|2 2 1 2 2 2 1 2 2 1 2 3 1 2 2|2 1 1 3 2 2 2 2 2 2 2 2 2 2 3|3 1 1 0 1 2 2 2 2 2 2 1 1 1 3|1 3 2 2 2 1 2 3 2 1 2 2 2 2 1|2 2 2 1 1 3 2 2 3 2 2 1 2 1 3|1 1 2 1 2 1 2 2 2 2 4 2 2 2 4

第3个最优解：
Iter = 449
Nfe = 71963
Fitness = 94.3808700282009
The number of total device = 960
The number of various devices = 64 64 64 64 64 64 64 64 64 64 64 64 64 64 64
The scheme of allocation = 1 2 1 2 2 2 1 2 3 2 2 2 2 2 2|2 3 2 2 2 2 2 2 2 2 3 3 2 2 2|2 2 3 3 3 3 2 3 2 2 3 3 2 2 3|2 2 1 2 3 2 3 1 3 2 2 2 2 1 2|3 1 2 3 2 1 3 1 2 2 3 2 2 1 4|2 2 2 2 2 2 2 1 1 2 2 2 4 3 2|2 3 2 1 2 2 3 3 2 2 2 3 4 4 1|1 1 1 2 3 2 2 3 3 2 2 2 1 2 1|3 3 2 1 2 2 1 2 2 2 1 2 2 2 2|3 2 2 2 2 2 2 2 2 2 3 2 3 3 2|3 4 3 2 2 1 2 1 3 2 2 3 2 2 2|2 2 1 2 2 1 2 2 2 2 1 1 2 2 2|1 1 2 2 3 3 2 3 2 3 2 2 2 2 1|2 1 1 2 2 2 2 1 2 3 2 2 2 1 2|2 3 2 2 1 2 1 2 2 1 2 3 2 1 3|3 1 2 2 1 2 1 1 2 2 2 2 1 2 2|3 4 2 2 3 2 2 2 3 2 1 3 2 2 2|2 2 2 2 2 2 2 2 2 3 2 2 2 2 2|1 1 4 3 2 2 1 3 2 2 2 2 1 2 3|2 2 2 1 3 2 2 2 2 2 2 2 3 1 2|1 2 2 1 1 3 2 1 1 1 1 2 2 2 3|3 2 1 3 2 3 1 2 1 1 2 1 2 2 2|2 1 3 1 2 2 3 3 2 2 2 3 1 2 2|2 2 2 3 2 3 2 2 1 1 3 2 1 2 1|2 2 4 2 2 2 2 2 2 2 1 2 2 2 2|2 2 2 2 2 2 2 3 2 1 1 2 2 3 1|2 3 1 2 3 2 3 1 2 2 2 1 2 2 1|1 1 2 3 1 2 2 3 1 2 2 1 2 3 2|2 2 1 2 1 1 2 1 2 2 2 2 2 1 2|3 2 2 1 1 1 2 3 2 2 3 1 1 2 2|1 1 4 2 1 2 2 2 3 3 2 1 2 3 2|1 2 1 2 2 2 3 2 1 3 2 1 2 1 2

第4个最优解：
Iter = 428
Nfe = 68669
Fitness = 94.81240331626317
The number of total device = 960
The number of various devices = 64 64 64 64 64 64 64 64 64 64 64 64 64 64 64
The scheme of allocation = 3 3 3 2 2 1 2 1 2 2 2 1 3 1 2|3 2 2 2 2 3 2 2 2 1 2 1 2 2 2|3 3 2 2 2 3 1 3 2 2 2 3 3 1 2|3 3 3 2 2 2 1 3 2 3 1 2 2 3 2|2 1 2 3 2 2 1 2 3 2 2 1 1 1 1|3 2 2 2 3 2 2 3 2 1 2 2 2 2 2|1 3 2 3 3 2 2 2 1 1 2 3 2 2 2|2 2 2 2 3 3 2 2 2 2 2 2 2 2 2|1 2 2 3 2 1 3 3 2 2 3 2 2 2 3|1 2 2 2 2 2 2 1 2 1 2 2 2 3 2|2 2 2 2 3 2 2 2 2 1 1 1 2 2 2|3 1 2 1 2 3 3 1 2 3 2 2 2 2 2|1 2 2 1 2 2 2 2 2 3 2 1 2 2 2|1 1 2 1 2 2 2 1 2 2 2 2 2 2 3|2 1 1 2 2 2 3 3 2 2 2 2 2 2 2|2 2 2 1 2 2 2 1 1 2 2 3 2 2 1|2 3 1 1 1 2 3 3 3 1 2 2 2 3 2|2 2 2 2 2 2 2 1 1 2 2 2 2 2 2|2 2 2 2 2 2 2 2 3 2 2 3 2 3 2|2 2 1 2 1 2 2 1 3 3 2 2 1 2 3|2 2 3 2 2 2 1 1 2 3 2 2 2 2 2|2 2 3 2 2 1 2 1 1 2 2 2 3 1 3|3 1 2 2 3 2 2 2 2 2 3 2 1 1 2|2 2 2 3 2 2 3 3 2 2 0 2 1 2 2|2 2 3 1 2 2 2 1 2 2 2 3 2 3 2|2 2 2 3 1 2 2 3 1 2 3 2 3 2 3|2 1 2 3 1 2 1 3 3 3 2 1 1 1 1|2 2 1 2 2 2 2 3 2 2 2 2 3 2 1|2 2 2 2 1 2 2 2 2 2 3 2 2 2 1|2 2 2 2 2 2 2 2 2 2 2 2 2 3 2|1 3 2 2 2 2 2 2 2 2 2 2 2 3 2|1 2 1 2 2 1 2 2 2 2 2 3 2 1 2

第5个最优解：
Iter = 436
Nfe = 69945
Fitness = 94.4390166712835
The number of total device = 960
The number of various devices = 64 64 64 64 64 64 64 64 64 64 64 64 64 64 64
The scheme of allocation = 2 2 1 2 3 2 2 2 2 2 2 1 3 3 2|2 3 2 1 2 2 2 2 2 3 3 2 2 3 2|2 1 2 1 2 1 2 1 1 2 2 1 2 3 2|3 2 3 2 1 2 3 2 3 2 1 3 4 1 3|0 2 2 2 2 3 1 3 3 2 1 1 2 1 2|3 2 2 1 2 3 2 2 2 3 2 2 3 2 3|3 3 2 1 2 3 2 3 2 1 3 2 3 2 2|2 2 2 2 1 2 1 2 2 2 2 5 2 1 1|2 2 1 2 3 2 2 2 2 2 3 2 2 2 2|2 1 1 3 3 1 3 2 2 2 2 1 2 2 1|3 1 3 2 2 3 2 2 1 2 2 2 2 2 2|1 1 2 2 2 2 3 1 2 3 1 2 1 2 1|1 4 2 1 2 2 2 2 2 1 1 2 1 1 2|2 1 2 4 3 2 1 1 1 1 2 2 2 2 2|2 3 2 2 2 2 3 2 1 3 2 3 1 2 2|2 1 2 2 2 1 2 2 2 1 2 2 2 1 2|2 2 2 3 1 2 2 2 2 2 1 2 2 2 2|1 1 2 2 2 1 2 2 2 2 3 2 2 2 3|1 3 4 2 1 2 2 2 2 2 2 2 2 3 2|1 2 2 2 2 2 1 1 3 3 2 1 2 1 2|2 3 2 1 2 2 2 3 3 3 2 2 3 2 2|3 2 3 3 2 2 2 2 2 2 2 2 1 2 3|3 2 2 2 1 3 2 3 2 2 2 2 2 3 2|2 1 2 1 2 2 2 2 1 1 2 2 1 2 1|2 2 2 2 2 2 2 2 3 2 3 2 0 3 3|2 3 3 2 3 2 2 2 3 1 2 2 3 2 1|2 2 1 2 3 2 2 2 2 2 2 1 1 2 2|2 2 1 2 2 2 2 2 2 2 2 3 1 3 1|2 2 2 2 1 3 3 2 1 3 2 1 2 2 2|2 2 2 2 3 2 2 2 2 1 2 3 3 1 2|3 2 1 3 2 1 2 2 2 1 2 2 2 3 3|2 2 2 3 1 1 1 2 2 3 2 2 3 1 2

第6个最优解：
Iter = 526
Nfe = 84399
Fitness = 93.86929361077084
The number of total device = 960
The number of various devices = 64 64 64 64 64 64 64 64 64 64 64 64 64 64 64
The scheme of allocation = 2 2 2 2 3 2 3 2 3 2 3 2 2 2 1|3 1 2 1 3 2 2 2 3 1 1 2 2 2 2|1 2 3 3 2 2 2 3 1 3 3 3 3 1 2|2 2 2 3 2 1 2 2 3 3 1 3 2 1 3|2 2 1 2 3 1 1 2 3 2 2 2 1 2 3|2 2 2 2 1 3 1 1 2 3 2 3 1 2 2|3 2 2 3 3 3 1 2 1 1 2 1 3 2 2|0 3 2 1 2 2 3 2 2 2 1 1 1 3 2|3 2 1 1 2 2 3 2 2 2 2 2 3 2 1|3 1 2 2 1 2 2 1 2 2 3 2 2 3 1|2 2 2 2 2 1 3 2 2 1 1 2 1 2 2|2 1 2 3 2 2 1 3 2 3 2 3 2 2 2|2 4 1 2 1 3 2 5 2 2 2 3 2 1 2|2 1 1 3 2 3 3 2 2 2 2 1 1 3 4|2 1 2 3 3 1 2 2 1 4 2 2 1 2 3|3 1 2 1 1 3 1 1 3 1 2 1 3 2 1|2 2 3 2 2 3 1 2 3 1 2 2 2 3 2|1 3 3 2 2 1 3 2 2 1 2 4 2 2 1|2 3 2 2 3 2 1 2 2 2 2 3 1 2 1|1 2 1 2 2 3 1 2 2 2 3 1 2 2 2|2 2 2 3 1 3 1 3 1 2 1 2 3 3 2|2 3 4 1 2 1 3 1 2 1 3 2 2 2 2|3 2 1 2 3 3 3 2 2 2 3 1 2 2 2|1 2 3 1 1 1 1 2 2 2 1 0 2 1 2|3 2 2 2 2 1 2 1 2 1 2 1 3 2 2|3 3 1 1 1 2 2 1 1 2 1 1 2 2 2|1 2 1 2 2 2 2 2 1 1 3 2 1 3 3|1 2 1 3 2 2 2 2 3 2 2 2 1 1 3|1 1 2 1 3 1 3 1 2 3 3 2 2 1 3|3 2 3 3 2 2 3 2 2 2 2 3 4 2 1|1 2 3 2 2 2 3 3 2 3 2 3 3 2 1|3 2 3 1 1 2 1 2 1 3 1 2 2 2 2

第7个最优解：
Iter = 546
Nfe = 87632
Fitness = 94.92914516919068
The number of total device = 960
The number of various devices = 64 64 64 64 64 64 64 64 64 64 64 64 64 64 64
The scheme of allocation = 2 2 2 3 2 2 2 2 2 2 2 2 2 3 3|1 2 3 1 2 2 3 2 3 2 2 3 2 2 3|2 3 1 3 2 2 2 2 3 2 3 1 1 2 2|1 1 4 1 3 1 2 2 3 2 2 2 2 1 2|2 2 2 2 2 2 2 2 1 3 2 2 3 1 2|2 3 2 2 3 3 1 2 2 2 2 2 2 1 2|2 2 1 2 2 1 2 2 2 2 2 3 2 2 2|3 2 2 2 3 1 3 2 2 2 3 1 3 2 2|2 2 2 3 1 2 2 2 2 2 2 1 1 2 1|2 2 2 2 1 2 2 2 2 3 3 1 2 2 2|2 1 2 3 2 1 3 2 2 1 2 3 2 3 2|3 2 2 2 2 1 2 3 2 2 2 2 2 2 2|1 2 1 2 2 2 1 2 2 1 2 1 2 2 4|2 2 2 2 2 3 2 2 2 2 3 2 3 2 2|3 3 2 2 1 1 2 2 1 3 2 2 2 2 2|2 1 1 1 1 1 2 3 2 2 2 2 2 3 1|3 2 2 3 3 2 2 2 1 3 1 2 2 2 1|2 3 2 2 3 3 2 1 1 2 2 2 2 2 2|2 1 2 2 1 2 2 3 3 2 2 2 1 2 2|2 1 3 1 1 2 3 2 3 2 2 2 1 1 2|2 2 2 2 3 2 2 2 2 0 2 2 2 2 1|2 2 2 2 3 2 1 1 2 2 1 2 2 2 2|1 2 1 2 2 2 3 2 2 2 2 2 2 3 3|1 2 2 2 3 2 2 2 3 1 1 3 3 3 2|2 2 1 2 3 2 2 2 1 2 2 2 1 1 1|2 2 2 1 2 2 2 2 1 1 2 2 4 2 1|2 2 3 3 1 3 1 2 2 1 2 2 2 1 2|2 2 3 2 1 2 1 1 1 3 1 2 1 2 3|3 2 2 1 1 2 2 2 2 1 2 2 2 2 2|2 2 2 2 2 3 2 2 3 4 2 3 2 3 2|3 2 1 2 2 3 2 2 2 3 3 2 2 2 2|1 3 3 2 2 3 2 2 2 2 1 2 2 2 2

第8个最优解：
Iter = 580
Nfe = 92951
Fitness = 95.24983445928557
The number of total device = 960
The number of various devices = 64 64 64 64 64 64 64 64 64 64 64 64 64 64 64
The scheme of allocation = 2 2 2 3 2 2 2 2 3 2 2 1 2 2 2|2 2 2 3 2 2 2 2 3 2 1 2 2 2 2|3 3 3 2 2 2 2 2 3 1 2 3 2 2 2|3 2 1 2 3 2 2 2 2 1 1 1 2 1 2|2 3 2 1 3 2 2 2 1 2 3 2 2 2 3|1 2 2 2 1 2 3 3 1 2 3 1 2 2 2|3 1 2 1 1 2 1 2 2 2 2 2 1 2 2|2 1 2 2 2 2 2 2 2 2 1 2 2 1 2|2 2 2 2 2 2 2 2 1 1 3 2 2 1 2|1 2 2 2 3 2 2 2 2 2 2 1 2 3 1|1 2 2 2 2 2 2 2 2 4 2 2 3 1 1|1 2 2 2 2 2 2 2 2 3 2 3 2 2 3|2 1 1 2 2 2 2 3 3 2 2 2 1 3 2|2 3 2 2 2 2 3 2 2 3 2 2 2 2 2|2 2 1 1 2 4 2 2 2 4 2 2 2 2 2|2 2 2 2 2 2 2 3 2 2 2 3 4 2 3|2 2 3 3 1 3 2 2 3 2 2 2 3 2 2|2 2 2 1 2 3 1 2 2 2 2 2 2 3 2|2 2 1 1 1 1 2 1 1 1 3 2 2 2 2|2 2 2 1 2 1 1 1 1 2 2 2 2 2 3|2 2 2 2 2 2 3 2 1 2 2 2 2 2 2|2 1 2 3 2 2 2 1 2 2 2 2 2 3 2|2 3 2 3 2 2 2 1 1 2 2 2 1 2 2|2 2 2 2 2 2 1 3 2 2 2 2 2 2 2|2 2 2 2 2 1 2 2 2 1 2 2 2 2 2|1 2 2 3 3 2 2 1 3 2 1 1 1 2 2|3 1 3 3 2 2 2 2 2 3 2 2 2 3 1|3 2 2 2 1 1 2 3 2 1 2 1 2 1 2|2 2 2 2 3 2 2 2 2 2 3 3 2 2 1|2 2 2 2 2 2 2 2 2 2 2 2 2 2 2|1 2 2 2 2 2 2 2 3 1 1 3 2 2 2|3 3 3 1 2 2 3 2 2 2 2 3 2 2 2

第9个最优解：
Iter = 577
Nfe = 92479
Fitness = 94.67165335803429
The number of total device = 960
The number of various devices = 64 64 64 64 64 64 64 64 64 64 64 64 64 64 64
The scheme of allocation = 2 3 3 3 2 2 2 3 2 2 1 2 3 2 3|3 2 2 1 2 2 2 2 2 1 1 1 2 3 2|2 1 2 1 2 2 2 2 1 2 2 2 2 2 3|1 3 1 3 2 2 2 2 2 1 0 2 2 2 3|2 2 2 2 2 3 1 2 2 3 2 1 2 2 3|1 1 1 2 3 4 2 1 3 2 2 2 1 2 3|1 2 2 2 2 2 3 1 2 2 3 3 3 1 1|1 2 2 2 2 1 2 3 2 2 2 2 1 2 2|2 2 2 2 2 3 1 1 2 2 2 3 2 2 1|2 2 2 2 2 1 1 2 2 3 2 3 1 1 2|3 1 3 1 2 2 1 2 3 2 2 2 2 1 1|2 3 3 2 2 2 3 2 2 2 3 3 2 3 2|3 2 3 3 2 2 3 2 2 2 3 1 2 1 2|3 2 3 2 2 2 2 2 1 2 2 3 2 2 2|1 2 2 2 2 2 3 2 1 4 1 1 2 2 2|2 2 1 2 2 2 3 3 2 2 2 1 2 1 2|2 2 2 2 2 2 1 2 3 2 2 3 2 3 2|2 2 1 2 2 3 1 2 2 3 2 2 2 2 2|2 3 2 2 1 1 2 2 2 1 3 2 2 2 2|4 1 2 3 2 2 2 2 2 2 1 1 2 2 2|3 2 2 2 2 2 3 2 3 2 2 2 3 2 2|2 1 2 3 2 1 2 3 4 3 2 2 3 1 2|1 3 1 2 2 1 3 1 2 1 2 2 1 3 2|2 2 3 1 3 2 1 2 2 2 2 1 2 3 3|2 3 2 2 2 2 2 2 2 2 2 2 2 2 2|2 2 2 2 2 2 2 2 2 2 2 1 2 2 2|1 2 1 2 2 2 2 2 2 2 3 2 2 2 2|2 2 1 2 2 2 2 2 1 1 2 3 1 1 2|2 2 3 2 1 1 1 2 1 2 2 3 2 2 2|2 0 2 2 2 2 3 2 2 2 3 2 3 3 1|1 2 2 1 2 2 1 1 1 1 2 2 2 3 1|3 3 2 2 2 3 3 3 2 2 2 2 2 2 1

第10个最优解：
Iter = 387
Nfe = 62238
Fitness = 94.6249142857566
The number of total device = 960
The number of various devices = 64 64 64 64 64 64 64 64 64 64 64 64 64 64 64
The scheme of allocation = 1 3 2 1 3 1 2 1 2 4 2 1 2 3 2|1 3 1 1 2 2 2 2 1 2 1 2 2 2 3|2 2 3 3 2 2 2 1 1 1 2 2 2 2 2|2 2 2 2 2 2 3 2 1 2 1 3 2 1 2|3 2 2 2 2 1 2 1 2 2 2 3 2 3 1|2 1 1 4 2 1 2 2 1 3 3 2 2 1 2|3 2 2 2 2 1 3 2 2 2 2 1 2 3 2|2 2 2 2 1 2 3 3 1 2 1 3 3 3 2|2 2 2 1 3 2 2 3 2 2 1 2 3 2 2|3 2 1 2 2 2 1 2 1 1 3 2 4 3 2|1 2 3 1 2 2 2 3 3 2 3 2 1 2 3|2 2 3 2 3 2 2 2 2 2 2 2 2 1 2|2 3 1 3 1 2 1 2 2 2 2 3 2 1 2|2 1 2 2 1 4 1 2 2 2 3 3 2 2 1|2 1 2 2 3 2 2 2 3 1 1 2 2 3 3|2 2 3 2 2 1 1 2 2 2 2 1 1 2 3|2 3 2 2 2 2 2 1 2 2 2 2 1 2 2|2 2 3 3 2 3 2 2 3 1 3 2 2 2 2|2 2 3 2 2 2 3 1 3 3 2 2 2 3 1|2 2 2 2 3 3 2 2 1 1 3 2 2 2 4|2 3 3 2 2 2 2 2 3 2 1 2 2 2 1|2 2 2 1 2 2 2 2 2 2 3 2 3 2 2|3 3 2 1 3 3 1 2 2 3 2 2 2 2 1|2 1 2 2 2 2 3 2 1 1 2 1 2 2 3|2 2 2 2 1 2 2 2 2 3 2 2 2 2 2|2 2 1 3 1 2 2 2 3 2 2 2 2 1 2|1 2 1 2 2 2 2 3 1 3 2 1 1 2 2|2 1 2 2 2 2 3 2 4 2 3 2 2 1 2|2 2 2 2 2 2 2 3 3 3 1 2 1 2 1|2 3 2 2 1 2 2 2 3 1 2 3 2 2 1|2 1 2 2 2 2 1 2 2 1 2 1 2 1 1|2 1 1 2 2 2 2 2 1 2 1 2 2 2 3

第11个最优解：
Iter = 469
Nfe = 75159
Fitness = 94.65721157893068
The number of total device = 960
The number of various devices = 64 64 64 64 64 64 64 64 64 64 64 64 64 64 64
The scheme of allocation = 2 2 2 1 2 2 2 2 2 2 2 2 2 2 2|2 2 2 2 2 2 3 2 2 1 2 2 2 2 4|2 2 2 3 2 2 3 2 3 3 2 3 2 3 3|1 2 3 2 3 2 2 1 2 2 2 2 2 2 2|2 2 1 2 2 2 2 2 3 1 2 2 3 1 3|2 2 2 3 2 1 1 1 2 1 2 2 2 2 2|2 3 3 2 2 2 2 2 2 3 1 1 2 2 1|2 2 2 1 2 2 3 4 2 3 1 3 2 2 2|2 2 2 3 2 1 3 2 1 2 2 3 2 4 1|2 2 2 2 1 1 2 1 1 2 2 2 2 3 2|2 2 2 2 3 2 1 3 2 1 2 1 1 2 1|3 3 2 2 3 2 1 2 2 2 2 2 2 2 2|1 2 3 1 1 2 1 2 3 1 2 1 3 1 2|2 2 2 2 2 1 4 1 2 3 2 3 2 2 2|2 2 2 2 3 2 3 3 2 2 2 1 2 3 1|2 2 3 3 1 3 2 4 3 3 2 3 2 2 2|2 2 1 2 2 3 1 2 2 1 2 2 2 2 2|2 2 4 2 1 2 1 2 2 2 2 2 1 1 2|2 2 1 2 2 2 2 3 1 1 2 1 1 2 3|1 1 2 3 3 1 1 1 2 2 3 2 1 1 2|3 3 3 2 2 2 3 2 2 1 1 1 3 2 2|2 1 2 2 1 1 2 1 2 1 2 2 2 2 2|2 2 1 1 3 2 1 2 2 2 2 2 2 3 1|2 2 2 1 2 2 2 2 2 2 1 3 2 1 2|2 1 2 2 2 3 2 2 3 2 2 2 2 2 3|2 2 1 2 2 3 1 2 1 2 2 2 2 2 2|3 2 1 2 3 2 2 1 2 2 3 1 1 2 2|3 2 2 2 1 2 1 2 2 3 2 2 3 1 1|2 2 1 2 1 2 3 2 2 2 2 2 1 2 1|1 2 2 1 1 3 2 2 1 3 2 2 3 3 1|3 2 2 3 2 2 3 1 2 3 3 3 3 1 2|1 2 2 2 3 3 2 3 2 3 3 2 2 2 4

第12个最优解：
Iter = 453
Nfe = 72195
Fitness = 94.05642150501482
The number of total device = 960
The number of various devices = 64 64 64 64 64 64 64 64 64 64 64 64 64 64 64
The scheme of allocation = 2 1 3 2 1 2 2 3 2 2 2 2 2 2 2|3 2 1 3 4 1 2 1 1 1 1 2 2 2 2|2 1 2 2 2 2 2 2 2 1 2 2 2 1 1|2 2 2 2 2 2 1 2 2 2 4 2 2 3 3|3 2 1 1 2 2 1 4 3 2 2 2 2 2 2|3 1 2 1 2 3 2 1 3 2 3 2 3 3 1|2 3 2 2 2 2 2 2 2 2 2 2 2 2 1|2 3 3 2 2 2 1 3 1 2 4 1 1 2 3|1 1 2 2 2 1 2 1 2 3 2 2 3 2 2|3 3 2 2 1 1 2 1 2 2 2 2 2 1 2|2 2 3 2 2 2 3 2 2 3 1 3 2 1 2|1 2 2 2 2 3 2 1 2 2 3 3 2 3 2|2 1 2 2 2 2 1 2 3 2 2 2 1 3 2|2 1 1 2 1 1 3 2 3 2 3 2 2 2 3|1 3 2 2 2 1 2 2 2 2 1 2 3 2 2|2 3 2 3 1 2 3 1 2 1 2 2 2 1 3|3 2 1 3 2 3 2 3 2 2 1 3 2 2 1|2 1 2 2 2 2 1 3 2 1 3 2 3 2 1|2 2 1 1 2 3 1 2 1 3 2 1 1 1 2|2 3 2 1 2 3 2 3 1 2 1 2 2 2 0|2 4 3 2 2 2 1 3 2 2 2 2 1 2 2|2 1 3 2 2 2 1 1 2 2 1 2 2 1 3|2 2 2 2 2 4 2 2 2 3 2 2 2 2 1|2 2 2 3 1 2 3 1 2 2 1 2 2 3 4|1 3 3 2 3 1 3 2 2 1 1 2 2 2 3|2 4 1 2 1 2 3 3 3 1 2 2 1 3 1|3 2 2 2 4 2 2 1 1 2 2 1 2 3 2|1 1 2 1 1 3 2 2 2 3 2 2 1 2 2|2 2 2 2 2 1 3 2 2 1 2 3 3 1 3|2 1 2 4 3 2 1 1 2 2 1 1 2 2 1|1 2 2 1 4 1 3 3 2 3 3 2 3 3 2|2 1 2 2 1 2 3 2 2 3 2 2 2 1 3

第13个最优解：
Iter = 415
Nfe = 66539
Fitness = 94.93115259333072
The number of total device = 960
The number of various devices = 64 64 64 64 64 64 64 64 64 64 64 64 64 64 64
The scheme of allocation = 3 2 2 2 2 2 2 2 2 2 3 2 2 2 2|1 2 2 1 3 2 2 2 1 2 2 1 4 2 2|3 3 3 1 2 2 2 2 2 1 1 2 2 2 3|3 2 3 2 1 2 2 2 2 1 2 2 3 2 1|2 4 2 3 2 2 2 2 2 2 2 2 3 2 2|2 2 2 2 2 2 3 2 2 2 1 3 1 1 3|3 1 2 2 2 3 2 2 3 2 2 2 2 2 1|2 3 3 3 1 3 2 2 1 1 1 1 2 3 3|2 3 1 3 2 2 2 2 2 2 3 2 2 3 2|1 2 2 2 2 2 2 2 3 2 4 3 2 1 2|3 2 1 3 2 3 3 2 2 2 2 2 2 1 2|2 2 2 3 2 2 2 2 2 2 4 3 2 2 3|2 2 2 2 2 0 2 2 2 3 3 2 2 2 2|2 2 1 2 3 2 2 2 2 4 2 2 2 3 2|2 1 2 1 2 2 2 2 3 2 1 1 2 2 2|2 2 1 2 1 3 2 1 2 3 3 2 2 1 2|1 2 2 1 2 2 2 2 2 2 2 2 2 3 1|2 2 2 2 2 2 2 2 2 2 2 2 2 2 2|2 2 2 3 3 2 3 2 2 1 1 2 1 2 2|3 2 2 1 2 1 2 2 1 2 2 1 1 2 2|2 1 2 3 2 2 2 2 2 2 2 2 2 2 2|2 2 2 2 2 1 2 2 2 1 1 2 2 2 2|0 2 2 2 2 2 1 2 1 2 2 2 2 3 2|3 2 2 2 2 2 2 2 2 2 2 3 2 3 2|2 2 2 2 2 2 1 2 2 2 2 2 2 1 2|2 2 2 2 2 2 2 1 2 1 2 3 2 1 1|2 2 4 1 3 3 2 1 2 3 1 2 2 2 2|2 1 1 2 1 2 2 3 2 1 1 1 3 2 1|2 1 2 1 2 2 1 2 2 3 2 2 1 1 2|1 2 2 2 2 2 2 3 3 3 2 2 2 2 1|1 2 2 2 2 1 2 2 2 2 2 2 1 2 3|2 2 2 2 2 2 2 3 2 2 2 2 2 3 3

第14个最优解：
Iter = 460
Nfe = 73499
Fitness = 94.61606967218312
The number of total device = 960
The number of various devices = 64 64 64 64 64 64 64 64 64 64 64 64 64 64 64
The scheme of allocation = 2 4 2 1 2 2 3 2 3 3 2 2 2 3 1|3 1 3 0 2 2 2 1 2 2 2 2 3 3 2|3 3 1 3 1 2 2 2 2 3 3 2 2 1 2|2 2 3 2 2 2 1 2 2 2 2 2 1 3 1|3 1 3 1 2 2 1 1 2 1 1 3 2 2 3|1 4 3 2 2 2 2 2 2 2 3 2 2 1 3|1 2 2 2 2 2 3 2 2 2 1 3 2 2 2|2 3 2 2 2 2 1 2 2 2 2 2 3 2 2|2 2 2 3 2 1 2 3 1 2 2 2 2 3 1|2 2 3 1 2 2 1 2 3 2 2 1 3 2 3|2 2 2 2 2 2 2 2 3 2 2 2 2 2 2|3 2 2 2 2 2 3 2 2 3 2 2 2 1 2|2 2 2 2 2 3 2 2 2 1 3 2 2 2 2|1 1 1 1 1 2 2 2 2 2 3 3 2 2 3|2 2 1 3 2 2 1 2 1 2 2 2 2 3 2|2 1 3 1 4 2 2 2 2 2 3 2 2 1 2|2 3 2 2 3 2 2 1 2 2 2 2 1 2 3|2 2 2 3 1 3 2 2 2 1 2 1 2 3 2|2 2 1 2 2 2 2 1 2 2 2 2 1 2 1|2 2 3 2 2 2 2 1 2 1 2 2 2 2 1|3 2 1 2 3 2 2 2 2 1 2 2 2 2 2|3 2 3 3 2 2 2 3 1 3 1 2 2 2 3|2 1 2 1 2 3 2 1 2 1 2 2 2 1 2|1 1 2 2 2 2 2 2 2 2 2 2 2 1 3|2 1 1 2 2 2 2 3 2 2 2 1 3 3 1|2 2 2 2 2 2 2 3 2 3 2 3 2 2 2|2 2 1 2 2 1 1 3 2 3 2 1 2 1 3|1 3 2 2 2 2 2 2 3 2 2 3 2 2 1|3 1 2 2 2 2 3 2 2 2 2 3 2 1 3|1 2 2 3 2 2 3 3 2 2 2 2 2 3 1|2 2 2 3 2 2 3 2 1 2 1 1 1 2 2|1 2 1 3 1 1 2 2 2 2 1 1 2 2 1

第15个最优解：
Iter = 536
Nfe = 85653
Fitness = 95.03596649615503
The number of total device = 960
The number of various devices = 64 64 64 64 64 64 64 64 64 64 64 64 64 64 64
The scheme of allocation = 1 3 2 2 2 2 2 2 3 2 2 2 2 3 2|3 1 1 1 2 2 2 2 2 2 1 1 2 2 2|2 2 2 2 2 1 2 3 2 2 2 1 2 3 3|2 2 1 2 1 2 2 3 3 2 2 2 3 1 2|2 2 2 1 3 3 1 2 1 2 3 2 2 1 2|2 3 2 3 1 2 2 2 2 2 2 2 2 3 2|3 2 2 2 2 2 2 2 2 2 2 3 2 2 2|1 1 2 2 2 2 2 2 2 1 3 2 2 2 1|3 2 2 2 3 2 2 2 2 2 2 2 2 2 3|2 1 2 0 3 2 2 2 2 1 2 2 2 3 3|2 2 1 2 3 2 2 2 1 2 2 2 2 2 1|2 3 2 2 3 2 2 2 2 1 2 1 2 2 2|2 2 2 3 2 2 2 1 2 3 1 2 2 2 2|3 3 2 2 2 1 2 2 3 1 2 2 1 3 2|2 2 1 2 1 2 1 2 2 2 2 2 2 2 2|1 3 3 3 2 1 2 1 2 3 2 1 2 2 2|2 2 3 2 2 1 2 2 2 2 2 2 1 2 2|2 2 2 2 2 2 2 3 2 3 2 1 2 3 2|1 2 1 2 3 2 1 2 2 2 3 2 3 2 2|2 2 2 2 2 2 2 2 2 1 2 3 2 2 2|2 2 3 2 2 2 2 2 2 1 2 2 2 2 2|2 2 2 2 3 2 2 2 2 2 2 3 1 1 2|2 2 2 2 3 2 2 2 3 2 1 1 2 2 2|3 2 2 2 1 2 2 2 1 3 3 3 2 2 3|2 2 3 2 1 3 2 2 2 2 1 2 2 1 1|2 2 3 3 1 2 2 1 1 2 2 2 2 1 2|2 3 2 1 1 3 2 2 2 3 2 2 2 2 1|2 2 1 2 2 2 3 2 2 2 2 2 2 3 2|2 1 2 2 2 2 2 2 2 2 1 2 2 2 2|2 1 1 2 1 3 3 2 2 3 2 2 2 2 2|2 1 3 3 2 2 4 2 2 2 3 3 3 1 2|1 2 3 2 2 2 1 2 2 2 2 3 2 1 2

第16个最优解：
Iter = 236
Nfe = 37903
Fitness = 94.63083057642461
The number of total device = 960
The number of various devices = 64 64 64 64 64 64 64 64 64 64 64 64 64 64 64
The scheme of allocation = 2 3 2 3 2 2 2 3 2 2 2 2 3 3 2|3 3 3 3 2 1 2 2 3 2 3 3 1 2 2|2 2 2 4 1 2 3 2 2 2 2 2 2 2 1|2 3 2 1 1 2 2 3 2 2 4 2 2 3 3|2 3 2 1 2 2 3 2 2 4 3 2 2 2 1|2 3 3 2 2 2 2 2 3 2 3 1 3 1 2|2 3 3 2 2 3 2 3 2 2 2 2 2 2 3|2 2 4 2 1 1 2 3 1 2 2 3 2 2 3|1 2 3 2 2 1 2 2 2 2 2 2 2 2 3|1 1 1 1 2 2 2 3 1 2 2 2 2 2 3|1 2 2 2 1 2 2 2 2 1 1 2 2 1 2|3 2 2 3 3 2 2 2 2 2 2 2 2 2 3|1 2 2 2 2 3 3 1 2 2 2 3 1 1 2|2 2 2 1 3 2 1 2 3 2 1 2 2 3 2|2 1 1 1 2 1 2 2 2 2 2 1 2 2 2|2 2 2 2 1 2 2 1 2 2 2 2 2 2 1|3 2 1 2 2 3 2 2 2 2 2 2 2 2 2|2 2 1 2 2 1 1 1 3 2 2 2 2 1 1|2 1 2 1 3 2 2 2 1 3 1 2 2 3 2|2 1 2 2 3 2 2 2 2 2 1 2 3 1 1|2 2 2 2 1 3 2 2 1 2 1 2 2 3 2|2 2 2 2 1 2 2 3 1 1 2 2 2 2 2|2 2 2 2 4 2 1 1 3 2 2 3 2 2 2|2 2 1 2 2 2 2 2 1 2 2 2 2 2 3|3 1 1 4 1 2 2 2 2 1 2 3 2 2 2|2 2 2 2 2 2 2 2 3 1 2 1 1 2 2|1 2 2 2 2 2 2 2 1 2 2 1 2 2 1|3 1 3 1 1 3 2 1 2 3 2 2 2 2 2|2 2 1 2 3 3 3 2 2 1 2 1 2 3 2|2 2 2 2 3 2 2 2 4 3 2 3 2 1 1|3 3 2 2 1 2 2 2 1 2 2 2 2 2 1|1 1 2 2 4 1 1 1 2 2 2 1 2 2 3

第17个最优解：
Iter = 587
Nfe = 94121
Fitness = 94.975317012474
The number of total device = 960
The number of various devices = 64 64 64 64 64 64 64 64 64 64 64 64 64 64 64
The scheme of allocation = 1 3 3 2 1 2 1 1 1 2 2 2 2 2 2|1 3 2 2 2 3 2 2 2 2 2 3 3 1 2|3 3 1 2 2 2 2 2 2 1 3 2 3 2 2|2 2 2 2 2 2 3 3 2 2 3 3 2 2 1|1 2 3 2 2 2 2 3 2 2 2 2 2 2 2|2 2 2 3 2 1 2 2 2 2 3 3 2 2 2|2 2 1 1 2 2 2 2 2 2 3 2 2 1 2|2 2 2 3 2 1 2 2 2 2 2 2 2 2 2|2 3 2 2 3 2 2 2 2 1 2 2 2 2 2|2 2 2 1 2 2 2 1 2 2 2 2 2 2 2|3 2 3 2 1 2 2 1 3 2 1 3 2 2 3|3 2 1 2 3 2 2 2 2 2 1 2 1 2 4|2 2 1 3 2 3 2 2 2 1 1 1 2 2 2|3 2 2 2 2 1 2 2 2 2 2 2 2 2 2|3 2 3 1 2 1 2 2 2 2 1 1 1 2 2|1 1 3 2 1 2 3 2 2 2 2 1 2 2 2|2 3 2 1 2 2 1 3 2 2 2 1 1 1 2|2 1 2 2 2 2 2 2 3 2 1 2 2 2 2|2 2 2 2 3 2 2 2 2 2 2 2 3 2 2|3 2 2 2 1 3 3 2 2 1 2 2 2 2 3|2 1 2 2 2 2 1 3 3 2 1 2 1 2 2|1 1 1 2 2 2 2 2 2 3 2 2 3 2 2|2 1 2 2 3 3 2 2 2 3 3 2 3 2 2|1 1 3 2 2 1 2 2 2 2 2 2 2 3 2|2 2 2 4 2 3 2 1 2 2 1 2 2 2 2|2 2 3 2 1 1 1 2 2 2 3 2 2 3 1|2 2 1 2 2 1 1 2 2 2 2 2 3 3 2|2 2 2 2 2 3 2 3 1 2 2 3 3 2 1|2 2 1 2 2 3 3 2 2 1 2 2 1 2 2|2 2 3 2 2 1 2 2 2 3 2 1 2 2 2|2 2 2 1 3 3 2 2 1 2 3 2 1 2 2|2 3 1 2 2 2 3 1 2 4 2 2 1 2 1

第18个最优解：
Iter = 409
Nfe = 65853
Fitness = 94.3501941027484
The number of total device = 960
The number of various devices = 64 64 64 64 64 64 64 64 64 64 64 64 64 64 64
The scheme of allocation = 2 2 3 2 1 3 2 3 2 3 3 2 2 3 2|2 3 2 3 2 2 2 2 4 2 2 3 2 2 2|1 2 2 1 2 2 2 2 2 2 2 1 2 2 2|2 3 1 2 3 0 3 1 3 3 2 3 3 2 2|3 2 2 1 1 2 1 4 2 1 2 2 2 1 1|1 3 2 3 3 2 2 1 2 2 2 2 2 3 2|2 3 2 2 2 2 1 2 1 2 1 2 1 1 2|2 2 3 2 1 3 2 3 1 3 2 2 1 2 2|2 2 2 2 3 1 1 2 3 3 2 2 2 2 2|3 3 2 1 2 2 2 2 1 2 2 2 2 1 1|2 1 2 1 2 2 3 2 2 2 1 1 2 2 2|2 2 3 2 2 2 2 2 1 2 2 1 2 2 2|3 2 2 1 3 2 2 2 2 3 2 1 2 3 2|2 2 2 2 1 2 2 2 2 2 3 3 2 2 1|1 2 1 3 2 2 1 1 1 2 2 3 3 1 1|2 2 2 2 4 3 1 2 2 2 2 1 2 3 1|2 1 2 1 2 3 1 2 2 1 2 2 1 2 2|3 0 2 2 2 2 3 2 2 2 1 2 1 3 4|2 2 2 2 2 2 2 1 2 2 2 1 2 3 2|2 2 2 2 1 2 2 2 2 2 3 2 3 1 2|1 2 2 3 1 2 3 2 1 2 2 3 2 2 2|2 3 2 1 2 2 3 4 2 2 2 2 3 2 1|2 2 3 2 2 1 2 2 2 1 2 3 2 2 4|2 2 1 2 1 2 1 2 2 2 2 3 2 3 3|1 2 3 2 2 2 2 3 1 2 3 2 2 2 2|2 1 2 2 2 2 2 2 3 2 1 2 2 2 2|1 2 1 2 4 3 2 2 3 2 2 2 1 2 2|3 2 1 2 3 1 1 2 2 2 3 1 2 1 1|3 2 1 3 2 2 3 1 2 1 2 2 2 1 3|2 2 2 3 1 1 2 1 2 2 2 1 2 2 2|2 2 3 3 1 3 3 2 3 2 1 2 2 3 3|2 1 2 2 2 2 3 1 2 1 2 3 3 1 2

第19个最优解：
Iter = 544
Nfe = 87178
Fitness = 94.61136569064196
The number of total device = 960
The number of various devices = 64 64 64 64 64 64 64 64 64 64 64 64 64 64 64
The scheme of allocation = 2 2 2 2 2 2 2 3 2 1 3 2 2 3 1|1 3 2 2 1 1 2 2 2 3 2 2 2 1 2|2 2 3 2 2 2 4 2 2 2 2 2 2 2 2|2 2 4 2 1 2 2 1 2 3 2 2 3 2 2|2 2 2 2 2 2 2 1 3 2 2 1 2 1 3|2 1 2 1 2 2 2 2 1 2 2 2 2 2 1|2 2 1 1 2 2 1 3 2 1 3 1 2 3 2|2 1 2 2 2 2 2 2 1 2 2 2 2 3 2|1 2 1 2 2 2 2 3 4 2 2 2 2 1 2|2 1 1 2 2 3 2 1 3 2 2 2 1 2 3|2 1 3 3 3 2 2 2 2 2 2 2 3 1 1|3 2 1 3 3 2 1 2 2 2 3 2 3 1 2|2 2 1 2 2 2 2 3 3 2 1 3 2 2 2|2 2 3 2 1 1 1 2 1 2 1 2 2 2 2|2 1 2 1 3 1 2 2 1 2 2 2 3 1 2|4 1 2 2 2 2 1 2 1 1 1 2 1 1 3|2 2 2 2 2 1 1 2 2 1 2 1 4 2 2|2 2 2 3 2 3 2 2 1 2 2 2 2 2 3|2 2 2 2 2 1 3 2 2 2 2 2 3 3 2|3 2 2 3 1 1 1 2 1 2 2 2 2 2 1|2 4 2 2 2 2 4 2 3 2 1 2 1 4 3|2 3 2 2 4 2 3 2 3 2 3 2 1 2 2|2 2 2 3 1 2 2 2 2 1 2 2 2 1 1|2 3 2 2 2 2 3 2 2 3 2 2 2 1 1|2 2 2 2 2 2 1 2 2 2 4 3 2 2 2|2 2 1 1 2 3 2 2 2 3 2 2 2 1 2|1 2 2 2 2 2 2 2 2 3 2 2 2 2 2|2 2 2 2 2 2 3 3 2 2 2 2 1 2 3|2 3 2 1 2 4 1 2 2 2 2 2 2 2 2|2 2 2 1 2 2 2 1 1 3 1 2 2 3 2|2 2 2 2 2 3 2 2 2 2 1 2 1 4 2|1 2 3 3 2 2 2 1 3 1 2 3 1 3 2

第20个最优解：
Iter = 590
Nfe = 94541
Fitness = 94.37099210632054
The number of total device = 960
The number of various devices = 64 64 64 64 64 64 64 64 64 64 64 64 64 64 64
The scheme of allocation = 1 4 2 1 2 2 1 2 2 2 2 2 3 2 3|2 2 2 2 2 1 2 2 2 2 2 2 1 2 4|3 3 2 2 1 3 2 2 2 2 3 1 2 1 2|2 2 3 2 2 3 1 2 3 1 2 2 4 1 2|3 2 2 1 3 2 3 2 1 2 2 2 2 2 3|2 1 2 2 3 2 2 2 1 3 2 2 1 1 3|2 1 1 2 4 3 3 2 3 2 2 2 1 3 2|3 1 2 3 1 1 2 2 2 2 2 2 2 1 1|2 3 2 2 2 1 1 1 1 2 3 3 1 1 2|2 2 2 3 2 2 2 1 2 4 1 2 2 2 3|3 2 2 3 2 2 3 2 2 1 2 1 1 3 1|1 2 1 2 2 2 1 3 2 3 2 1 2 2 2|2 2 2 1 2 3 2 2 2 2 2 2 2 3 1|1 2 2 2 2 2 2 2 2 1 3 1 1 2 2|3 2 3 1 2 2 2 3 2 2 2 2 4 4 2|1 1 2 2 2 2 3 3 2 3 2 2 2 2 1|1 3 2 2 2 2 1 1 2 2 1 2 2 1 3|1 1 2 2 3 2 1 1 1 2 3 2 3 2 1|2 2 1 2 1 2 3 1 2 2 3 3 1 2 2|2 2 2 2 2 2 2 2 3 2 2 2 1 2 2|2 2 2 1 2 1 2 2 2 2 1 2 2 1 1|3 1 2 3 2 3 2 2 2 1 2 2 3 2 3|3 2 2 1 2 2 2 3 1 1 2 2 3 2 2|2 3 1 2 2 2 2 2 1 1 3 2 2 1 2|1 1 2 1 1 2 2 2 2 2 2 2 2 2 2|2 3 3 2 1 1 3 2 2 3 2 1 2 2 1|1 1 2 2 2 2 2 2 3 2 2 2 1 3 2|3 3 2 3 3 2 2 2 3 2 2 3 3 2 2|1 1 2 3 2 1 1 3 1 2 2 2 2 3 1|2 2 2 2 2 3 3 2 3 1 1 2 1 2 2|3 3 1 3 2 2 2 2 2 2 1 3 3 3 2|2 2 4 2 1 2 2 2 3 3 1 3 2 2 2

第21个最优解：
Iter = 458
Nfe = 73303
Fitness = 94.59273468906856
The number of total device = 960
The number of various devices = 64 64 64 64 64 64 64 64 64 64 64 64 64 64 64
The scheme of allocation = 2 1 1 2 2 4 3 1 2 2 2 2 1 1 1|2 3 2 2 3 2 2 2 1 3 2 2 2 2 2|2 3 3 2 2 3 2 3 2 3 3 2 3 1 2|1 2 2 3 2 2 2 2 2 2 2 2 2 3 2|2 3 2 2 1 2 2 1 2 2 2 2 2 3 1|2 2 3 2 2 3 2 1 1 2 2 2 2 3 1|2 1 2 2 3 2 1 3 2 1 2 2 2 3 2|3 2 2 2 1 2 3 2 2 2 2 2 2 2 2|3 2 1 2 3 1 1 2 3 2 1 2 2 1 4|2 2 1 2 2 1 3 2 2 2 3 2 2 2 3|2 2 2 2 2 1 2 3 3 3 4 2 2 2 3|2 2 1 2 2 2 2 2 2 2 1 2 2 1 1|2 2 2 1 2 2 1 2 1 2 2 2 3 2 2|3 2 3 2 2 1 2 1 2 1 3 2 1 2 2|2 1 3 2 2 3 2 2 2 2 3 1 2 2 2|2 2 1 1 1 1 2 1 2 3 3 2 1 2 2|2 2 2 3 1 2 2 3 1 3 1 3 2 3 2|2 3 3 2 2 2 2 2 2 2 2 1 3 2 4|2 2 2 3 1 3 1 2 2 1 2 2 2 2 2|2 2 2 2 2 1 2 1 2 2 1 2 1 2 2|1 2 2 3 3 1 1 1 3 1 2 1 2 2 2|3 2 3 3 2 3 1 3 2 2 2 3 3 2 1|1 3 2 1 2 2 3 3 3 1 1 1 2 2 3|2 1 2 1 1 2 3 2 2 2 2 1 2 2 2|2 2 1 1 2 2 2 2 2 2 2 2 1 3 2|1 2 1 2 2 2 2 2 2 1 2 2 1 2 2|2 1 1 1 3 3 2 2 2 1 2 2 3 1 1|3 2 3 2 2 2 2 3 3 2 1 4 2 2 2|3 2 3 3 3 1 3 2 2 3 2 3 2 1 1|1 3 2 2 2 1 2 1 1 3 2 2 3 2 3|2 1 2 2 2 3 2 3 1 2 1 2 2 2 2|1 2 2 2 2 2 2 2 3 2 2 2 2 2 1

第22个最优解：
Iter = 549
Nfe = 87861
Fitness = 94.97837380820741
The number of total device = 960
The number of various devices = 64 64 64 64 64 64 64 64 64 64 64 64 64 64 64
The scheme of allocation = 1 4 3 1 2 3 2 2 2 1 3 2 1 2 2|2 1 2 1 2 3 1 3 1 1 1 2 2 2 2|2 2 2 2 1 2 3 2 2 2 3 2 2 2 2|1 3 2 3 2 2 2 2 2 1 1 2 2 2 1|3 2 2 2 3 2 2 1 2 2 1 2 3 2 2|3 2 2 3 1 3 2 1 2 3 3 2 2 2 2|2 2 3 2 3 2 3 2 2 1 3 2 2 1 2|2 2 1 2 4 2 2 3 1 2 2 3 2 4 2|2 1 1 2 3 3 2 2 3 2 1 2 2 1 2|2 2 2 2 2 2 2 2 3 2 2 1 3 3 3|2 2 2 2 2 2 2 2 2 2 2 2 2 2 2|2 2 2 2 2 2 1 3 2 2 2 2 2 2 2|2 2 1 2 2 1 4 3 2 2 2 2 2 2 2|2 3 2 2 2 2 2 2 2 2 3 2 2 2 2|1 2 2 2 2 2 2 1 2 2 2 2 2 1 2|2 1 2 2 2 1 3 2 2 1 2 1 1 2 3|1 2 2 2 1 2 2 2 2 3 2 1 1 2 2|2 2 2 1 3 2 2 3 2 3 2 3 2 2 3|2 2 2 3 2 2 2 2 2 3 1 2 2 2 2|2 2 2 4 2 2 2 2 2 3 1 2 2 2 3|3 1 1 2 2 2 2 2 3 2 1 2 2 2 1|2 2 2 2 2 3 1 2 1 2 4 2 2 2 2|2 3 2 3 1 2 2 2 1 2 2 1 3 1 2|2 1 2 2 1 2 2 2 3 2 2 2 2 3 2|2 3 2 2 2 1 2 1 2 2 2 3 2 2 2|3 1 3 1 1 1 2 2 3 1 2 2 2 1 1|2 2 2 2 2 2 2 2 1 2 2 2 3 2 1|2 2 2 2 2 2 1 2 2 2 2 3 2 3 2|2 2 3 1 2 2 3 1 2 2 2 2 2 1 2|2 2 2 2 2 2 1 3 2 2 3 2 1 3 2|2 2 2 2 2 2 1 1 1 2 1 2 2 3 2|2 2 2 1 2 1 2 2 3 3 2 2 2 1 2

第23个最优解：
Iter = 561
Nfe = 89835
Fitness = 94.95290555347623
The number of total device = 960
The number of various devices = 64 64 64 64 64 64 64 64 64 64 64 64 64 64 64
The scheme of allocation = 1 3 2 2 2 3 2 2 1 1 1 2 2 2 2|2 2 2 1 3 2 2 2 2 2 3 2 3 1 2|2 2 3 2 2 2 1 1 3 2 2 2 3 2 3|2 3 3 2 2 1 1 2 2 2 1 2 2 3 1|1 3 2 1 3 2 2 2 2 1 2 1 1 1 1|2 2 2 2 3 1 1 3 2 2 2 4 2 2 2|2 2 2 1 3 2 3 2 2 1 2 3 1 1 1|3 2 2 2 2 2 3 2 2 2 1 2 2 2 2|2 3 2 2 1 2 1 2 2 3 2 1 2 2 1|2 2 2 2 3 1 2 2 3 2 3 2 2 3 2|2 2 2 2 3 2 2 2 2 2 2 1 2 2 2|2 1 1 2 2 2 3 1 1 2 2 2 1 2 2|2 2 2 2 2 4 2 2 1 2 2 2 1 3 3|2 1 2 3 1 2 1 2 2 2 1 2 2 2 2|2 2 2 3 1 3 2 2 2 2 3 2 2 2 2|1 2 2 3 3 2 2 2 2 3 2 3 2 2 1|2 1 1 1 2 2 1 3 2 2 2 3 2 2 2|3 2 2 2 2 3 2 2 2 3 2 2 3 2 1|2 2 2 2 2 2 2 2 3 1 2 2 1 2 3|2 3 2 1 1 2 2 3 4 2 2 3 2 1 2|2 2 2 2 3 2 2 2 2 3 2 2 2 2 2|2 1 2 3 2 2 2 2 1 2 3 3 3 2 2|1 1 1 3 1 2 3 2 2 2 2 1 2 2 2|3 1 2 2 2 2 2 2 2 2 2 1 3 2 2|2 2 2 2 2 1 1 2 2 2 2 1 3 2 3|1 2 3 2 1 2 3 2 2 2 1 1 2 2 1|3 2 2 2 2 3 2 2 2 2 3 2 1 2 2|2 2 2 2 1 1 2 2 2 2 2 2 2 1 3|2 2 2 1 2 1 2 2 1 2 2 2 2 3 3|3 2 1 3 2 2 3 1 2 2 2 2 2 2 4|2 2 3 2 1 2 2 2 2 2 2 3 2 3 1|2 3 2 2 2 2 3 2 2 2 2 1 2 2 2

第24个最优解：
Iter = 563
Nfe = 90244
Fitness = 93.99128439183399
The number of total device = 960
The number of various devices = 64 64 64 64 64 64 64 64 64 64 64 64 64 64 64
The scheme of allocation = 3 1 3 3 3 2 1 1 1 1 2 3 2 2 2|2 2 1 2 1 1 2 3 1 2 2 3 3 2 2|1 2 2 3 2 1 3 1 3 1 2 2 1 2 2|2 2 2 2 2 3 3 3 2 2 2 2 2 1 3|3 2 1 3 2 2 2 3 3 2 2 2 2 3 4|2 1 3 2 2 2 2 2 2 2 3 2 3 1 2|3 1 2 1 2 2 1 2 1 2 3 3 3 2 1|2 2 1 2 2 1 2 3 2 1 3 2 2 2 3|3 1 2 1 2 2 2 2 3 2 2 1 2 1 3|1 2 2 3 2 2 4 2 2 3 1 2 1 3 3|2 3 2 2 2 3 2 2 3 2 2 2 1 2 1|2 4 1 4 2 1 2 3 2 1 1 2 2 2 3|2 1 2 1 2 2 1 1 1 2 2 2 2 3 1|1 2 2 2 1 2 1 2 2 1 2 2 2 1 2|3 3 1 2 2 2 2 2 2 3 2 1 3 1 2|2 2 3 1 2 2 3 2 2 2 2 3 2 4 1|1 3 2 2 2 1 3 2 3 2 2 2 2 3 2|3 2 2 3 2 2 3 4 3 1 2 3 2 1 2|1 2 2 2 3 2 2 1 1 3 3 1 2 2 2|2 2 2 1 3 2 2 1 1 4 1 1 1 2 2|3 1 2 2 1 2 4 2 2 2 4 2 2 3 2|3 2 3 2 3 1 1 2 3 3 2 3 2 1 2|2 2 1 1 1 3 1 2 2 3 2 2 2 2 1|2 3 2 2 2 2 1 2 0 2 2 1 2 3 2|3 2 1 2 2 1 2 1 3 2 1 2 2 1 2|2 3 4 1 2 3 2 1 1 1 1 1 3 2 2|2 2 3 3 2 4 2 2 2 2 2 1 1 1 1|1 2 3 3 2 1 2 1 3 1 3 1 2 2 2|1 2 1 1 2 2 1 2 3 2 1 3 1 2 2|2 1 3 2 3 3 3 3 2 3 1 2 2 3 2|1 2 1 1 2 3 2 2 2 3 2 2 2 2 1|1 2 2 2 1 2 0 2 1 1 2 3 3 2 2

第25个最优解：
Iter = 589
Nfe = 94134
Fitness = 94.46429791369073
The number of total device = 960
The number of various devices = 64 64 64 64 64 64 64 64 64 64 64 64 64 64 64
The scheme of allocation = 3 2 2 3 2 2 1 3 2 2 3 2 2 1 3|2 2 3 3 2 1 2 2 3 2 3 2 2 3 2|2 2 3 2 2 3 1 3 1 3 1 2 2 2 2|2 3 1 2 2 2 1 1 2 2 2 1 2 2 2|1 2 1 1 2 2 2 2 1 2 2 2 2 2 2|4 2 1 2 3 1 2 3 3 2 2 1 3 2 2|3 2 3 2 1 2 2 1 3 2 2 3 2 4 2|1 4 1 2 2 2 3 1 3 2 3 1 2 2 2|2 3 2 2 2 2 2 3 2 3 3 2 2 2 1|2 2 2 2 2 2 2 2 2 2 2 2 1 2 2|2 3 2 2 3 2 1 2 2 3 3 3 1 2 2|2 2 2 2 3 2 2 2 2 1 2 1 2 2 2|2 2 2 2 2 3 2 2 1 1 1 1 2 2 2|3 2 3 2 1 2 2 2 3 2 2 2 2 2 2|3 2 3 1 2 1 3 2 3 1 1 2 2 1 2|2 1 1 2 2 3 2 2 2 2 3 2 1 2 3|2 1 1 1 5 2 2 1 2 3 1 1 3 2 2|2 2 2 2 2 1 1 1 2 2 1 2 3 3 2|2 1 2 3 2 2 3 1 1 3 1 3 1 2 3|2 2 3 2 2 2 3 2 3 2 2 2 2 2 2|1 2 2 2 1 1 2 3 2 2 3 2 3 2 3|2 1 2 1 2 4 1 2 2 2 2 3 1 1 2|2 3 2 4 1 1 1 2 2 1 3 3 4 1 2|1 2 2 2 2 2 2 2 1 1 2 1 1 1 2|2 2 2 1 1 2 2 1 1 2 1 3 2 1 1|2 1 2 1 2 2 3 4 2 3 2 2 2 4 2|1 1 2 2 2 2 2 2 1 2 2 2 2 1 2|2 2 1 3 1 3 3 2 2 2 2 3 2 2 2|1 2 3 2 2 3 2 3 2 2 3 2 3 2 1|2 2 2 2 2 1 3 1 3 1 1 2 1 2 2|2 3 1 2 2 2 1 2 2 2 1 2 2 2 1|2 1 3 2 2 2 3 2 1 2 2 2 2 3 2

第26个最优解：
Iter = 465
Nfe = 74317
Fitness = 94.58588984992286
The number of total device = 960
The number of various devices = 64 64 64 64 64 64 64 64 64 64 64 64 64 64 64
The scheme of allocation = 2 3 1 3 3 2 1 1 2 2 2 2 2 1 3|1 2 4 2 2 1 2 1 2 1 3 2 2 2 2|2 2 3 2 2 2 2 2 2 1 2 2 3 2 3|2 2 1 2 1 3 2 3 2 3 2 2 2 1 2|2 1 2 1 2 2 2 3 2 2 3 2 1 1 2|2 2 2 3 1 2 2 2 2 3 1 2 2 2 2|2 2 2 2 1 2 2 2 2 2 3 2 2 3 2|2 2 2 2 2 2 2 3 1 2 2 2 2 1 2|2 2 2 1 2 2 1 2 1 2 2 3 1 2 1|2 3 2 2 2 2 1 2 2 2 2 1 3 2 2|1 3 2 2 3 3 2 3 2 3 2 2 3 2 1|1 1 2 1 3 3 1 1 2 2 3 3 3 2 2|3 2 2 2 3 1 2 3 3 3 1 3 2 2 2|2 2 2 2 1 2 2 1 3 3 2 1 2 2 2|2 2 2 2 2 3 2 2 2 2 2 2 2 2 2|2 2 2 2 2 3 2 3 2 1 1 1 2 2 2|2 2 2 2 2 1 2 1 3 2 1 2 4 2 1|2 2 2 2 1 2 3 3 2 2 1 2 2 2 2|2 2 2 3 1 2 1 2 2 2 1 2 2 2 2|2 2 2 2 1 2 3 2 2 2 2 2 1 2 2|1 1 1 2 3 3 2 2 2 2 2 2 2 2 3|3 1 2 2 1 2 2 2 2 1 3 3 2 2 2|1 2 2 2 2 2 3 2 1 1 2 1 1 2 2|2 2 2 3 3 1 2 2 2 3 3 2 2 2 2|2 2 2 2 3 2 2 2 2 1 2 2 2 2 2|2 3 2 1 2 2 3 2 2 2 3 3 2 3 2|2 2 2 1 2 2 2 1 4 1 1 2 3 2 2|3 1 3 2 3 1 1 3 2 2 1 1 1 2 1|2 2 3 3 2 2 2 1 3 2 2 2 1 2 3|3 3 2 1 2 3 3 2 1 2 2 2 2 2 1|3 2 1 3 2 0 2 1 1 3 3 3 2 3 3|2 2 1 2 2 2 3 2 1 2 2 1 1 3 2

第27个最优解：
Iter = 539
Nfe = 86510
Fitness = 94.63247973772006
The number of total device = 960
The number of various devices = 64 64 64 64 64 64 64 64 64 64 64 64 64 64 64
The scheme of allocation = 2 3 2 2 2 3 3 2 1 1 2 3 1 1 2|2 1 2 3 1 2 2 2 1 2 2 3 2 1 1|2 2 2 2 2 1 2 3 1 2 2 2 3 3 2|2 2 2 2 3 2 2 3 1 2 2 3 3 2 1|2 3 1 1 2 2 2 1 2 2 2 2 2 3 3|2 2 2 2 2 3 2 1 2 1 2 3 2 3 2|2 3 2 2 2 3 2 2 3 3 2 2 2 2 2|2 3 3 3 2 2 3 3 2 3 2 2 2 1 1|3 1 2 3 3 1 1 2 2 2 2 2 3 3 2|1 1 2 3 3 1 2 2 2 2 2 1 1 2 2|3 2 2 2 1 2 1 2 2 3 2 2 2 3 2|2 2 2 2 2 2 1 2 2 2 2 1 3 2 2|3 2 2 1 2 2 2 2 1 1 3 2 2 3 2|3 2 2 2 2 2 2 2 1 1 2 3 2 1 2|2 1 1 2 2 3 2 3 2 2 2 1 3 1 3|1 1 1 1 2 1 2 2 1 2 1 2 2 3 1|3 2 3 3 2 2 2 2 1 2 2 2 2 1 2|1 2 2 3 2 3 2 1 1 2 3 2 1 3 1|1 1 2 2 2 2 2 2 3 2 2 1 2 2 2|2 2 2 2 2 2 2 2 2 2 3 2 1 2 2|3 2 2 1 2 3 2 3 2 3 1 3 2 2 2|2 2 3 2 3 1 4 2 2 2 1 2 2 1 3|1 1 2 2 1 2 2 2 3 1 2 1 1 1 1|2 2 3 2 1 2 2 1 3 2 2 1 3 2 2|1 2 1 1 2 1 1 2 3 2 1 3 2 2 2|2 3 1 2 2 2 3 2 2 2 2 2 2 2 3|2 2 2 1 2 2 2 2 2 3 2 2 2 2 2|2 4 2 3 2 2 2 3 3 3 2 3 2 1 2|2 2 2 2 2 2 3 1 3 2 3 1 2 3 3|1 2 2 2 2 2 2 1 3 2 2 1 2 2 2|2 2 2 1 2 2 1 2 3 1 1 2 2 1 3|3 2 3 2 2 2 1 2 2 2 3 2 1 3 2

第28个最优解：
Iter = 579
Nfe = 93029
Fitness = 94.64041311417894
The number of total device = 960
The number of various devices = 64 64 64 64 64 64 64 64 64 64 64 64 64 64 64
The scheme of allocation = 2 3 2 2 2 2 2 3 2 2 2 2 3 2 3|2 3 2 1 2 2 2 2 1 2 3 2 2 1 2|2 1 2 2 2 2 2 2 2 3 2 2 2 1 1|1 2 3 2 2 2 2 2 2 3 2 2 1 2 3|2 2 2 2 2 2 2 2 2 1 2 3 2 3 2|2 1 2 2 2 2 3 2 2 1 2 1 3 3 2|2 2 2 1 3 3 2 2 1 2 2 3 3 1 2|2 2 3 2 2 2 1 1 2 1 3 2 1 2 2|2 2 2 2 2 2 2 3 2 2 3 2 2 3 1|3 3 1 2 2 2 2 2 3 3 1 1 1 3 1|2 1 2 1 2 2 2 2 2 1 1 1 2 2 2|2 2 2 3 1 2 2 2 2 1 2 3 1 2 2|2 2 3 2 2 2 2 1 2 1 2 2 2 3 2|2 1 2 1 1 1 2 2 2 2 2 2 2 3 2|2 2 2 2 1 1 2 4 3 2 2 2 2 3 2|2 3 2 3 2 2 2 2 4 2 2 3 2 1 3|2 2 1 1 2 1 1 2 3 2 2 1 2 2 2|2 3 2 2 1 1 2 2 1 2 2 1 1 2 3|1 3 2 3 2 2 2 1 3 3 2 1 4 2 2|2 2 2 1 2 2 2 2 1 2 1 2 1 2 2|2 1 3 2 2 2 2 3 1 1 2 2 2 1 2|2 2 2 2 2 2 3 2 1 3 2 2 2 2 2|3 3 1 2 2 2 2 2 2 3 2 2 3 1 2|4 1 1 2 2 2 3 2 1 3 1 2 2 1 2|2 2 2 2 3 3 1 1 1 1 2 3 2 2 1|1 2 3 2 3 1 3 3 3 2 2 3 2 3 3|2 2 2 2 4 2 2 1 3 1 3 3 3 2 2|2 2 2 2 2 3 3 1 2 2 1 2 2 1 2|2 2 2 3 2 3 2 2 2 2 2 1 1 2 2|2 2 2 2 2 3 2 2 2 2 2 2 2 2 1|1 2 2 3 1 2 1 1 2 3 3 2 1 2 2|2 1 1 3 2 2 1 3 2 3 2 2 3 2 2

第29个最优解：
Iter = 417
Nfe = 67065
Fitness = 94.76309660417898
The number of total device = 960
The number of various devices = 64 64 64 64 64 64 64 64 64 64 64 64 64 64 64
The scheme of allocation = 2 2 2 2 2 2 2 3 2 2 2 2 2 3 1|2 2 2 2 1 2 3 2 2 2 3 3 1 2 1|3 2 2 2 2 2 2 3 2 3 2 2 3 1 2|2 3 2 2 2 2 2 2 1 2 2 2 3 2 2|1 3 1 2 2 2 3 1 1 1 2 1 3 2 2|2 1 1 2 2 2 1 3 1 2 2 2 2 3 2|2 2 3 3 2 2 2 1 1 2 1 2 2 1 2|1 1 2 2 2 2 2 4 2 3 2 1 2 3 3|2 2 2 2 2 2 3 1 1 1 2 2 2 2 2|2 1 3 3 1 1 2 3 3 2 2 3 2 3 2|1 2 1 2 2 1 2 3 1 2 1 2 2 2 2|3 1 1 2 2 1 2 2 3 2 1 2 2 2 3|2 2 3 2 2 2 2 2 3 2 3 2 2 3 3|1 2 3 2 1 2 3 1 2 2 3 3 2 2 2|3 2 1 2 2 2 2 1 1 2 3 2 1 1 1|2 2 2 1 2 2 2 2 2 2 2 1 1 2 2|2 2 2 2 2 2 2 2 1 2 2 2 2 3 3|3 1 3 2 2 3 2 2 3 3 2 2 2 2 2|3 2 1 2 2 2 2 1 2 2 1 2 3 1 2|1 2 2 2 1 3 2 2 2 2 2 2 1 2 2|2 2 2 2 3 2 1 1 2 3 3 3 2 2 2|2 2 2 1 3 3 2 2 3 1 2 2 2 2 2|2 1 2 3 2 2 2 2 2 2 2 3 2 1 2|3 2 2 2 2 1 2 2 1 1 2 3 2 1 3|2 3 2 2 3 2 2 2 3 2 3 1 2 2 2|2 1 2 0 3 2 1 2 3 2 2 1 2 2 2|2 3 2 3 2 2 1 2 3 2 1 1 2 2 1|1 2 3 2 2 2 3 3 2 2 2 2 2 2 3|1 2 2 2 2 3 1 1 3 2 3 3 1 2 1|2 3 1 2 2 2 2 1 2 2 1 1 3 2 2|3 2 3 2 2 2 2 2 2 3 1 2 2 3 2|2 4 2 2 2 2 2 3 2 1 2 2 2 1 1

第30个最优解：
Iter = 462
Nfe = 73991
Fitness = 94.56407585192868
The number of total device = 960
The number of various devices = 64 64 64 64 64 64 64 64 64 64 64 64 64 64 64
The scheme of allocation = 3 1 1 3 3 3 2 2 2 2 3 1 4 2 2|2 3 2 2 1 4 1 2 4 2 2 2 2 1 2|2 2 3 2 2 2 3 2 1 2 2 2 2 2 2|2 2 2 2 1 1 2 2 2 1 2 2 2 2 4|1 2 2 3 2 2 2 2 2 2 2 2 3 2 2|2 2 2 1 2 2 1 1 1 2 1 1 2 2 2|2 2 1 1 1 2 4 2 2 2 3 3 2 1 2|1 2 2 2 2 1 3 2 2 1 2 2 2 3 2|1 2 2 2 1 2 2 3 2 2 3 2 1 3 2|2 2 2 1 2 3 1 2 3 2 2 2 2 2 2|2 1 3 1 3 2 2 1 1 2 2 2 1 1 2|2 2 2 2 2 3 2 2 2 2 3 1 2 2 2|2 3 2 1 3 2 2 2 2 3 2 1 2 2 3|2 3 2 1 1 2 1 2 2 2 2 4 3 2 2|3 2 2 2 3 1 2 2 3 3 2 1 2 3 3|2 2 2 3 2 2 2 2 3 1 2 2 2 1 1|2 1 2 2 2 2 2 3 2 2 3 4 2 2 1|2 2 2 1 3 2 2 2 1 3 1 2 2 1 1|1 2 2 1 1 2 3 2 2 2 1 2 2 2 2|1 1 3 2 2 2 2 2 1 2 3 2 1 3 1|2 2 2 4 2 2 3 2 2 1 1 2 1 3 2|2 2 1 2 2 2 1 2 2 2 2 1 2 3 1|2 2 2 2 2 3 2 2 1 2 2 2 2 2 2|1 2 3 3 2 2 2 2 2 2 1 2 2 1 3|3 2 2 1 2 2 1 1 2 2 2 2 2 3 2|2 2 1 2 1 3 3 1 2 3 2 2 2 2 2|2 1 3 2 3 1 2 3 3 3 2 2 2 1 1|3 3 1 3 3 1 2 3 1 2 2 2 2 3 2|3 3 2 2 3 2 2 2 3 1 2 3 2 1 2|3 2 2 3 2 0 2 2 2 2 1 2 3 2 3|1 1 2 2 1 2 2 2 2 2 2 2 1 2 2|3 3 2 3 2 2 1 2 2 2 2 2 2 2 2

第31个最优解：
Iter = 609
Nfe = 97516
Fitness = 93.97604711159391
The number of total device = 960
The number of various devices = 64 64 64 64 64 64 64 64 64 64 64 64 64 64 64
The scheme of allocation = 1 3 2 2 2 1 1 1 2 2 3 3 3 2 3|3 2 3 2 1 1 0 2 2 2 2 2 2 2 3|2 2 1 3 2 3 1 5 3 3 2 2 2 2 2|2 1 2 3 1 1 3 2 2 1 3 0 3 3 1|1 2 3 3 2 2 2 1 2 2 2 2 2 1 2|2 2 1 3 1 2 4 3 2 3 1 2 2 3 1|3 2 2 2 2 3 2 3 2 2 2 2 1 2 3|1 2 2 2 2 2 2 2 2 2 2 3 2 2 2|2 4 2 2 1 2 2 2 1 3 3 1 1 2 1|2 1 3 2 2 1 1 2 1 1 2 3 2 2 2|4 3 2 2 2 1 2 3 2 1 2 1 2 2 2|2 1 3 2 2 3 1 1 3 3 2 3 2 2 2|1 1 2 2 2 1 2 2 1 2 1 2 2 1 3|1 2 3 1 1 2 1 2 1 1 1 3 2 2 1|3 2 3 1 3 1 2 1 2 1 3 2 2 2 2|3 3 2 2 1 2 2 1 2 3 2 2 2 2 3|2 1 2 2 2 3 2 2 1 2 2 1 2 2 3|1 2 1 2 3 2 1 2 2 1 2 2 2 2 2|3 2 2 2 2 3 2 2 3 3 3 2 3 2 2|2 2 2 1 2 2 2 2 3 2 2 3 1 2 2|1 1 1 2 2 1 4 3 1 2 2 3 1 2 2|1 2 1 2 3 3 2 2 3 3 1 2 1 2 2|2 2 2 2 2 2 1 1 3 2 2 1 3 2 2|2 3 2 2 3 2 2 1 2 1 2 1 2 2 2|2 2 2 2 2 2 3 2 2 0 2 2 2 2 1|2 3 3 1 2 2 2 2 2 2 2 1 3 1 1|3 1 2 2 2 2 2 2 3 3 1 3 3 2 2|2 2 2 3 2 2 3 2 2 2 3 2 2 2 1|2 3 2 1 3 2 3 2 2 2 1 1 2 4 2|3 1 1 2 3 2 2 2 1 3 2 2 3 2 2|1 2 2 1 2 4 2 2 2 1 1 2 1 2 3|2 2 1 3 2 2 3 2 2 3 3 3 1 1 2

第32个最优解：
Iter = 622
Nfe = 99707
Fitness = 94.73864782224071
The number of total device = 960
The number of various devices = 64 64 64 64 64 64 64 64 64 64 64 64 64 64 64
The scheme of allocation = 2 2 1 2 1 2 2 2 3 2 2 2 1 2 2|2 2 2 3 2 3 2 2 2 1 2 2 2 1 2|2 2 2 2 2 2 2 3 2 3 2 2 2 3 1|2 2 1 1 3 2 2 2 2 1 1 2 2 2 2|1 3 2 2 3 2 1 1 1 2 2 3 1 3 2|2 2 1 2 2 4 2 2 2 2 2 3 2 3 2|2 2 2 2 3 2 2 2 2 2 2 2 3 2 3|2 2 2 1 1 2 2 1 1 2 1 1 3 2 1|3 2 2 2 2 3 2 2 1 1 2 2 2 2 2|1 2 2 2 2 2 2 1 3 1 2 2 1 2 1|2 2 1 2 2 1 2 1 1 3 2 2 2 2 2|2 2 1 1 2 2 3 3 3 3 2 2 2 1 2|2 1 3 2 3 1 2 3 2 1 1 2 2 3 2|2 3 3 4 1 2 3 1 1 1 2 1 2 2 1|2 1 3 2 1 3 3 2 3 1 1 2 2 3 3|1 2 1 2 2 2 1 3 1 3 2 2 3 3 2|2 2 2 2 3 2 2 2 2 2 2 2 2 2 2|3 2 1 2 1 2 1 3 1 1 1 2 3 2 2|2 2 2 1 2 2 1 2 2 2 2 3 2 1 2|2 1 2 2 1 1 2 2 2 1 2 2 2 2 1|2 2 2 2 2 2 2 3 3 3 2 3 2 1 2|3 2 2 2 2 1 2 1 3 1 3 2 1 3 1|2 3 2 1 2 2 2 2 3 2 4 1 2 1 2|2 3 3 3 2 2 2 2 2 3 2 1 1 2 2|2 2 2 2 2 1 3 2 2 2 2 2 2 3 3|1 3 2 2 1 1 2 2 3 3 2 2 2 3 2|3 1 2 2 2 2 2 2 1 2 3 3 3 1 2|2 2 4 2 2 2 2 2 2 3 2 3 2 2 3|2 2 2 2 2 1 2 2 2 2 2 1 2 1 2|2 1 2 2 2 2 2 2 2 2 2 1 2 2 2|2 3 3 3 3 4 2 2 1 3 3 2 2 1 4|2 1 2 2 3 2 2 2 3 3 2 2 2 1 2

第33个最优解：
Iter = 561
Nfe = 89945
Fitness = 94.34904440469225
The number of total device = 960
The number of various devices = 64 64 64 64 64 64 64 64 64 64 64 64 64 64 64
The scheme of allocation = 2 2 1 2 2 1 3 3 2 3 2 1 3 2 2|2 3 2 2 2 2 2 2 3 2 3 3 3 2 2|2 2 2 2 2 3 2 2 2 0 3 3 2 1 2|2 2 1 2 1 2 3 3 2 2 2 3 3 2 2|2 2 2 1 2 2 2 1 3 3 2 2 2 2 1|2 1 2 2 2 2 2 1 3 3 1 2 3 2 2|2 2 4 2 2 2 2 2 3 2 1 2 2 1 2|2 3 1 2 1 1 2 2 1 2 1 2 2 2 2|2 2 2 2 3 2 2 2 2 2 1 3 3 2 1|2 1 1 2 2 2 2 2 2 1 3 2 1 1 2|2 2 2 3 2 2 1 3 1 2 1 2 1 2 3|2 1 4 2 2 3 2 3 2 1 1 1 2 2 2|2 2 2 2 2 0 2 3 1 1 1 2 2 2 1|2 2 3 2 2 1 2 3 2 2 3 1 2 2 2|1 1 2 2 2 2 2 3 2 3 2 2 1 2 3|3 2 2 2 2 1 2 2 1 3 2 2 2 1 2|2 2 2 2 3 4 2 1 1 2 2 2 1 2 2|2 2 1 3 2 2 1 1 1 2 1 2 2 3 3|2 3 2 2 2 2 1 2 3 3 3 2 2 2 1|1 1 2 2 3 1 3 1 2 2 2 2 2 2 1|3 1 1 3 1 1 3 2 1 2 2 3 2 3 1|3 3 3 2 2 3 1 2 1 2 2 1 2 3 2|2 2 3 1 2 3 2 2 3 1 3 2 1 3 2|2 2 2 2 3 2 3 1 2 2 3 2 2 1 3|3 3 2 3 3 2 2 2 2 2 4 1 1 2 1|1 2 2 1 1 2 3 2 2 1 3 2 3 2 2|1 2 1 1 1 3 2 2 3 3 2 2 2 2 2|2 2 2 3 2 2 1 3 2 1 2 2 2 2 3|1 2 2 2 2 3 2 2 2 3 0 2 1 2 2|3 2 2 2 2 2 1 1 2 2 2 1 2 3 3|2 2 2 1 2 2 2 1 2 2 2 2 2 2 2|2 3 2 2 2 2 2 2 3 2 2 3 3 2 3

第34个最优解：
Iter = 509
Nfe = 81395
Fitness = 94.7088184952484
The number of total device = 960
The number of various devices = 64 64 64 64 64 64 64 64 64 64 64 64 64 64 64
The scheme of allocation = 4 2 2 3 2 3 2 1 2 2 2 2 2 4 1|2 2 3 2 3 3 2 2 2 3 2 5 2 2 2|3 3 1 3 1 3 3 1 2 2 2 2 2 2 2|1 3 1 2 2 3 2 1 2 2 3 2 1 3 2|1 2 2 3 2 1 2 3 1 1 3 2 2 1 2|1 2 4 2 1 2 2 2 2 3 2 3 1 2 2|2 1 3 2 2 1 2 2 2 3 2 2 2 2 2|3 2 1 2 3 2 2 3 1 2 2 3 2 2 4|2 2 1 2 3 2 2 3 2 1 2 2 3 1 1|3 2 2 2 2 2 2 1 2 2 2 2 2 2 3|1 2 2 2 2 2 2 2 1 1 2 2 2 2 2|2 3 2 2 3 2 2 2 3 2 2 2 2 2 2|2 2 3 2 1 2 2 2 3 2 2 2 1 1 2|1 2 3 2 2 2 2 2 2 2 1 1 2 2 2|1 3 2 3 1 2 2 2 2 2 2 1 2 2 2|2 1 2 1 2 2 3 1 2 1 1 1 2 2 1|2 3 3 1 3 2 3 1 3 2 2 1 2 2 2|3 2 3 2 2 2 2 3 3 2 2 3 3 2 2|2 2 1 4 2 2 2 3 2 1 2 2 3 2 1|2 2 2 2 2 2 2 1 1 2 1 1 2 1 2|1 2 2 3 2 1 3 3 2 2 3 3 2 1 2|2 1 1 2 4 3 2 1 3 1 2 2 2 4 3|2 2 3 2 1 2 1 4 2 3 1 1 2 3 2|2 2 1 1 2 2 1 2 1 2 2 1 2 2 1|2 1 1 2 2 2 2 3 2 3 1 2 2 2 2|2 2 2 1 2 1 1 2 3 3 1 3 1 1 1|1 1 2 1 2 1 2 2 1 1 3 2 2 2 2|3 2 2 1 2 2 2 2 1 1 3 2 2 2 3|3 2 1 2 1 2 2 2 2 3 2 2 2 2 2|1 2 2 2 1 2 2 2 2 2 2 2 3 2 3|3 2 2 2 3 2 2 2 2 3 2 2 2 2 2|2 2 2 1 1 2 1 1 3 2 3 1 2 2 2

第35个最优解：
Iter = 592
Nfe = 95161
Fitness = 94.37521879995187
The number of total device = 960
The number of various devices = 64 64 64 64 64 64 64 64 64 64 64 64 64 64 64
The scheme of allocation = 2 2 3 2 2 2 2 1 2 2 2 2 2 1 2|2 2 2 3 1 2 3 3 3 2 2 2 2 2 2|2 1 3 2 3 1 2 2 3 1 2 2 3 3 1|2 2 1 3 1 2 2 2 2 2 1 2 3 2 2|3 1 2 2 2 2 2 2 2 2 2 4 2 1 1|3 2 2 1 2 2 2 4 1 2 1 3 2 2 2|1 2 2 2 3 2 2 2 2 2 2 3 2 1 2|4 2 3 2 2 2 2 1 1 2 2 3 2 2 2|2 3 3 2 2 2 1 2 2 2 2 1 1 3 2|4 2 2 3 2 1 1 2 2 4 2 2 3 2 2|2 4 2 3 2 2 2 1 2 2 2 2 3 2 2|1 2 2 2 1 2 3 2 4 2 2 2 2 1 3|1 2 2 1 2 3 2 3 2 2 2 1 2 2 3|1 2 1 1 3 2 2 3 1 3 2 2 2 1 3|1 3 2 2 2 3 1 2 1 2 1 2 2 1 1|3 2 3 1 2 2 2 2 3 2 2 1 2 2 3|2 3 2 3 2 2 1 2 2 3 4 2 2 3 3|0 2 1 3 2 2 3 2 2 3 2 1 2 3 2|1 1 2 1 2 2 3 1 1 2 1 2 2 2 2|2 1 2 1 3 3 3 2 2 2 2 2 3 2 1|3 2 2 2 2 2 3 1 3 1 3 2 2 2 1|1 2 2 1 2 2 1 2 3 2 1 2 1 1 0|3 2 2 3 2 2 1 2 2 2 3 2 2 2 2|2 2 2 1 1 1 2 2 2 1 2 2 2 1 2|3 2 2 2 2 2 2 2 2 1 2 2 2 3 2|2 1 1 2 3 2 2 2 2 2 3 3 2 2 2|2 2 3 3 2 2 2 2 2 2 2 1 2 3 2|2 2 2 3 3 2 2 2 2 1 2 1 2 2 3|2 2 1 2 1 2 2 1 1 2 1 2 1 2 2|1 2 1 1 1 2 2 1 2 2 2 3 2 2 2|2 2 2 2 1 1 2 3 2 1 2 2 1 2 3|2 2 2 2 3 3 2 3 1 3 3 1 1 4 2

第36个最优解：
Iter = 572
Nfe = 91850
Fitness = 94.19588775529296
The number of total device = 960
The number of various devices = 64 64 64 64 64 64 64 64 64 64 64 64 64 64 64
The scheme of allocation = 2 1 2 1 1 3 2 3 2 3 2 1 1 3 2|2 2 1 2 2 3 2 2 2 2 3 3 1 2 1|2 2 3 2 2 1 3 1 1 3 3 4 2 3 2|3 3 2 2 1 2 3 2 2 2 1 3 3 2 2|3 2 2 3 2 3 1 2 2 3 3 2 2 1 3|2 3 1 1 1 3 3 2 2 3 2 2 2 2 2|2 2 2 2 1 2 1 2 1 2 3 4 2 2 1|1 2 2 3 2 2 1 1 3 1 2 2 2 2 1|2 3 2 2 2 1 2 2 3 1 2 2 2 3 1|2 2 2 2 2 2 1 2 2 3 2 1 2 3 3|2 2 2 1 2 2 3 2 2 1 3 1 2 1 1|1 1 2 2 2 2 2 2 2 1 2 1 1 1 1|2 3 2 1 1 2 1 3 1 2 2 2 2 2 3|2 1 2 2 3 2 2 3 2 2 2 1 2 3 2|2 1 2 2 2 3 3 1 2 2 2 1 2 1 1|3 2 2 2 2 1 2 3 1 1 2 3 2 2 2|2 3 2 2 2 3 1 3 2 2 2 3 1 2 1|2 2 2 2 3 1 2 2 3 2 2 2 2 2 2|2 1 2 2 2 2 2 2 3 3 1 3 3 2 3|2 1 1 1 3 2 3 2 2 2 2 2 2 1 4|1 2 2 2 3 2 1 1 2 2 2 2 2 2 2|3 3 2 2 2 3 2 2 2 4 1 2 3 3 2|2 1 2 3 2 2 2 2 1 2 2 2 1 3 2|2 2 1 3 3 0 2 2 2 1 2 1 1 1 2|2 1 3 1 1 2 2 2 2 1 1 2 3 2 2|2 2 3 4 3 2 2 2 3 2 2 2 2 3 2|3 2 2 2 2 2 3 2 2 1 1 2 2 2 2|2 3 2 3 1 1 1 2 2 3 2 2 1 2 4|1 1 2 3 2 2 2 1 2 2 2 2 3 1 2|1 2 2 1 2 2 3 2 2 2 2 2 2 2 2|1 2 3 2 3 2 2 3 2 1 2 1 3 2 2|3 4 2 1 2 2 2 1 2 2 2 1 3 1 2

第37个最优解：
Iter = 259
Nfe = 41503
Fitness = 93.88423788841783
The number of total device = 960
The number of various devices = 64 64 64 64 64 64 64 64 64 64 64 64 64 64 64
The scheme of allocation = 2 2 1 1 2 1 2 3 0 1 1 2 2 4 3|2 2 2 1 2 3 2 2 2 2 3 2 2 4 2|2 2 2 2 2 2 2 2 2 2 3 3 1 2 3|2 1 2 2 2 2 2 1 2 2 3 3 2 1 3|1 2 2 3 3 3 3 2 1 2 1 2 1 1 1|2 3 2 2 2 2 2 2 2 3 2 2 2 2 1|4 1 2 2 2 3 3 1 3 2 2 1 2 1 2|3 2 3 3 1 1 2 2 3 2 2 2 2 2 1|1 1 1 2 2 3 2 1 3 2 2 2 3 2 3|1 3 3 3 2 3 3 2 2 2 2 2 1 3 2|2 2 2 2 3 2 1 2 2 2 3 2 2 3 2|2 2 3 2 3 2 2 2 3 2 2 2 2 2 2|2 2 0 1 2 2 1 3 2 2 2 3 2 2 1|2 2 1 2 2 1 4 2 2 2 2 1 3 1 3|2 1 3 3 2 2 1 1 1 3 2 1 2 2 1|1 2 2 1 2 2 2 1 2 2 2 2 3 2 2|2 1 3 2 3 1 2 3 2 3 2 2 2 2 3|2 3 1 2 2 1 2 3 2 2 2 2 1 3 1|1 2 3 2 3 2 1 3 2 2 1 2 2 2 2|2 3 2 2 1 2 1 3 2 1 2 3 2 2 2|2 2 2 2 1 1 1 2 2 2 2 2 1 3 0|3 2 2 3 2 2 1 3 2 1 2 3 2 1 2|2 1 1 1 1 2 3 2 3 2 3 3 4 2 2|2 4 3 2 2 2 1 1 1 2 2 2 2 2 1|1 2 2 1 1 1 2 2 2 1 3 3 2 1 2|2 2 2 2 2 2 3 2 2 2 1 2 2 2 3|5 4 2 3 1 3 1 1 2 1 2 1 2 3 3|2 2 2 1 2 2 2 2 2 2 3 2 2 2 2|1 1 2 2 4 2 2 2 2 2 2 2 2 1 1|2 1 1 3 1 3 3 1 2 2 2 1 2 1 3|2 2 2 2 3 3 3 2 1 3 0 1 2 2 2|2 2 3 2 1 1 2 3 3 3 1 1 2 1 3

第38个最优解：
Iter = 314
Nfe = 50504
Fitness = 94.12468302517846
The number of total device = 960
The number of various devices = 64 64 64 64 64 64 64 64 64 64 64 64 64 64 64
The scheme of allocation = 3 2 3 2 2 2 3 1 2 2 2 3 2 3 2|3 2 2 3 2 1 1 2 3 2 1 2 3 1 2|4 2 2 2 3 2 2 2 2 4 2 2 2 2 3|3 2 2 2 3 2 2 2 3 1 3 2 2 2 1|2 2 1 2 2 2 2 3 2 2 2 2 3 1 2|2 2 3 3 2 2 3 2 4 2 4 3 2 1 2|2 2 3 1 2 4 2 3 3 2 2 2 1 2 1|1 2 2 1 3 1 1 2 2 2 3 2 1 3 1|3 3 2 2 2 1 2 2 3 1 1 2 3 4 3|2 3 1 1 3 2 1 2 2 2 1 2 1 2 4|1 3 2 2 2 3 2 2 2 3 1 3 2 2 2|2 3 1 2 1 2 2 2 1 2 2 2 1 1 2|1 3 1 1 1 2 4 1 2 1 2 2 2 2 2|2 1 2 2 1 1 2 2 2 2 2 1 2 3 1|3 1 2 1 3 2 2 4 2 2 1 2 2 2 2|1 2 2 4 1 2 2 2 2 2 2 4 2 3 1|2 1 1 3 3 3 2 2 2 2 3 1 2 1 1|2 1 2 1 2 2 3 2 1 2 2 2 1 1 2|2 2 2 2 2 2 1 2 2 2 2 2 1 1 1|1 1 1 3 1 2 2 2 2 3 4 2 2 2 2|2 1 2 3 2 2 2 2 3 2 2 1 2 2 3|2 1 2 2 2 1 2 2 1 1 1 1 2 3 1|2 1 2 3 2 2 2 2 1 3 3 1 1 1 2|1 3 2 3 2 2 2 1 2 3 2 2 3 2 2|2 2 2 2 3 3 1 2 2 1 1 2 3 1 1|1 2 2 2 1 1 2 1 2 3 1 1 1 3 2|2 3 4 2 2 4 1 2 3 2 1 2 3 3 4|1 2 2 1 2 2 4 2 1 1 3 3 2 2 3|2 2 3 2 2 1 2 2 2 2 2 2 3 2 2|2 2 1 1 2 2 2 1 1 1 2 2 3 2 3|2 2 3 1 2 2 1 3 1 2 2 2 1 2 2|3 3 2 2 1 2 2 2 1 2 2 2 3 2 2

第39个最优解：
Iter = 609
Nfe = 97308
Fitness = 94.1317407292168
The number of total device = 960
The number of various devices = 64 64 64 64 64 64 64 64 64 64 64 64 64 64 64
The scheme of allocation = 3 2 2 2 3 2 2 1 2 2 2 2 2 2 3|2 2 2 2 3 2 3 2 2 2 2 2 2 2 1|3 1 3 3 2 2 3 3 1 2 2 1 2 2 2|3 2 1 2 1 2 2 2 3 2 2 1 3 1 2|2 1 2 3 2 2 1 3 1 1 2 2 2 3 2|1 2 2 1 1 3 2 1 2 2 2 1 1 1 1|1 3 1 1 2 3 2 1 2 1 3 3 2 1 1|2 2 2 2 2 3 0 3 2 2 2 3 1 1 2|1 2 3 2 1 2 3 2 3 1 2 2 3 2 2|2 4 1 2 2 2 1 3 2 3 1 2 2 2 2|3 2 2 1 2 2 4 1 3 2 2 2 3 3 2|2 2 3 3 3 2 3 2 3 2 2 2 2 1 3|1 2 2 2 2 2 2 2 2 3 2 1 2 3 1|2 3 2 1 2 2 2 2 2 3 2 1 2 2 2|2 2 2 1 2 2 2 2 1 2 2 2 2 3 2|2 3 2 2 2 2 2 2 2 1 2 2 4 1 2|2 2 3 3 3 2 3 3 2 2 2 2 2 2 2|2 2 2 2 2 2 2 3 3 2 1 2 3 2 1|2 2 2 2 2 2 2 2 1 3 1 1 2 2 2|1 2 1 2 1 2 1 1 1 2 2 3 1 3 3|2 1 2 2 2 2 2 2 2 3 2 2 2 1 1|2 2 1 2 3 2 2 2 3 2 1 2 2 3 2|3 1 3 1 3 2 3 2 2 3 2 3 3 2 3|1 2 2 2 1 3 1 2 2 1 3 3 3 2 1|1 2 2 2 1 1 1 3 2 1 3 2 1 2 2|3 2 2 1 2 2 2 2 2 2 2 1 2 3 1|2 2 1 3 0 2 3 2 3 2 4 2 2 2 2|4 2 2 1 3 1 1 3 2 2 2 2 0 3 3|2 1 2 2 3 1 1 2 2 2 1 2 1 1 3|2 1 2 2 2 2 2 1 1 2 1 3 1 1 3|1 3 3 3 2 1 2 1 2 2 2 3 2 3 2|2 2 2 4 2 2 2 1 1 2 3 2 2 2 3

第40个最优解：
Iter = 556
Nfe = 89499
Fitness = 94.808838645481
The number of total device = 960
The number of various devices = 64 64 64 64 64 64 64 64 64 64 64 64 64 64 64
The scheme of allocation = 3 2 3 2 2 2 2 2 2 1 2 2 2 1 2|2 1 3 2 2 4 3 4 2 2 1 2 1 2 4|2 3 1 2 3 2 2 3 2 1 2 2 4 3 1|2 2 2 2 2 1 1 1 1 2 3 2 2 3 1|3 3 2 2 2 3 2 1 2 2 2 2 2 1 3|1 2 1 2 2 2 2 1 1 2 1 2 2 2 2|2 2 1 2 2 1 2 2 2 2 2 3 3 1 3|2 3 2 2 2 2 1 2 2 1 2 2 2 2 2|1 2 2 2 2 2 2 3 3 2 3 1 1 2 2|2 2 1 2 2 2 2 1 1 2 2 2 3 2 2|3 1 1 1 3 2 2 1 1 2 1 3 2 1 2|3 3 2 3 1 2 2 2 3 3 2 1 3 2 2|2 1 2 2 2 2 2 2 2 3 2 2 2 2 3|2 3 2 2 2 3 2 2 3 2 2 2 2 2 2|2 2 3 2 3 1 2 2 3 2 2 2 2 2 2|2 2 3 2 2 3 2 1 1 1 2 1 1 2 2|2 2 3 3 2 2 2 3 2 2 2 2 2 2 2|2 1 2 2 2 2 2 2 1 3 2 1 2 3 2|1 2 2 2 1 2 2 2 3 2 2 2 1 2 1|1 1 2 2 2 2 3 2 2 2 3 3 1 1 2|2 2 3 2 3 2 3 1 1 2 2 2 2 2 2|2 2 2 1 2 1 2 1 3 2 2 2 2 2 2|2 2 1 1 2 2 2 2 3 3 2 2 2 3 1|3 4 3 2 2 2 2 2 3 2 2 2 2 1 1|2 1 1 3 2 1 1 2 2 2 3 2 2 1 2|2 2 1 2 1 3 2 2 1 2 3 2 3 2 1|2 2 2 1 1 1 2 3 1 3 1 3 1 2 3|1 2 3 2 2 3 2 2 2 1 2 2 1 2 2|3 2 2 2 2 2 2 2 3 1 0 2 1 3 2|2 1 2 2 2 2 2 3 2 2 2 2 4 3 2|2 2 2 3 2 1 2 2 2 4 2 2 2 2 2|1 2 2 2 2 2 2 3 2 1 3 2 2 3 2

第41个最优解：
Iter = 511
Nfe = 81879
Fitness = 94.79337634698354
The number of total device = 960
The number of various devices = 64 64 64 64 64 64 64 64 64 64 64 64 64 64 64
The scheme of allocation = 2 1 3 2 3 3 1 2 2 2 3 1 3 1 2|1 2 2 1 2 2 3 2 2 2 1 2 2 3 2|2 3 2 1 2 2 3 2 2 2 2 3 2 2 2|2 2 1 2 2 3 2 2 2 2 1 2 3 2 2|3 3 2 3 1 2 2 1 1 2 1 2 4 2 3|2 2 2 2 1 2 2 1 2 2 2 3 2 2 2|2 3 2 2 3 2 1 2 2 2 2 2 2 1 2|2 2 2 2 2 2 3 2 2 2 2 2 3 2 1|2 1 2 1 2 2 2 2 2 2 2 1 2 2 1|2 2 2 2 1 3 2 3 2 1 2 2 3 1 2|1 2 2 2 2 2 2 3 2 5 2 2 2 3 2|2 1 2 3 2 2 2 2 2 1 2 2 2 1 2|1 2 2 2 2 1 3 3 2 1 2 3 2 2 2|2 2 3 2 2 2 2 1 2 2 2 2 1 2 2|1 2 3 1 1 2 1 2 3 2 3 2 2 3 3|2 2 2 2 3 3 2 2 2 3 2 3 2 2 2|2 1 2 2 3 2 2 3 2 2 3 1 1 2 2|2 2 1 3 3 2 2 2 3 2 2 3 2 2 2|2 2 2 2 3 2 1 2 2 2 2 2 2 1 3|2 2 3 2 1 2 3 1 1 2 2 2 3 1 2|2 3 2 2 3 2 2 3 2 1 2 2 2 2 2|2 2 1 2 2 2 1 3 2 2 1 2 2 2 1|1 1 2 2 1 2 2 2 2 2 2 1 2 2 2|3 3 2 1 1 1 2 1 1 2 2 1 1 3 2|2 3 2 3 2 2 1 2 3 3 3 2 2 2 2|3 2 2 3 2 1 2 2 3 2 3 2 1 3 0|2 1 1 2 2 2 2 1 2 1 2 3 1 3 2|2 2 1 2 2 1 2 2 2 2 3 2 1 2 2|2 2 1 1 2 2 2 2 2 2 2 2 2 1 2|2 2 2 3 2 2 2 1 1 2 2 2 2 2 2|3 2 3 2 2 2 3 3 2 2 1 1 2 3 3|3 2 3 2 2 2 2 2 2 2 1 2 1 2 3

第42个最优解：
Iter = 572
Nfe = 91625
Fitness = 94.89564840889898
The number of total device = 960
The number of various devices = 64 64 64 64 64 64 64 64 64 64 64 64 64 64 64
The scheme of allocation = 1 1 3 1 1 1 2 2 1 2 1 3 2 1 2|2 2 2 2 1 2 1 2 1 2 2 1 2 3 3|1 2 2 2 1 1 2 3 1 2 2 2 2 1 1|3 1 2 2 2 2 2 2 3 4 2 2 1 1 2|2 2 1 3 2 2 2 3 2 1 1 2 3 3 2|2 3 1 2 2 2 2 2 2 1 2 1 3 3 2|1 2 2 1 2 2 2 2 2 2 2 2 2 2 3|2 2 2 2 2 2 1 2 1 1 2 2 2 2 2|2 2 2 1 2 2 3 2 2 2 2 3 3 2 2|2 2 2 1 2 3 2 2 2 2 3 2 2 2 3|3 1 2 2 3 2 2 3 2 2 2 2 1 2 3|3 2 2 2 2 2 2 2 2 1 2 2 2 2 2|2 2 3 2 2 2 2 2 4 2 3 2 2 1 2|1 2 2 1 2 2 2 2 2 1 4 2 2 2 2|2 2 2 3 3 1 2 2 2 2 3 3 2 2 2|2 2 2 2 2 1 3 2 2 2 2 3 1 1 2|2 3 2 3 3 3 1 2 2 2 2 1 2 3 2|2 2 1 2 2 2 2 2 2 2 1 2 3 1 2|2 1 2 4 2 1 1 2 2 2 2 3 2 3 1|3 2 2 2 3 3 1 1 3 2 2 2 2 2 2|2 2 2 2 2 1 2 2 2 3 2 2 1 2 2|2 4 3 2 2 3 2 2 2 2 2 2 2 2 1|3 2 2 3 2 2 3 2 2 2 2 1 1 2 2|2 2 2 2 2 2 2 3 2 2 2 2 2 2 2|2 2 2 3 3 2 3 1 2 2 2 2 2 2 2|2 1 2 1 2 2 2 1 1 2 2 1 3 3 1|2 2 3 2 1 3 2 2 2 2 2 2 2 2 2|2 2 1 2 2 1 2 2 2 2 3 1 1 2 0|2 2 2 2 2 3 3 2 2 2 1 2 2 2 3|1 3 2 1 2 2 2 1 3 2 2 2 2 2 3|2 1 3 1 2 2 2 2 2 3 1 2 2 2 3|2 3 1 3 1 3 2 2 2 3 1 3 3 2 1

第43个最优解：
Iter = 359
Nfe = 57627
Fitness = 94.4274806528044
The number of total device = 960
The number of various devices = 64 64 64 64 64 64 64 64 64 64 64 64 64 64 64
The scheme of allocation = 2 2 3 2 2 1 2 1 3 2 3 1 3 2 2|1 2 3 3 1 3 3 2 2 2 2 3 3 1 1|2 2 2 2 2 3 1 2 3 1 3 2 1 1 2|2 2 2 2 3 2 2 2 2 3 2 2 2 2 1|2 3 3 2 2 3 2 3 3 2 2 3 2 2 1|2 2 3 2 1 2 3 3 2 2 1 2 2 1 2|2 3 1 1 1 2 3 3 2 1 1 1 2 2 3|2 3 1 1 2 3 2 2 2 2 2 3 2 3 1|3 2 3 3 3 1 1 2 1 2 1 3 1 1 2|2 3 2 2 2 1 2 1 2 3 2 2 2 2 2|2 2 2 2 2 3 1 2 2 3 2 1 1 3 3|3 2 3 2 2 2 2 2 3 2 2 1 2 2 1|2 3 2 3 2 1 2 2 2 1 1 2 2 1 1|3 1 2 3 3 1 2 1 2 1 2 3 2 2 3|1 1 2 2 1 2 1 2 2 2 3 1 2 1 2|4 2 1 2 2 2 2 2 3 2 1 3 3 2 3|2 1 2 3 2 1 2 2 2 2 3 2 2 2 2|2 2 2 3 2 2 2 2 2 3 2 2 2 3 2|1 2 2 2 2 3 2 1 2 2 2 2 3 3 2|2 1 2 3 2 2 2 2 2 1 2 1 2 3 1|1 2 2 2 3 2 4 3 2 2 1 2 3 3 4|1 2 2 1 2 2 2 3 2 1 2 2 2 1 2|2 2 1 1 2 1 3 3 1 3 2 2 1 2 2|2 2 1 1 2 2 1 2 1 1 2 2 1 2 2|2 2 2 2 1 1 3 2 2 3 3 2 3 3 2|3 2 2 2 3 2 2 2 1 2 2 2 2 1 2|1 2 1 2 2 1 1 1 2 2 2 3 2 2 3|2 2 2 2 2 3 2 2 3 3 3 1 1 3 2|1 2 1 1 2 3 1 1 1 2 2 2 1 2 2|3 2 3 2 1 2 1 1 2 2 2 2 2 2 2|2 1 1 1 3 3 3 2 2 2 2 2 2 2 2|2 2 3 2 2 2 2 3 1 2 2 2 3 2 2

第44个最优解：
Iter = 533
Nfe = 85375
Fitness = 94.79320229034458
The number of total device = 960
The number of various devices = 64 64 64 64 64 64 64 64 64 64 64 64 64 64 64
The scheme of allocation = 2 2 1 2 2 2 3 2 2 2 3 2 1 2 2|2 2 2 2 1 2 2 1 2 2 1 2 2 4 3|2 3 3 2 3 2 3 3 2 2 1 2 2 1 2|2 2 2 2 2 2 2 1 2 2 1 2 2 2 2|3 3 2 2 2 2 1 2 1 2 2 3 1 2 2|2 2 3 3 3 3 3 2 3 2 3 3 2 3 2|2 2 3 1 2 3 2 3 1 1 3 2 1 3 2|2 2 1 2 1 1 2 2 1 2 2 2 2 2 2|2 1 2 3 2 3 3 2 2 2 2 2 2 2 2|2 2 2 2 1 3 1 2 2 2 2 2 2 2 2|2 2 2 3 2 1 1 1 2 1 1 2 2 2 2|2 1 3 2 2 2 2 3 3 2 2 2 3 2 2|1 2 1 3 2 2 2 1 2 3 2 2 3 2 3|1 2 2 3 2 3 2 2 2 2 2 1 1 3 2|3 3 3 2 3 2 2 3 4 1 2 2 3 1 2|2 2 2 2 2 3 2 3 2 2 2 1 2 1 2|1 2 1 2 2 1 2 2 2 3 3 2 2 2 3|3 1 2 3 3 2 1 3 1 2 2 2 3 2 2|2 2 3 2 2 2 3 2 1 1 1 2 3 1 1|2 2 1 3 3 1 2 2 2 2 3 2 2 2 1|1 3 2 3 1 2 2 2 1 2 2 2 2 1 2|3 1 3 1 1 2 2 2 3 2 2 2 1 2 1|2 3 1 1 3 2 3 2 2 2 1 2 3 3 2|1 2 2 1 2 2 2 1 2 2 2 1 1 1 3|3 2 2 1 1 2 1 1 3 2 1 2 2 2 2|2 1 1 1 1 2 0 2 2 3 2 2 2 3 3|2 2 1 2 3 2 2 1 1 2 3 1 2 2 2|2 2 2 2 2 2 3 2 3 2 3 2 2 2 2|2 2 3 1 2 2 2 2 2 2 2 2 2 2 2|2 2 1 1 2 1 2 3 2 3 2 3 2 1 2|2 2 3 2 2 2 2 1 2 2 2 3 1 2 1|2 2 2 2 2 1 2 3 2 2 2 2 3 2 1

第45个最优解：
Iter = 622
Nfe = 99643
Fitness = 95.04343144979273
The number of total device = 960
The number of various devices = 64 64 64 64 64 64 64 64 64 64 64 64 64 64 64
The scheme of allocation = 3 1 2 2 1 3 1 1 2 1 1 2 1 3 2|1 2 2 2 2 2 2 3 2 1 2 2 2 2 2|3 2 2 2 2 2 2 2 1 1 2 2 2 2 3|2 2 3 3 2 3 2 2 2 2 2 2 1 2 2|1 3 2 2 2 2 1 3 2 2 1 2 2 3 2|2 2 2 2 1 3 2 2 1 2 2 3 2 2 1|2 3 2 2 2 3 3 1 3 2 2 2 2 1 3|3 2 2 1 2 2 2 1 1 3 3 2 3 2 2|3 1 2 3 2 1 2 2 3 1 2 3 2 2 2|2 2 2 3 3 2 3 2 2 1 2 3 2 2 2|2 3 2 2 2 2 1 2 2 2 3 2 2 2 2|2 2 2 2 2 3 2 2 2 2 2 2 2 2 2|2 2 2 2 2 2 2 2 2 2 2 2 2 2 2|2 2 1 2 2 2 2 2 2 2 2 2 2 2 3|3 2 2 1 1 2 3 2 1 2 2 2 3 2 1|2 2 3 1 3 2 2 1 2 2 2 2 1 3 2|2 3 2 2 3 1 3 2 3 3 2 3 3 2 1|2 2 2 2 1 1 2 1 4 3 1 2 2 1 2|1 2 2 2 2 3 2 2 3 3 1 1 2 1 2|2 2 2 2 3 2 2 2 2 2 2 2 1 2 1|2 2 2 2 3 2 2 3 1 2 2 2 2 3 3|2 2 2 2 2 2 2 2 1 2 2 1 2 2 2|2 3 2 1 2 1 2 2 2 2 3 1 3 1 2|1 2 1 1 2 2 2 3 2 3 3 2 3 2 2|2 3 2 2 2 2 2 2 1 1 2 2 2 2 2|2 1 2 2 2 3 2 2 2 2 2 1 2 2 2|1 1 3 2 1 1 2 3 2 1 2 3 1 2 1|2 1 2 3 3 1 2 3 2 3 1 1 1 2 2|2 1 1 2 2 1 2 2 3 2 3 2 2 2 2|2 3 2 2 2 2 1 2 2 2 2 3 2 1 2|2 2 2 2 2 2 2 1 2 2 2 2 2 2 2|2 1 2 3 1 2 2 2 2 3 2 1 3 3 3

第46个最优解：
Iter = 209
Nfe = 33521
Fitness = 94.96414184273158
The number of total device = 960
The number of various devices = 64 64 64 64 64 64 64 64 64 64 64 64 64 64 64
The scheme of allocation = 2 1 2 2 2 3 2 1 2 2 2 2 3 3 3|3 2 3 3 4 3 2 2 2 2 2 2 2 3 3|1 3 3 2 1 2 1 2 3 2 2 2 2 2 2|2 2 2 1 1 2 2 2 2 3 2 2 1 1 2|1 2 2 2 2 2 2 2 3 2 2 2 2 2 2|3 2 2 3 2 2 2 2 1 1 3 3 2 2 1|3 2 3 1 2 2 1 2 2 2 1 2 2 1 2|2 2 2 2 1 2 2 2 2 2 2 2 2 3 2|4 1 3 2 2 2 2 2 3 3 2 2 2 2 2|2 2 2 2 2 2 1 3 1 2 2 2 2 3 2|1 2 1 2 2 1 2 2 2 1 2 2 2 2 2|2 3 1 3 2 2 2 2 2 2 1 2 2 2 2|1 2 2 2 2 2 3 2 3 2 2 4 2 2 2|2 2 2 2 1 2 3 3 1 2 1 2 2 2 2|2 2 2 2 1 2 2 3 2 2 1 2 2 2 1|2 2 2 2 2 3 2 1 3 2 3 3 1 3 1|2 2 2 2 4 3 2 2 2 2 3 2 2 1 2|3 2 2 1 3 1 2 2 2 1 2 2 2 2 3|1 2 2 2 1 2 2 2 1 2 2 1 2 2 1|3 2 1 2 1 1 3 3 2 2 2 1 2 1 1|2 2 2 2 2 2 2 2 2 2 3 1 2 2 3|2 2 2 2 1 2 2 2 2 2 2 2 2 4 2|2 2 3 2 3 2 3 1 3 2 2 1 3 2 2|1 3 1 2 4 3 2 2 2 2 1 1 2 2 3|2 2 2 1 2 2 2 1 2 2 2 2 3 1 2|2 3 2 2 2 2 2 2 1 3 2 1 2 2 2|1 1 2 2 1 1 2 1 2 2 3 3 2 3 1|2 1 1 3 3 2 2 2 1 2 2 3 1 1 3|2 3 2 2 2 2 2 3 3 2 2 2 3 1 3|2 2 2 2 2 1 2 2 1 3 2 2 2 1 1|2 2 2 2 2 2 2 2 2 2 2 2 1 2 3|2 1 2 2 2 2 1 2 2 1 2 2 2 2 1

第47个最优解：
Iter = 618
Nfe = 99109
Fitness = 94.57510716769004
The number of total device = 960
The number of various devices = 64 64 64 64 64 64 64 64 64 64 64 64 64 64 64
The scheme of allocation = 2 2 2 2 2 3 2 2 3 2 1 2 2 2 1|2 2 2 2 2 3 3 2 2 2 2 2 1 2 2|1 2 3 2 2 2 4 1 2 2 3 1 2 3 2|2 2 1 1 3 2 2 2 3 2 2 1 3 3 2|2 1 3 2 2 1 2 3 1 2 2 2 3 2 2|2 2 1 3 3 2 1 1 1 2 2 2 1 2 3|1 2 3 2 2 1 2 3 3 3 2 2 3 3 2|2 1 2 2 2 2 3 2 2 2 1 2 2 1 2|2 2 3 2 2 3 3 3 2 1 2 3 1 2 3|2 2 2 5 2 3 2 2 1 1 2 2 2 3 2|2 2 2 1 2 2 2 1 2 1 3 2 2 2 1|2 2 2 2 2 1 3 3 1 2 2 2 3 1 2|2 3 2 2 2 3 3 2 2 2 3 3 3 2 2|2 3 2 1 2 2 2 2 1 1 2 2 2 2 2|1 2 2 2 2 3 1 2 2 2 3 3 1 2 1|2 2 2 2 2 2 3 1 3 2 1 1 2 3 2|2 2 3 3 1 3 1 3 2 2 2 2 2 2 2|2 2 2 2 1 2 2 2 3 2 2 1 2 1 2|4 2 3 2 1 2 2 2 2 3 2 2 2 2 1|1 3 1 3 3 1 2 2 2 2 2 1 2 2 2|2 2 2 1 2 2 1 2 2 2 2 3 2 3 2|1 2 2 1 1 2 1 1 2 2 1 3 1 1 2|3 2 1 1 2 2 2 1 2 2 1 1 2 2 2|2 0 1 2 2 1 2 2 2 3 2 3 2 2 2|3 2 2 2 2 2 2 3 3 2 2 2 2 1 2|3 2 3 1 2 2 2 2 1 2 3 1 3 2 2|1 1 2 2 2 2 2 2 2 2 3 2 2 2 2|2 3 1 3 3 2 2 2 1 2 1 2 2 1 2|2 2 1 1 2 1 1 1 2 2 1 3 2 2 2|3 2 2 3 3 2 1 3 3 3 2 2 1 2 3|3 2 2 2 1 1 1 2 2 2 2 2 2 2 2|1 3 2 2 2 2 2 2 2 2 3 2 2 2 3

第48个最优解：
Iter = 541
Nfe = 86957
Fitness = 94.38190687592123
The number of total device = 960
The number of various devices = 64 64 64 64 64 64 64 64 64 64 64 64 64 64 64
The scheme of allocation = 3 1 2 1 2 2 3 3 1 2 1 1 2 3 1|2 2 2 2 2 3 3 3 2 1 2 2 2 2 2|2 1 3 3 3 3 3 2 2 2 2 3 2 1 3|3 1 2 2 3 2 1 3 3 1 2 2 3 3 2|2 1 2 2 1 1 2 2 4 2 2 2 2 2 2|1 1 1 1 2 2 2 1 3 2 2 1 3 2 3|2 4 2 1 3 1 2 2 3 2 2 2 1 1 2|2 2 2 2 2 2 2 2 3 1 2 1 1 2 1|2 2 3 2 1 1 3 1 2 2 3 2 2 2 2|1 2 1 3 2 2 2 2 1 3 2 3 2 3 1|2 1 2 2 2 2 1 3 2 3 2 2 2 2 2|2 2 5 2 1 1 1 2 2 2 2 2 4 2 1|2 2 2 3 2 3 2 2 2 3 2 2 2 2 2|2 2 1 2 2 1 2 2 2 2 3 1 2 2 2|3 2 2 2 3 3 3 2 2 3 2 3 2 2 2|3 2 2 2 3 2 2 2 2 2 2 2 1 2 2|2 2 3 3 2 1 1 2 2 2 1 3 1 2 2|2 1 2 2 2 3 3 2 1 1 4 2 3 2 2|2 4 1 3 1 2 1 1 2 2 1 2 1 2 2|2 2 1 2 2 3 2 2 2 2 1 2 3 2 2|1 2 2 2 2 2 3 3 3 2 1 2 3 3 1|2 3 1 2 2 2 3 1 2 2 3 2 1 1 2|3 2 2 1 2 1 2 1 2 2 1 2 2 2 3|2 3 1 3 3 2 3 2 3 2 2 2 1 2 2|2 2 2 3 1 1 1 2 1 2 2 2 2 1 2|2 3 2 2 2 2 2 2 1 1 2 2 2 2 1|2 2 3 1 3 2 2 1 1 2 3 2 2 1 3|2 2 3 2 2 2 2 3 1 2 1 2 1 1 2|1 2 1 1 2 2 1 1 3 2 3 2 3 2 2|1 1 1 1 1 3 1 3 1 2 3 1 2 4 3|1 2 2 2 1 3 1 2 1 3 2 2 1 2 3|3 3 3 2 2 2 2 2 2 2 1 3 3 2 2

第49个最优解：
Iter = 473
Nfe = 75842
Fitness = 94.07202165353348
The number of total device = 960
The number of various devices = 64 64 64 64 64 64 64 64 64 64 64 64 64 64 64
The scheme of allocation = 1 2 2 2 1 1 2 2 2 3 2 1 3 3 1|2 2 1 2 2 1 1 2 3 2 1 2 3 2 2|2 1 2 3 3 3 2 2 3 2 3 2 2 2 2|2 2 1 3 2 1 2 2 1 3 2 2 2 2 2|3 2 1 2 1 2 3 1 3 1 1 2 1 2 3|2 2 1 2 1 2 2 3 1 2 2 2 1 1 2|2 3 3 2 3 2 2 2 2 1 2 2 2 2 2|2 2 2 2 1 2 1 2 2 2 2 2 1 3 2|2 2 2 2 2 2 2 1 2 2 2 4 2 2 2|3 1 1 2 2 2 2 2 2 1 3 1 3 2 2|1 1 2 2 3 2 2 2 4 2 2 1 3 2 1|2 2 2 1 3 1 2 2 2 2 5 2 3 2 2|2 3 2 1 1 2 3 2 2 4 1 3 2 2 3|2 1 3 2 2 2 2 2 1 3 2 1 2 1 2|1 2 2 1 1 1 1 2 2 2 2 2 3 3 1|2 4 2 2 1 2 2 2 2 1 1 2 2 2 1|1 2 2 3 2 2 3 2 2 1 1 2 2 3 2|2 2 1 2 1 2 2 3 2 1 1 2 3 2 2|3 2 3 3 2 2 3 2 3 2 2 2 2 3 2|2 3 3 1 3 3 2 3 2 0 2 3 1 2 1|1 2 2 2 3 3 3 1 2 3 2 2 1 2 3|3 2 2 2 3 2 1 4 2 2 2 3 1 2 2|2 1 1 3 2 3 2 2 1 2 2 2 2 3 2|2 3 2 2 2 3 3 1 3 2 3 3 3 1 1|2 2 2 1 3 1 1 2 2 2 2 2 2 2 2|2 1 3 2 2 3 1 2 1 2 2 1 0 1 2|2 2 2 2 2 1 1 2 1 2 2 1 2 1 3|2 2 3 2 2 2 3 2 1 2 2 2 2 2 3|2 2 3 3 3 3 3 2 4 1 2 3 1 3 2|1 2 1 3 2 3 1 2 2 3 1 3 3 1 2|3 2 3 1 2 1 2 2 1 3 2 1 2 1 2|3 2 2 1 1 2 2 1 1 3 3 1 2 2 3

第50个最优解：
Iter = 595
Nfe = 95213
Fitness = 94.39696909092176
The number of total device = 960
The number of various devices = 64 64 64 64 64 64 64 64 64 64 64 64 64 64 64
The scheme of allocation = 1 2 2 3 2 4 2 1 1 1 1 2 2 3 2|2 2 2 2 3 1 2 3 1 2 2 3 2 1 3|3 3 3 2 2 2 5 2 3 3 2 2 2 3 2|2 1 3 1 3 3 2 2 1 2 2 2 3 2 3|2 3 1 1 2 2 2 2 1 2 2 1 2 2 3|1 2 2 2 3 2 3 1 2 2 2 1 1 2 2|1 1 2 2 1 2 2 1 2 2 2 1 3 2 2|2 3 2 2 2 2 3 2 2 2 2 2 3 3 2|3 1 3 1 2 1 2 3 2 2 1 3 2 1 2|3 2 2 2 2 1 1 2 3 2 2 2 2 2 1|1 2 2 2 1 2 1 2 3 2 3 2 3 2 2|1 2 2 2 1 3 3 2 4 3 2 2 2 2 1|2 2 2 2 3 3 1 3 3 2 2 1 2 2 2|2 2 2 2 2 2 2 3 3 3 3 3 2 1 3|2 2 2 3 2 3 2 2 3 2 1 1 3 2 2|3 3 1 3 1 1 2 2 2 2 3 2 2 2 1|3 3 3 1 2 2 3 2 2 2 2 3 3 2 3|2 2 3 1 2 2 2 2 3 2 2 2 1 2 3|2 1 1 3 1 2 1 2 1 1 2 2 1 2 2|2 2 1 1 1 1 1 2 1 1 2 2 2 2 2|3 1 1 2 1 2 1 2 2 3 1 2 3 1 3|3 1 2 1 2 3 3 2 2 1 3 2 1 2 2|2 1 1 3 2 1 1 2 2 2 1 2 2 3 2|2 1 1 3 3 1 1 3 2 3 3 1 1 2 1|2 4 2 2 2 1 2 1 2 2 2 2 1 1 2|1 1 2 2 4 2 1 2 2 2 1 1 2 3 1|2 1 2 3 2 2 3 1 2 2 2 2 2 3 1|2 2 2 2 2 3 2 2 1 1 3 4 2 2 1|2 2 2 2 1 3 2 3 1 1 1 3 1 2 2|1 4 3 1 1 1 2 2 2 1 2 2 2 2 3|2 2 2 2 3 2 2 1 1 3 3 2 1 2 1|2 3 3 3 3 2 2 2 2 3 2 2 3 1 2

The final result:
fmax = 95.24983445928557
fmin = 93.86929361077084
fmean = 94.55846084967263
standard std = 0.3282078347062423
The number of total device = 960
The number of various devices = 64 64 64 64 64 64 64 64 64 64 64 64 64 64 64
The optimal allocation = 2 2 2 3 2 2 2 2 3 2 2 1 2 2 2|2 2 2 3 2 2 2 2 3 2 1 2 2 2 2|3 3 3 2 2 2 2 2 3 1 2 3 2 2 2|3 2 1 2 3 2 2 2 2 1 1 1 2 1 2|2 3 2 1 3 2 2 2 1 2 3 2 2 2 3|1 2 2 2 1 2 3 3 1 2 3 1 2 2 2|3 1 2 1 1 2 1 2 2 2 2 2 1 2 2|2 1 2 2 2 2 2 2 2 2 1 2 2 1 2|2 2 2 2 2 2 2 2 1 1 3 2 2 1 2|1 2 2 2 3 2 2 2 2 2 2 1 2 3 1|1 2 2 2 2 2 2 2 2 4 2 2 3 1 1|1 2 2 2 2 2 2 2 2 3 2 3 2 2 3|2 1 1 2 2 2 2 3 3 2 2 2 1 3 2|2 3 2 2 2 2 3 2 2 3 2 2 2 2 2|2 2 1 1 2 4 2 2 2 4 2 2 2 2 2|2 2 2 2 2 2 2 3 2 2 2 3 4 2 3|2 2 3 3 1 3 2 2 3 2 2 2 3 2 2|2 2 2 1 2 3 1 2 2 2 2 2 2 3 2|2 2 1 1 1 1 2 1 1 1 3 2 2 2 2|2 2 2 1 2 1 1 1 1 2 2 2 2 2 3|2 2 2 2 2 2 3 2 1 2 2 2 2 2 2|2 1 2 3 2 2 2 1 2 2 2 2 2 3 2|2 3 2 3 2 2 2 1 1 2 2 2 1 2 2|2 2 2 2 2 2 1 3 2 2 2 2 2 2 2|2 2 2 2 2 1 2 2 2 1 2 2 2 2 2|1 2 2 3 3 2 2 1 3 2 1 1 1 2 2|3 1 3 3 2 2 2 2 2 3 2 2 2 3 1|3 2 2 2 1 1 2 3 2 1 2 1 2 1 2|2 2 2 2 3 2 2 2 2 2 3 3 2 2 1|2 2 2 2 2 2 2 2 2 2 2 2 2 2 2|1 2 2 2 2 2 2 2 3 1 1 3 2 2 2|3 3 3 1 2 2 3 2 2 2 2 3 2 2 2
