第1个最优解：
Iter = 312
Nfe = 48462
Fitness = 77.14050126755326
The number of total device = 960
The number of various devices = 64 64 64 64 64 64 64 64 64 64 64 64 64 64 64
The scheme of allocation = 0 4 2 0 1 2 2 2 2 1 3 1 1 5 1|0 0 3 2 0 3 1 1 1 2 1 3 2 4 5|1 0 1 5 1 1 3 9 2 2 0 1 1 1 1|1 1 1 0 0 2 1 4 1 15 3 1 2 3 1|1 0 0 1 3 1 3 0 0 0 2 1 6 1 0|1 0 1 1 2 0 7 3 1 2 1 2 3 6 0|1 0 2 3 1 0 1 1 2 1 2 5 1 1 1|1 1 2 0 2 1 1 1 2 8 1 0 0 2 1|1 2 0 1 2 1 2 1 1 0 0 1 2 0 3|2 2 2 2 2 1 1 2 3 3 1 2 1 2 1|3 2 3 0 5 3 4 1 4 1 1 1 4 3 5|1 0 1 1 2 0 2 2 0 6 1 1 0 0 0|6 1 4 0 1 3 2 2 3 1 1 1 2 1 3|8 1 1 2 3 0 2 1 1 0 1 6 3 2 2|3 8 1 1 1 3 0 1 1 2 3 4 0 10 2|1 1 3 4 1 0 1 0 1 2 2 1 5 1 1|1 2 0 0 2 1 6 1 1 0 1 2 1 0 3|2 2 1 2 1 1 3 1 0 0 1 4 9 0 3|0 1 8 1 2 5 2 2 1 2 0 1 3 3 3|12 6 1 20 1 4 1 7 2 1 2 1 1 1 0|1 4 0 2 3 2 1 2 4 2 4 3 2 2 5|1 6 3 3 12 1 1 1 4 1 5 1 2 1 3|3 6 3 1 2 4 5 1 7 1 3 1 0 1 1|0 1 0 0 2 2 2 0 7 3 6 3 2 3 6|1 2 3 2 2 5 2 1 0 0 6 1 2 0 2|1 1 3 1 0 1 3 1 0 1 0 3 1 1 5|3 2 3 2 1 3 1 0 1 1 4 1 2 2 1|5 1 0 3 2 5 3 4 8 0 3 2 0 4 0|1 0 3 2 1 2 0 1 1 4 1 1 2 1 2|1 5 1 1 0 3 0 5 2 2 2 1 0 1 1|1 0 7 0 2 2 0 0 1 0 3 4 2 2 0|0 2 1 1 4 2 1 6 0 0 0 4 2 0 2

第2个最优解：
Iter = 369
Nfe = 57296
Fitness = 77.66337047514081
The number of total device = 960
The number of various devices = 64 64 64 64 64 64 64 64 64 64 64 64 64 64 64
The scheme of allocation = 2 0 1 3 1 11 1 1 1 2 3 2 3 0 0|1 0 1 3 1 2 1 1 3 1 1 1 1 2 1|2 5 1 1 3 9 6 1 3 1 0 1 1 3 0|7 0 0 4 2 1 2 1 0 4 1 6 1 4 0|0 2 2 4 3 0 2 1 1 8 4 0 0 2 5|1 0 5 3 0 1 1 2 0 2 1 2 4 2 5|2 3 6 0 0 2 2 1 1 2 1 2 1 2 1|3 1 4 0 1 1 1 2 0 1 3 2 1 1 1|3 3 3 1 1 1 2 1 2 1 1 1 2 2 1|11 3 1 0 1 1 2 0 1 0 3 1 1 2 7|0 1 1 4 1 2 1 6 2 0 1 1 1 5 2|3 6 2 3 1 4 3 0 1 1 0 4 1 2 1|1 2 1 2 2 0 4 1 7 1 2 1 0 2 1|0 0 0 2 2 2 1 2 3 2 1 1 1 1 4|0 0 8 3 1 1 0 4 2 1 4 0 1 3 4|4 1 1 1 7 1 6 1 3 2 0 2 2 0 0|0 0 2 6 2 1 0 3 0 1 4 1 1 1 0|2 1 0 0 0 4 0 2 2 4 0 1 3 2 1|0 3 2 1 3 0 11 3 3 0 1 2 2 3 3|0 0 2 1 1 2 1 2 4 1 1 0 1 1 1|3 6 2 9 6 2 2 1 0 1 0 5 3 3 5|2 6 2 0 0 1 1 3 3 2 1 1 5 2 2|1 2 2 1 0 1 7 1 5 1 2 3 3 0 0|2 5 0 0 1 5 1 1 2 3 5 2 5 4 1|3 1 4 2 1 2 0 2 1 1 7 2 3 1 0|1 0 1 2 0 1 0 2 1 5 1 1 3 1 3|3 0 5 1 7 1 0 0 1 1 2 5 6 1 0|2 3 1 1 5 0 0 3 2 6 1 1 0 3 2|2 2 0 2 4 0 1 4 1 5 8 7 1 1 0|2 1 2 1 3 0 1 3 4 2 3 0 4 4 5|0 1 0 1 1 0 2 4 1 1 1 1 2 3 2|1 6 2 2 3 5 2 5 4 1 1 5 1 1 6

第3个最优解：
Iter = 62
Nfe = 9721
Fitness = 76.70842873256835
The number of total device = 960
The number of various devices = 64 64 64 64 64 64 64 64 64 64 64 64 64 64 64
The scheme of allocation = 1 2 14 1 5 0 6 1 4 1 1 6 2 3 1|2 4 1 0 3 0 1 3 2 1 2 1 1 0 2|1 1 2 3 2 4 2 5 1 0 4 4 0 1 0|6 5 2 1 1 3 1 0 3 4 9 2 1 2 0|1 1 2 2 0 1 20 2 0 2 1 1 2 2 7|1 2 1 0 0 4 2 1 0 1 2 0 1 2 2|0 1 4 5 1 1 0 6 9 3 10 11 3 1 3|3 1 6 2 5 2 1 2 2 12 0 1 1 10 4|1 2 0 1 0 2 1 4 1 2 0 4 2 2 3|2 2 1 7 1 2 1 1 5 1 1 2 1 2 2|3 6 3 1 1 1 1 4 0 1 6 0 0 2 3|1 1 0 1 2 4 3 0 1 1 1 1 2 0 2|1 3 1 1 0 1 1 4 1 5 3 0 3 2 3|1 2 1 2 4 2 2 3 1 4 0 1 6 2 0|0 1 2 1 2 3 1 1 2 2 1 0 5 1 1|1 2 2 3 1 0 0 1 0 0 0 2 2 2 2|2 2 1 2 1 0 1 2 1 0 0 2 1 1 2|1 3 2 2 2 5 1 0 2 0 0 1 4 1 0|1 5 1 1 1 0 1 1 5 1 1 2 1 7 1|5 0 2 5 1 1 1 0 1 1 1 4 2 1 1|0 1 2 2 1 0 4 3 2 0 1 5 5 1 0|4 0 2 2 5 8 2 1 1 3 0 3 1 2 0|3 2 1 1 0 3 0 2 5 1 3 2 3 2 7|10 1 0 1 12 1 0 1 2 5 1 0 3 2 1|1 1 1 4 7 1 0 2 2 2 3 1 0 1 1|3 1 1 4 0 2 1 4 1 0 0 1 4 2 5|0 3 1 0 1 0 0 2 0 5 2 0 1 2 3|2 1 6 0 0 4 0 3 4 2 8 0 1 0 1|2 0 0 2 3 2 6 0 1 2 1 1 4 1 3|1 4 1 2 0 5 0 2 2 0 1 3 1 1 2|2 2 0 1 0 1 3 1 2 1 0 2 1 1 0|2 2 1 4 2 1 1 2 1 1 1 1 0 5 2

第4个最优解：
Iter = 498
Nfe = 77290
Fitness = 76.41209739060436
The number of total device = 960
The number of various devices = 64 64 64 64 64 64 64 64 64 64 64 64 64 64 64
The scheme of allocation = 2 1 1 1 1 6 3 1 4 0 1 1 1 1 5|2 3 2 1 6 0 13 0 0 0 3 2 2 5 3|1 6 0 1 3 10 3 2 0 3 1 3 2 3 0|1 1 2 0 1 0 2 0 6 2 2 2 2 2 2|2 1 4 2 4 0 3 11 4 1 2 1 2 2 4|0 2 0 1 1 1 0 4 0 4 1 2 1 1 2|10 1 1 0 1 1 2 10 1 1 2 1 5 3 1|1 2 8 2 2 2 0 1 1 1 1 2 0 1 0|0 1 3 3 2 1 2 0 6 1 0 1 0 6 3|0 2 1 1 2 2 2 0 0 2 2 3 7 2 0|1 3 3 0 2 0 0 0 0 2 0 1 4 0 1|1 4 2 21 1 1 1 5 2 1 2 2 2 3 1|0 2 1 1 3 2 4 2 3 1 1 1 1 2 7|2 3 2 0 1 2 1 1 1 1 5 0 1 2 3|0 5 6 3 1 2 3 0 1 1 2 0 2 2 1|0 0 2 1 1 5 0 0 1 1 1 0 0 1 2|5 0 2 1 11 2 3 1 1 0 5 1 4 0 1|1 0 2 1 1 1 2 1 2 3 1 4 1 1 1|2 2 1 2 1 0 0 0 1 2 5 2 1 3 2|2 1 2 1 1 2 3 2 3 3 2 0 1 5 2|2 1 1 0 0 5 2 1 1 1 2 4 5 2 1|1 5 3 1 0 1 1 1 1 1 1 0 0 1 2|1 2 1 1 0 1 2 1 7 1 2 3 1 1 2|0 0 2 6 0 3 0 0 1 1 2 2 0 1 0|1 3 3 1 0 1 1 3 1 4 1 3 1 2 3|4 1 0 1 5 0 1 2 2 1 0 2 1 1 1|5 0 1 1 0 0 5 4 2 6 1 8 0 3 1|4 1 5 1 2 4 1 0 1 3 4 2 3 2 3|1 1 1 0 1 2 2 1 2 2 2 3 4 1 2|1 0 0 1 2 6 1 0 1 0 1 2 4 1 6|1 2 0 7 0 0 0 4 3 10 5 5 3 3 1|10 8 2 1 8 1 1 6 5 4 4 1 3 1 1

第5个最优解：
Iter = 155
Nfe = 24137
Fitness = 78.25331405825152
The number of total device = 960
The number of various devices = 64 64 64 64 64 64 64 64 64 64 64 64 64 64 64
The scheme of allocation = 1 7 1 0 4 1 3 4 1 9 2 1 4 0 1|2 6 5 2 3 4 5 2 1 6 2 3 2 1 4|0 3 1 4 0 0 2 2 2 0 2 15 0 9 2|0 0 2 3 0 2 1 0 0 0 2 5 2 5 2|5 2 2 3 2 1 1 2 4 5 0 2 1 2 1|1 1 1 1 1 3 2 3 3 4 5 0 3 0 1|2 2 1 8 2 0 4 4 1 2 1 1 1 0 0|1 2 1 2 2 0 3 2 2 3 2 0 1 4 12|3 2 0 0 8 0 1 9 1 3 2 0 2 3 2|0 0 2 1 0 0 5 2 1 2 0 1 1 1 5|2 1 5 8 0 1 0 4 3 1 6 2 11 4 1|1 2 5 2 2 4 1 4 1 4 4 1 1 2 2|1 1 4 1 4 0 0 3 4 4 0 0 4 1 2|1 0 1 1 1 1 2 2 1 0 2 0 2 2 3|4 1 6 3 1 3 1 2 1 1 0 0 2 1 1|2 2 1 3 1 2 1 0 0 2 2 0 1 0 1|3 3 1 2 2 4 1 1 3 2 1 0 1 1 3|1 3 3 1 1 0 6 1 1 1 2 10 2 1 4|2 1 3 1 2 10 1 0 5 1 3 0 2 2 1|5 1 0 0 3 0 2 0 2 1 5 3 0 2 1|2 1 2 2 2 1 3 1 4 0 2 1 1 1 2|5 1 0 1 2 1 1 0 2 2 1 1 0 0 1|1 1 2 1 1 3 1 5 3 1 3 0 1 0 0|2 1 0 1 1 3 2 2 2 1 1 0 1 1 3|0 5 1 1 2 2 1 1 1 1 0 1 11 0 1|6 3 3 2 1 1 2 2 2 0 3 2 1 3 1|2 2 2 2 3 4 4 2 1 1 1 9 0 1 1|1 0 0 2 1 0 0 1 4 1 1 0 2 4 1|2 0 2 0 2 8 1 1 2 2 1 2 1 2 2|2 3 4 5 3 1 0 0 3 0 2 1 1 1 1|1 3 0 0 1 1 3 2 1 3 4 1 1 5 0|3 4 3 1 6 3 4 0 2 1 2 2 1 5 2

第6个最优解：
Iter = 360
Nfe = 55915
Fitness = 77.12892289139276
The number of total device = 960
The number of various devices = 64 64 64 64 64 64 64 64 64 64 64 64 64 64 64
The scheme of allocation = 1 1 10 2 2 0 5 0 1 1 0 0 4 0 2|1 0 1 1 4 1 8 1 2 6 1 1 3 1 1|2 2 2 10 0 2 1 1 2 2 2 1 9 3 4|2 1 2 5 1 3 0 3 2 1 5 2 0 2 3|2 1 1 1 0 1 0 2 2 1 1 4 1 3 5|1 1 3 1 0 2 2 1 1 1 1 1 1 1 1|2 3 2 3 5 3 0 1 2 2 1 1 4 1 1|0 5 2 0 6 2 1 4 4 1 3 2 3 10 1|1 3 2 0 2 1 1 1 3 2 1 1 0 0 6|2 4 0 1 1 1 1 0 0 1 1 1 1 3 2|3 2 0 0 1 2 3 3 1 5 1 1 1 3 1|2 1 2 1 1 1 3 5 4 1 1 1 2 2 2|0 1 0 3 6 2 2 5 0 1 5 1 1 0 1|0 0 2 2 0 2 1 3 2 3 2 1 0 4 0|2 0 1 2 1 3 9 2 1 3 6 6 1 6 2|4 5 1 1 1 0 3 2 0 2 1 2 1 4 1|2 4 2 1 0 0 1 4 1 1 2 6 0 2 0|3 1 4 1 1 0 1 2 0 0 0 3 2 3 1|2 2 2 1 2 0 0 5 1 0 2 1 2 2 2|3 2 1 2 1 4 0 1 2 1 0 1 1 1 3|4 3 1 2 0 2 1 1 4 2 1 1 0 3 1|2 4 1 0 7 3 0 1 2 0 0 5 1 1 0|2 1 3 1 0 9 0 3 4 2 1 7 1 0 11|2 4 2 3 5 2 0 0 1 12 2 2 4 0 3|1 1 3 1 2 1 0 5 13 1 10 3 1 1 1|9 3 2 2 3 0 4 1 1 0 5 0 4 1 1|3 1 1 2 7 1 2 3 1 1 0 2 3 1 4|0 1 1 0 2 2 0 0 1 0 0 1 0 4 1|1 1 4 3 2 1 0 1 4 8 6 1 2 0 0|1 1 0 4 1 2 4 1 1 1 1 4 4 2 1|3 3 3 4 0 8 2 1 1 1 1 0 0 0 1|1 2 3 4 0 3 9 1 0 1 1 1 7 0 1

第7个最优解：
Iter = 70
Nfe = 10950
Fitness = 77.64694553913144
The number of total device = 960
The number of various devices = 64 64 64 64 64 64 64 64 64 64 64 64 64 64 64
The scheme of allocation = 2 4 2 2 1 3 1 3 0 1 2 3 2 1 2|2 3 2 1 12 2 3 4 2 4 3 4 1 1 2|2 2 1 4 1 9 0 2 1 5 2 10 2 2 0|2 0 0 3 2 2 1 2 3 2 0 0 0 1 3|0 1 3 0 2 0 5 4 1 2 2 2 3 3 0|3 1 17 0 3 3 0 0 26 3 2 0 2 1 2|2 0 1 3 1 1 1 2 1 7 3 2 2 3 1|1 1 1 1 0 1 2 1 1 0 1 2 1 3 1|2 1 0 1 0 6 1 2 1 2 2 0 2 7 0|0 2 3 4 1 3 2 3 2 3 2 4 1 1 15|1 2 1 9 2 3 1 2 2 1 1 3 1 1 2|1 2 0 2 1 0 5 0 1 1 2 1 3 2 0|1 4 8 0 3 2 1 2 0 1 2 2 1 2 4|1 3 4 0 2 0 0 3 3 2 2 4 1 2 5|2 1 3 2 4 2 2 0 0 2 4 3 0 1 3|0 4 0 5 2 2 2 0 5 3 1 2 4 3 1|10 2 1 2 1 1 2 2 1 1 1 1 1 2 3|2 3 0 0 4 1 2 2 1 7 2 1 0 1 1|0 1 6 1 1 1 2 4 0 2 2 1 0 0 0|2 2 1 1 2 5 4 3 1 1 1 1 1 1 2|2 1 1 2 1 1 5 2 1 3 5 1 1 2 0|9 1 0 2 3 1 0 2 1 1 0 5 2 3 0|1 4 1 1 2 0 1 0 1 2 2 1 2 1 3|1 4 0 1 0 2 2 0 1 0 1 1 6 1 1|2 1 1 0 4 3 1 0 0 0 1 1 6 2 2|2 3 2 3 3 0 1 3 3 1 1 2 5 1 0|1 0 0 2 1 1 3 1 1 1 3 2 5 0 1|2 2 1 0 1 2 1 2 0 0 1 0 3 2 4|5 1 1 0 0 4 0 2 0 2 2 1 1 1 0|0 7 2 3 3 1 0 1 1 1 8 2 1 2 3|2 0 0 8 0 0 1 2 0 3 1 1 3 2 2|1 1 1 1 1 2 12 8 3 0 2 1 1 9 1

第8个最优解：
Iter = 289
Nfe = 44899
Fitness = 77.93095987597242
The number of total device = 960
The number of various devices = 64 64 64 64 64 64 64 64 64 64 64 64 64 64 64
The scheme of allocation = 1 2 3 2 0 2 1 3 11 3 1 0 2 1 1|1 3 2 0 4 1 3 3 7 1 2 7 1 1 1|1 1 2 1 1 2 2 1 2 1 1 3 1 0 1|2 6 1 1 2 13 1 1 0 2 6 4 9 0 2|2 2 0 3 1 1 0 1 2 1 2 3 6 3 1|0 6 2 0 3 4 3 1 1 1 4 0 1 1 0|1 2 1 0 6 1 2 1 0 1 1 0 3 1 4|1 1 1 3 0 2 1 1 2 1 2 2 2 2 3|0 1 0 0 5 4 3 0 8 1 4 1 0 1 2|0 2 3 4 2 2 1 1 2 3 1 0 1 2 0|1 1 1 2 1 1 3 2 0 0 3 7 2 0 9|2 2 2 3 0 1 6 5 1 1 2 1 2 3 4|5 2 1 2 1 1 6 1 0 1 1 0 4 1 1|2 2 3 7 1 1 0 0 1 1 1 0 5 2 2|3 2 3 2 1 1 1 1 1 1 3 2 2 0 4|0 0 3 3 3 0 0 1 3 2 1 0 1 9 0|0 6 3 1 2 0 1 0 0 2 3 2 1 2 1|0 4 2 3 2 2 5 1 2 5 1 1 2 1 6|11 1 1 0 1 0 4 2 1 3 3 1 4 11 4|1 1 3 1 0 11 0 0 2 7 2 1 0 3 1|3 1 3 2 3 1 1 5 0 4 0 6 0 0 0|2 1 1 1 3 0 1 2 0 1 5 2 1 1 1|3 1 2 3 5 2 2 1 2 1 2 3 3 1 1|2 2 5 4 2 1 0 14 2 2 1 3 3 2 1|1 1 2 2 2 2 0 0 1 0 2 5 3 2 2|12 2 2 1 5 2 5 3 2 1 2 1 0 1 1|4 1 4 0 1 0 2 3 1 1 2 0 2 3 1|0 1 1 2 1 2 1 1 0 0 2 1 1 2 1|1 1 1 0 3 1 2 8 6 3 1 3 1 2 5|1 3 1 3 1 1 3 0 1 6 2 3 0 0 2|1 0 1 2 1 1 1 1 1 5 0 0 1 3 1|0 3 4 6 1 1 3 0 2 2 1 2 0 3 1

第9个最优解：
Iter = 373
Nfe = 57919
Fitness = 76.87902392192028
The number of total device = 960
The number of various devices = 64 64 64 64 64 64 64 64 64 64 64 64 64 64 64
The scheme of allocation = 1 2 2 12 8 0 8 2 1 2 3 2 4 0 1|1 1 1 2 0 3 5 2 3 2 4 1 1 2 2|1 5 2 0 2 0 2 2 4 3 3 0 2 1 4|0 1 1 2 1 1 3 6 1 1 2 1 0 2 1|1 1 2 1 0 0 3 3 5 2 0 7 0 3 1|1 2 1 1 1 1 0 1 1 4 4 0 0 0 4|1 2 2 1 2 7 3 1 3 0 3 12 1 1 1|0 0 1 1 1 1 1 1 1 0 3 0 2 2 2|3 0 1 2 1 3 3 7 2 1 1 3 5 5 3|9 3 3 1 20 5 1 1 1 1 3 3 1 3 0|5 1 2 1 0 3 2 1 1 2 0 0 6 2 3|1 8 0 0 0 2 1 3 4 2 3 0 2 1 0|1 1 4 1 3 2 1 4 1 1 0 1 1 1 2|1 2 1 0 8 0 2 1 3 0 4 1 1 1 2|0 5 2 1 0 1 2 5 2 1 0 1 1 3 0|2 2 1 1 1 3 6 1 2 1 2 0 1 3 1|0 1 5 0 0 2 2 0 3 2 1 9 5 2 3|1 1 3 4 0 13 4 1 2 4 0 1 3 2 4|0 1 1 1 1 2 0 1 3 6 1 0 4 4 2|1 1 6 2 2 0 1 1 3 0 4 10 4 0 1|16 3 1 12 1 1 1 1 3 15 1 1 3 1 2|8 0 2 1 0 2 1 2 1 1 1 0 1 1 0|0 2 3 1 4 0 1 3 1 2 7 0 1 3 1|2 11 3 1 2 2 3 3 2 2 1 1 1 2 1|1 2 0 2 1 1 1 1 1 0 2 5 2 3 3|2 1 4 2 3 2 1 1 1 1 2 3 1 3 3|1 2 1 0 1 1 4 1 0 1 0 0 3 1 2|1 0 3 2 1 2 0 1 3 0 2 1 3 4 1|0 1 2 2 0 1 1 2 1 1 2 0 0 2 1|0 0 2 2 0 1 0 3 2 4 3 0 1 1 9|2 2 1 1 0 0 1 1 2 1 0 1 2 4 3|1 0 1 4 0 2 0 1 1 1 2 0 2 1 1

第10个最优解：
Iter = 306
Nfe = 47531
Fitness = 76.36900613347046
The number of total device = 960
The number of various devices = 64 64 64 64 64 64 64 64 64 64 64 64 64 64 64
The scheme of allocation = 2 1 0 4 1 0 1 1 2 0 1 1 2 5 0|8 3 2 2 1 0 1 1 2 1 1 3 3 5 6|2 2 7 5 1 0 1 2 1 0 1 1 2 1 1|1 4 0 3 1 0 3 0 0 4 0 3 2 0 1|1 1 1 1 4 0 2 1 1 2 3 2 3 2 0|1 0 2 0 1 0 2 0 2 2 2 2 1 2 0|3 1 1 0 0 1 2 1 1 1 1 0 2 2 7|2 2 1 2 4 0 1 3 3 0 1 2 1 6 2|2 1 1 1 0 1 2 5 2 3 2 4 0 0 1|1 4 2 2 1 7 1 1 1 1 2 1 5 1 3|2 0 1 15 2 0 0 2 1 1 2 0 1 3 2|3 0 0 1 2 3 1 0 5 9 15 2 1 0 1|7 1 1 1 2 2 1 3 1 1 1 2 3 4 1|2 1 1 0 2 2 1 3 3 1 5 4 1 1 3|1 1 0 3 3 0 2 0 4 2 1 2 2 3 0|1 1 5 0 2 0 1 5 1 1 1 2 1 1 1|2 1 1 2 1 31 0 0 0 1 1 3 3 1 0|1 2 1 0 1 0 20 0 4 1 1 0 2 3 1|2 2 2 1 3 4 3 4 1 2 1 4 4 1 6|0 1 2 0 3 2 1 2 3 9 1 1 10 2 2|3 0 2 2 1 0 2 1 4 1 3 1 1 1 6|1 5 3 1 1 1 1 0 1 2 1 6 2 2 1|0 1 1 1 2 2 3 12 0 2 0 3 0 1 1|2 7 4 0 1 1 0 0 4 3 3 2 0 1 1|3 1 0 5 0 1 0 1 0 1 1 2 2 0 1|2 1 1 1 14 2 2 3 3 4 2 1 1 6 0|2 4 1 2 2 0 7 5 1 2 0 2 0 1 5|2 1 1 1 1 0 0 2 1 2 0 1 1 2 2|1 8 3 2 2 0 1 4 8 0 1 3 1 0 2|1 1 4 1 3 0 2 1 1 0 8 2 1 0 2|1 2 11 1 0 1 0 0 2 3 1 0 4 5 2|2 4 2 4 2 3 0 1 1 2 1 2 2 2 3

第11个最优解：
Iter = 483
Nfe = 74992
Fitness = 78.64185916659753
The number of total device = 960
The number of various devices = 64 64 64 64 64 64 64 64 64 64 64 64 64 64 64
The scheme of allocation = 1 2 0 1 2 4 2 2 0 2 4 6 5 1 4|5 1 7 2 1 2 6 1 1 2 3 1 0 0 2|3 3 0 1 3 0 1 0 3 1 2 2 4 2 2|1 1 1 2 2 1 2 3 2 0 1 4 7 1 0|1 2 3 0 2 7 3 3 1 3 1 1 0 0 1|4 1 8 1 4 4 3 1 2 5 2 0 2 4 1|3 5 3 0 0 2 7 5 5 1 1 3 4 2 3|3 1 0 1 0 2 3 4 2 2 1 2 2 2 1|1 1 0 3 2 1 0 0 6 0 0 1 0 1 8|2 2 4 0 0 3 8 4 6 2 7 1 0 4 1|1 3 0 1 0 1 2 0 1 1 5 0 2 2 5|3 1 2 1 1 2 0 1 2 4 2 0 1 8 2|4 2 1 0 2 2 1 1 1 0 1 2 2 1 1|0 0 2 2 5 1 1 1 1 11 7 2 1 6 3|2 2 2 1 0 1 5 0 1 0 1 2 6 2 1|0 2 1 2 1 2 1 3 2 2 3 1 3 1 4|2 1 1 4 1 1 1 5 3 1 0 5 2 3 2|6 0 1 0 2 1 0 1 3 1 2 6 0 4 2|2 3 3 1 1 0 1 1 1 2 1 1 1 1 2|1 1 0 6 2 3 1 3 1 7 1 1 1 1 2|0 4 2 4 2 1 2 9 2 1 3 1 2 2 0|3 2 2 0 0 1 1 2 3 1 2 1 3 2 3|1 5 2 1 8 1 3 6 1 1 2 1 3 0 2|1 1 2 0 5 2 1 2 3 1 2 2 2 2 0|0 1 1 1 1 5 0 2 1 0 0 2 1 2 1|1 1 1 1 1 3 0 0 0 2 1 3 2 1 1|2 4 4 10 0 5 0 0 2 2 0 1 0 1 3|2 1 2 2 5 2 1 1 1 0 2 1 4 2 0|2 2 4 11 6 2 0 1 5 6 4 5 0 2 1|3 5 2 1 2 1 0 1 0 2 1 4 1 2 0|4 1 1 3 1 0 2 1 1 0 1 1 2 1 6|0 3 2 1 2 1 6 0 1 1 1 1 1 1 0

第12个最优解：
Iter = 357
Nfe = 55435
Fitness = 77.87450764475491
The number of total device = 960
The number of various devices = 64 64 64 64 64 64 64 64 64 64 64 64 64 64 64
The scheme of allocation = 4 2 4 1 0 1 0 4 4 13 4 0 13 2 3|0 1 1 1 2 1 1 3 1 1 6 10 2 3 0|2 0 6 1 0 4 3 1 0 1 2 2 5 4 4|4 1 0 2 1 1 2 3 1 1 1 4 1 4 2|4 5 0 1 2 4 0 3 3 3 0 6 1 2 1|1 0 2 4 3 0 0 1 9 2 0 2 1 6 1|2 0 3 1 1 1 6 1 3 1 1 1 2 1 3|5 1 1 4 6 4 2 3 2 1 2 3 1 3 1|3 0 1 3 3 3 1 2 3 2 1 1 2 3 3|0 2 3 1 2 10 5 1 0 1 4 2 1 3 6|5 2 2 0 3 0 1 1 1 2 2 5 1 0 2|1 1 1 3 1 0 0 0 4 1 4 3 1 1 2|1 1 0 2 1 1 1 1 1 2 1 1 1 2 4|2 0 3 1 4 0 1 2 2 3 1 1 1 1 1|2 24 3 1 1 4 1 1 1 2 1 0 2 1 6|2 0 1 5 2 0 8 1 1 0 9 0 0 3 1|1 0 1 1 1 3 1 1 3 7 3 2 1 0 1|0 1 1 7 1 4 4 1 4 0 1 0 1 1 1|2 1 0 2 0 4 1 3 4 1 2 1 1 1 3|1 1 0 0 4 3 0 8 4 2 1 1 2 1 3|2 1 1 1 2 0 3 4 1 1 0 0 1 2 1|2 1 9 5 1 5 1 1 0 2 0 3 1 2 4|3 3 6 1 10 0 4 2 2 1 2 1 3 3 0|2 0 7 2 1 1 0 2 2 2 3 1 0 2 2|1 1 1 5 1 2 0 4 2 0 0 5 1 2 2|1 0 0 1 1 1 9 1 2 0 1 1 1 1 2|1 5 1 1 1 1 2 1 1 2 1 0 4 1 0|1 1 1 0 2 1 2 3 3 3 1 1 2 1 0|1 0 2 0 1 0 1 3 0 2 3 1 3 1 0|0 4 1 1 1 1 1 1 0 0 6 2 3 3 2|3 5 1 1 2 4 1 1 0 3 1 2 1 3 0|5 0 1 5 3 0 2 0 0 2 0 2 4 1 3

第13个最优解：
Iter = 88
Nfe = 13740
Fitness = 79.5500061156582
The number of total device = 960
The number of various devices = 64 64 64 64 64 64 64 64 64 64 64 64 64 64 64
The scheme of allocation = 7 0 0 2 0 2 5 0 0 1 1 3 1 1 4|3 1 0 2 2 4 4 0 1 9 2 2 3 1 2|0 2 3 1 1 1 2 4 3 1 3 1 3 0 5|2 4 2 2 2 4 2 4 4 1 3 10 1 1 2|2 1 2 2 4 2 1 4 1 1 1 1 2 0 0|0 1 2 0 2 3 1 3 1 2 1 5 0 1 1|2 2 2 0 1 2 2 1 1 2 0 4 0 2 2|1 3 2 3 7 1 1 2 1 5 2 0 3 0 1|1 2 0 4 3 2 7 1 4 0 1 2 5 1 2|0 6 5 0 1 1 1 1 2 1 3 2 0 5 2|3 1 1 5 2 2 0 0 4 2 1 1 1 0 1|2 6 1 0 1 2 5 1 4 0 1 1 2 3 2|2 1 1 2 3 2 1 1 3 2 1 1 3 6 0|0 1 3 1 2 1 2 0 5 1 2 1 0 2 3|5 1 1 2 0 2 3 1 2 1 1 3 2 0 6|6 1 2 2 3 2 1 1 2 0 1 1 2 2 1|1 1 0 2 1 4 0 3 0 1 1 0 2 3 2|5 2 3 1 0 1 3 0 2 8 1 1 2 1 2|1 4 4 1 2 0 5 2 2 4 3 1 1 2 2|0 1 3 8 1 0 1 1 0 1 2 1 1 1 3|0 1 2 1 2 1 2 1 3 2 5 0 1 1 0|3 7 1 2 7 2 2 3 0 3 1 6 2 1 3|1 2 7 4 0 0 1 2 1 5 2 4 5 1 1|7 1 1 2 1 2 1 8 3 2 2 1 0 3 1|0 2 2 3 2 1 2 1 6 2 1 0 1 1 0|2 3 1 2 1 1 0 12 2 3 5 1 3 2 7|1 2 1 4 2 3 4 2 0 0 4 1 1 12 0|1 2 0 1 2 3 3 2 2 1 2 2 3 0 3|2 1 5 3 3 5 1 1 1 1 3 3 2 1 1|2 0 2 0 3 6 0 0 0 1 1 3 2 8 4|1 1 2 0 2 0 1 1 2 0 6 1 9 1 0|1 1 3 2 1 2 0 1 2 1 1 1 1 1 1

第14个最优解：
Iter = 25
Nfe = 3976
Fitness = 77.83957530183842
The number of total device = 960
The number of various devices = 64 64 64 64 64 64 64 64 64 64 64 64 64 64 64
The scheme of allocation = 6 1 1 2 1 1 4 1 0 0 6 1 2 3 0|1 0 2 2 3 3 1 1 2 3 3 1 0 4 1|4 3 4 3 0 1 2 14 0 2 2 4 3 3 2|6 1 1 1 2 1 0 0 0 6 2 0 0 4 1|3 4 6 4 1 0 1 1 0 0 0 2 7 0 9|2 0 2 1 3 4 2 1 2 2 1 2 0 3 3|3 3 0 1 3 1 0 3 4 5 1 2 3 2 5|2 3 2 4 5 1 2 4 0 3 2 3 0 3 1|3 2 1 1 1 3 2 0 0 1 2 1 0 0 2|2 2 1 1 1 3 1 0 5 1 1 7 1 0 2|1 2 1 1 2 4 0 1 1 3 1 2 3 3 1|0 2 4 4 1 1 6 1 2 3 2 1 1 1 1|0 1 0 3 4 3 3 7 1 1 1 1 1 3 2|0 4 1 0 1 3 1 1 2 2 1 2 1 3 1|0 1 2 4 3 2 1 7 4 1 2 1 4 2 7|2 0 1 1 1 1 4 2 0 0 2 1 1 1 2|4 1 2 2 1 0 3 1 3 6 1 2 4 3 0|4 1 3 2 2 3 2 5 4 0 0 0 0 1 1|4 2 5 3 0 1 2 2 0 3 1 0 0 1 1|1 0 2 4 6 6 2 1 3 0 4 5 1 1 1|3 1 2 1 5 1 2 0 4 0 1 1 1 10 2|2 1 0 1 2 0 2 1 3 0 2 6 1 0 1|1 1 1 2 1 2 2 2 4 3 1 0 1 0 0|0 2 6 1 4 4 1 1 5 3 2 5 2 2 2|0 2 2 3 0 0 5 1 1 1 8 1 2 1 1|2 6 4 2 2 8 2 1 0 2 1 5 15 1 0|2 0 2 2 5 1 2 0 7 1 1 2 2 0 4|0 9 1 2 1 1 1 0 3 2 1 1 1 3 2|1 2 0 2 2 4 2 1 0 1 1 2 1 2 2|2 3 2 1 0 0 2 1 2 3 1 1 2 0 1|3 2 3 1 1 0 4 0 1 4 1 0 3 3 2|0 2 0 2 0 1 0 3 1 2 9 2 1 1 4

第15个最优解：
Iter = 532
Nfe = 82563
Fitness = 76.50888483462978
The number of total device = 960
The number of various devices = 64 64 64 64 64 64 64 64 64 64 64 64 64 64 64
The scheme of allocation = 2 1 1 0 1 1 2 3 2 8 1 1 1 5 12|3 1 3 1 2 1 1 3 3 1 5 1 5 0 1|5 0 0 0 4 0 3 2 1 1 2 1 1 3 0|2 0 2 1 2 1 5 1 3 1 0 2 3 2 2|5 5 10 6 1 0 1 1 1 3 5 0 1 2 0|2 1 2 0 3 1 0 2 1 0 1 0 4 2 2|3 0 1 3 2 2 0 2 1 1 3 0 5 3 1|0 1 4 0 2 1 0 2 1 1 0 3 0 1 4|1 1 3 0 1 1 1 1 2 2 5 2 0 2 1|3 11 2 0 2 2 3 1 2 0 3 1 3 1 3|1 7 1 1 0 0 2 0 2 1 1 0 5 0 1|4 3 0 0 8 1 6 1 1 1 4 2 0 1 1|2 5 1 0 0 2 0 4 2 5 2 1 1 4 1|2 0 0 3 2 2 2 3 1 6 5 1 4 0 2|1 1 1 10 1 1 1 0 9 5 0 3 0 1 4|3 1 1 0 2 0 1 2 2 4 0 0 2 2 0|1 0 2 2 2 2 1 1 5 2 2 4 2 2 3|1 1 4 1 1 1 2 1 1 1 1 4 3 0 4|2 1 1 4 2 1 1 6 4 1 0 2 0 3 1|2 1 3 0 1 6 3 3 3 1 3 1 2 0 3|0 13 1 1 1 2 2 0 1 1 4 3 2 3 1|2 3 0 1 0 1 1 1 1 1 1 2 2 5 0|4 1 1 0 1 20 3 1 1 3 1 2 1 7 2|1 1 2 1 2 0 2 2 2 3 1 0 0 0 2|5 0 2 4 1 0 0 2 0 4 5 2 1 1 1|1 1 1 4 10 1 6 1 8 0 0 4 4 1 0|0 0 3 1 1 1 2 2 0 0 1 6 3 3 5|2 0 1 4 1 9 2 5 0 0 1 1 1 1 1|0 1 2 1 2 1 1 3 1 4 1 6 5 1 2|1 1 4 13 1 2 5 2 2 0 1 0 1 2 2|3 1 1 1 1 0 1 3 1 1 3 7 0 2 1|0 1 4 1 4 1 4 3 0 2 2 2 2 4 1

第16个最优解：
Iter = 96
Nfe = 14984
Fitness = 78.87718703047238
The number of total device = 960
The number of various devices = 64 64 64 64 64 64 64 64 64 64 64 64 64 64 64
The scheme of allocation = 0 1 2 2 3 1 1 0 1 0 0 2 4 1 1|1 4 1 3 0 1 1 1 1 1 6 1 0 2 3|3 1 4 0 2 3 1 0 4 2 1 1 0 7 1|1 4 1 8 1 1 3 3 5 3 0 5 2 0 6|2 0 2 0 6 1 2 3 2 1 1 5 1 1 7|4 0 0 4 3 2 6 1 3 1 2 1 1 2 0|0 0 4 3 0 3 0 1 1 0 2 0 1 3 1|2 15 1 0 1 3 1 1 1 0 1 1 1 1 3|2 4 2 0 1 6 1 3 1 0 10 5 4 5 3|3 1 0 1 9 0 4 6 0 1 0 6 1 2 0|3 1 2 3 2 3 1 1 1 1 1 1 2 0 1|4 1 3 2 1 1 8 3 6 2 1 1 0 2 0|1 2 0 1 1 2 1 1 4 3 3 1 2 1 1|0 7 1 2 9 0 1 1 2 4 1 1 3 1 3|2 0 1 0 4 2 2 2 1 1 4 3 4 1 1|0 6 3 0 1 1 2 2 1 1 1 0 2 2 5|3 2 2 5 1 4 1 2 2 2 0 2 2 2 4|3 2 1 2 1 2 5 5 2 2 1 0 4 6 2|2 1 1 3 6 4 2 2 2 1 4 1 1 1 2|1 2 1 0 1 0 7 1 2 10 2 1 1 3 1|4 1 1 2 4 1 0 1 0 3 3 1 2 4 1|1 0 6 1 0 1 2 1 1 0 1 2 2 2 1|1 1 2 1 2 1 1 4 2 1 4 1 0 2 0|3 1 1 2 0 2 1 1 2 1 1 0 2 1 1|4 3 1 3 0 1 2 2 0 2 0 4 5 1 1|3 0 1 1 1 7 0 3 2 0 1 2 1 0 3|3 0 2 5 0 1 1 3 2 11 1 4 5 4 2|2 1 5 2 1 3 0 0 0 1 5 1 3 2 2|0 1 0 3 1 1 2 3 1 4 4 1 1 1 1|1 1 1 0 2 3 3 2 8 1 1 3 2 0 2|4 1 4 4 0 1 0 0 1 1 0 4 4 2 2|1 0 8 1 0 2 2 5 3 3 2 3 1 2 3

第17个最优解：
Iter = 463
Nfe = 71865
Fitness = 77.52372677121853
The number of total device = 960
The number of various devices = 64 64 64 64 64 64 64 64 64 64 64 64 64 64 64
The scheme of allocation = 2 0 10 5 0 0 1 1 5 5 2 2 1 3 1|5 0 3 1 1 1 3 0 1 1 7 2 0 3 1|2 5 2 2 1 0 1 2 1 1 6 1 0 0 4|3 3 1 2 1 1 1 1 2 3 0 1 5 4 1|5 2 1 5 1 1 1 9 1 0 2 2 6 0 1|1 2 1 0 3 1 3 1 2 4 2 2 1 1 2|0 1 0 2 2 3 1 4 1 2 1 0 2 8 2|1 3 0 1 1 1 2 2 1 0 1 2 2 2 0|1 2 0 4 1 3 1 2 1 1 2 1 2 2 3|1 1 4 0 0 1 2 0 1 5 4 3 2 0 3|1 2 4 1 1 4 1 0 1 1 0 1 1 0 5|8 6 6 0 3 1 3 1 2 3 1 5 0 2 2|3 2 5 0 0 0 1 1 3 1 4 1 1 2 0|1 1 2 1 7 1 2 2 1 4 3 6 2 0 2|4 1 1 0 1 1 6 0 1 0 2 2 3 0 1|2 1 0 2 1 7 7 2 0 4 1 1 1 10 1|2 2 2 3 1 1 5 1 1 1 2 1 2 3 1|0 1 4 2 3 9 2 1 6 0 7 4 3 2 2|1 1 0 2 2 2 2 2 1 8 0 4 7 3 0|2 2 1 3 2 2 2 1 2 0 3 2 2 1 2|1 6 1 0 1 2 1 2 2 1 2 4 1 0 13|0 3 2 1 6 0 1 1 2 2 1 0 2 0 2|1 2 1 1 0 1 0 1 3 2 1 3 3 5 1|5 1 0 2 2 1 1 1 5 1 1 3 1 0 1|0 0 0 2 3 3 2 12 2 1 1 1 2 0 0|3 5 6 1 2 0 3 0 2 2 2 1 3 0 3|0 1 1 11 1 1 2 7 1 1 1 1 2 2 5|5 4 2 1 2 3 0 1 0 1 1 0 0 0 0|3 1 1 0 1 1 0 1 6 1 1 2 2 2 0|1 1 1 1 1 1 6 1 2 1 3 1 1 4 4|0 2 1 0 9 10 1 1 2 5 0 1 1 1 1|0 0 1 8 4 1 0 3 3 2 0 4 3 4 0

第18个最优解：
Iter = 90
Nfe = 14051
Fitness = 76.83153178082584
The number of total device = 960
The number of various devices = 64 64 64 64 64 64 64 64 64 64 64 64 64 64 64
The scheme of allocation = 1 1 0 0 2 0 2 0 2 1 7 3 1 3 0|2 1 3 0 16 1 1 1 0 3 0 2 1 0 3|2 1 1 2 0 1 1 2 0 0 2 0 1 2 2|1 3 0 2 2 1 1 2 0 2 1 1 5 9 2|5 4 1 2 1 1 3 2 8 3 1 0 2 1 2|2 2 3 0 1 2 2 5 2 1 4 2 14 2 4|1 2 1 1 1 1 2 0 0 2 3 2 0 0 1|2 2 3 0 2 1 2 2 1 1 3 1 1 1 3|3 1 1 1 1 1 1 1 2 0 0 2 1 4 1|2 1 0 8 1 0 1 1 1 1 2 6 1 3 1|0 1 3 2 1 4 4 0 2 0 4 1 2 0 2|3 1 4 5 8 4 2 8 1 1 0 1 2 1 2|1 2 2 1 2 1 1 2 1 0 1 1 2 4 2|1 5 1 1 10 0 0 1 0 1 2 1 1 1 2|0 1 3 0 1 3 0 4 2 6 1 1 1 1 2|1 1 3 2 1 0 2 5 2 4 1 3 5 0 1|5 2 2 1 0 1 2 2 1 1 2 1 5 2 3|3 0 1 1 0 1 3 0 7 7 1 5 5 5 3|1 5 1 6 1 0 2 5 5 1 5 4 0 1 5|0 1 3 1 0 2 2 1 0 2 1 0 1 0 1|4 2 3 1 3 1 18 2 2 1 2 3 0 1 2|2 0 1 16 2 0 0 2 9 0 2 1 0 2 1|2 6 10 1 2 1 2 2 4 1 2 1 1 6 0|0 3 1 1 1 13 0 1 0 0 1 0 2 4 3|1 3 1 1 1 1 4 0 0 1 4 3 1 2 4|1 0 0 0 1 2 1 2 1 15 1 4 1 1 1|1 3 1 5 1 1 1 2 3 1 1 2 1 2 1|5 1 1 0 0 11 1 2 6 0 4 1 1 0 2|0 3 2 0 0 4 1 2 0 4 2 0 5 0 1|2 2 3 1 0 1 1 1 1 2 1 1 0 3 3|5 3 4 1 1 3 0 0 0 2 0 2 1 3 2|5 1 1 1 1 1 1 4 1 0 3 9 0 0 2

第19个最优解：
Iter = 452
Nfe = 70161
Fitness = 76.85901083314515
The number of total device = 960
The number of various devices = 64 64 64 64 64 64 64 64 64 64 64 64 64 64 64
The scheme of allocation = 1 3 1 1 1 2 3 4 3 0 6 1 1 3 1|2 2 0 0 1 2 0 1 1 2 2 2 1 2 1|5 1 1 6 1 1 1 1 3 3 5 5 1 0 0|1 4 2 0 2 2 1 0 1 1 1 2 0 0 0|2 3 0 3 0 0 3 0 1 1 1 1 5 1 1|5 5 2 3 2 1 7 1 1 0 2 0 0 1 1|2 0 0 1 3 3 4 4 3 2 3 1 1 1 1|1 8 6 1 3 1 5 9 5 3 0 8 0 1 2|0 2 1 1 4 5 1 0 9 2 0 1 3 1 2|9 1 2 0 2 1 0 3 1 3 2 1 0 1 5|0 0 9 3 0 1 1 4 5 2 1 1 3 3 1|1 1 0 0 0 5 2 1 1 2 2 0 1 6 1|2 1 1 3 0 2 2 0 1 0 7 5 1 1 1|1 5 0 1 1 1 5 1 1 4 1 1 2 1 10|1 3 2 2 3 5 1 2 2 1 2 3 0 2 1|4 2 1 0 2 3 1 2 2 2 0 1 2 2 0|1 1 7 2 2 1 5 4 2 0 2 0 4 2 4|1 3 0 7 2 1 0 2 3 2 1 1 2 1 1|0 2 4 2 5 5 7 1 1 1 4 2 1 2 1|6 2 4 0 3 1 1 1 1 0 1 7 0 1 1|5 0 1 0 0 2 2 1 2 0 3 1 1 4 0|1 5 2 1 10 1 1 0 1 6 1 3 8 4 0|1 0 0 4 1 2 0 1 0 10 3 5 1 3 1|0 0 0 1 2 2 1 1 1 0 2 3 2 4 2|0 1 3 4 0 3 1 1 1 1 1 1 2 1 1|3 1 4 5 3 3 1 3 4 3 0 0 0 3 2|1 1 1 2 2 1 1 3 1 1 2 1 0 4 1|2 0 4 0 4 0 2 9 0 4 2 1 0 3 1|4 1 4 5 1 3 2 1 1 2 1 0 2 0 7|1 4 1 1 2 3 1 0 1 2 3 2 14 4 2|1 0 1 4 1 0 2 3 1 0 2 2 1 1 11|0 2 0 1 1 1 0 0 4 4 1 2 5 1 1

第20个最优解：
Iter = 306
Nfe = 47531
Fitness = 77.54762390941424
The number of total device = 960
The number of various devices = 64 64 64 64 64 64 64 64 64 64 64 64 64 64 64
The scheme of allocation = 2 0 1 1 1 1 1 3 3 3 1 0 2 1 3|2 3 6 2 4 3 1 1 1 1 1 4 2 1 4|2 1 1 1 0 1 3 1 0 2 4 0 0 0 0|2 0 1 0 1 1 1 2 1 7 1 2 1 1 0|1 0 4 1 2 2 1 3 0 2 1 2 1 4 1|0 5 1 1 2 4 2 2 3 0 2 1 2 3 2|0 2 1 4 5 1 4 2 3 0 4 1 3 3 1|8 2 3 1 1 1 2 3 2 2 0 0 4 8 0|7 1 1 1 12 0 4 1 1 3 3 0 2 0 2|2 5 1 2 3 4 1 3 4 1 1 1 0 2 9|4 2 1 1 1 2 2 0 3 4 2 2 1 1 2|1 3 1 0 1 6 1 0 2 0 1 1 2 2 1|1 2 1 6 2 1 3 3 1 6 1 4 0 1 1|3 3 1 2 1 1 9 3 7 3 2 2 13 1 1|3 3 8 1 1 1 0 2 5 1 0 3 1 2 3|3 0 2 0 1 2 0 1 0 7 4 1 3 2 0|1 3 2 26 0 4 1 2 0 1 1 10 6 2 0|2 4 2 1 3 2 2 4 1 2 4 5 1 0 13|2 4 7 2 3 1 3 1 1 0 3 5 1 2 3|1 0 0 0 1 2 2 1 1 1 8 0 0 1 1|2 1 1 1 0 0 2 3 6 1 1 1 2 6 0|0 0 1 1 1 2 3 1 1 2 0 1 4 1 0|2 0 3 0 1 2 2 2 3 0 4 2 2 3 1|2 3 1 1 1 2 1 0 2 1 1 1 3 2 0|0 2 1 5 3 2 2 7 2 1 1 0 1 1 1|0 1 0 0 1 0 2 2 1 3 1 1 1 3 4|1 5 5 0 2 7 1 0 1 1 4 2 4 1 0|5 1 2 0 0 4 1 3 0 1 1 3 0 4 4|1 0 2 0 2 1 4 2 5 2 4 5 0 3 4|0 2 1 0 0 1 0 1 0 2 0 2 1 0 1|3 4 1 1 6 1 3 1 3 4 1 1 1 1 1|1 2 1 2 2 2 0 4 1 0 2 1 0 2 1

第21个最优解：
Iter = 149
Nfe = 23195
Fitness = 75.91243359892168
The number of total device = 960
The number of various devices = 64 64 64 64 64 64 64 64 64 64 64 64 64 64 64
The scheme of allocation = 3 1 0 2 3 2 2 1 2 0 2 0 2 0 4|1 1 1 1 2 2 2 1 1 2 12 1 0 3 2|1 2 2 7 2 1 0 0 3 3 1 0 3 0 0|3 2 9 0 3 2 4 4 5 4 1 0 1 1 1|2 1 1 1 0 1 1 4 1 3 2 0 1 8 2|1 0 1 4 1 3 2 2 0 0 2 0 2 0 3|5 1 2 0 1 1 7 0 1 3 1 1 1 3 0|2 2 2 1 1 1 2 1 1 1 2 4 1 1 0|1 1 3 1 2 1 1 1 3 1 1 1 2 2 0|2 1 1 2 1 1 1 1 1 0 5 5 0 4 1|1 1 0 0 1 1 1 3 3 4 1 0 1 1 3|3 0 0 0 8 1 1 3 1 5 0 0 0 1 1|2 13 6 1 0 4 3 2 1 1 0 1 2 1 2|1 0 1 1 3 3 4 3 2 3 0 2 1 0 1|1 1 1 19 1 4 2 1 1 1 1 0 4 3 8|6 1 0 1 0 10 1 1 1 1 1 1 4 2 0|1 1 0 1 1 5 0 3 0 2 2 1 1 3 0|3 13 3 1 2 1 1 0 2 1 1 0 4 1 1|0 1 0 0 1 3 1 5 1 3 2 1 2 3 0|2 3 2 2 4 1 1 1 0 1 1 2 3 1 4|1 0 2 1 2 1 7 1 7 3 6 1 6 2 3|1 0 1 3 6 1 3 0 3 2 2 0 3 2 0|0 4 2 1 3 1 2 2 0 3 5 30 4 1 10|1 2 4 1 1 1 0 1 2 1 4 1 2 1 2|5 1 2 0 0 1 3 3 0 4 3 0 0 1 1|0 0 0 4 2 2 1 10 6 3 1 0 1 7 2|0 1 12 3 2 2 1 1 0 2 1 1 1 2 3|3 3 0 2 0 1 3 2 1 1 2 0 1 4 4|5 3 1 1 5 1 4 2 1 2 1 2 2 1 1|3 1 0 1 2 1 0 2 2 1 0 0 3 2 1|3 1 4 1 4 2 0 3 0 2 1 2 3 1 3|1 2 1 1 0 2 3 0 12 1 0 7 3 2 1

第22个最优解：
Iter = 218
Nfe = 33894
Fitness = 76.51482259767609
The number of total device = 960
The number of various devices = 64 64 64 64 64 64 64 64 64 64 64 64 64 64 64
The scheme of allocation = 1 0 2 2 1 1 1 2 3 0 2 4 2 0 0|1 1 11 1 1 3 1 2 8 2 1 1 3 1 1|0 1 4 7 3 3 1 1 1 1 1 3 2 4 4|2 1 0 1 0 2 6 0 2 0 7 0 3 1 3|1 1 0 3 3 1 1 1 2 1 1 2 5 4 0|1 2 3 2 5 2 0 1 2 0 1 2 4 2 2|2 0 1 0 8 1 4 3 1 4 1 1 3 1 1|2 5 3 2 2 6 1 6 1 1 2 3 3 2 3|3 1 0 1 1 0 0 2 4 1 1 1 2 0 1|1 2 1 2 0 1 1 1 2 4 1 1 2 2 2|7 1 2 1 2 1 1 1 1 2 7 1 4 8 16|15 0 1 0 4 0 1 0 5 1 2 1 1 2 2|1 0 1 4 1 1 4 1 1 2 1 3 2 0 1|3 4 3 1 0 2 1 1 2 0 1 2 1 1 3|1 0 0 4 1 2 2 2 1 3 3 1 4 1 4|2 17 2 2 3 1 3 4 0 4 1 1 1 5 2|0 0 1 2 1 2 0 2 2 3 0 2 0 0 0|5 1 1 2 0 1 4 3 0 1 1 1 3 1 1|2 2 3 4 2 1 1 5 1 2 1 10 1 0 0|3 2 2 2 2 2 4 0 0 1 1 3 1 4 0|0 1 0 0 1 2 1 0 3 1 0 6 2 1 1|0 2 4 3 0 1 0 2 1 0 3 1 3 8 1|0 1 2 3 0 0 3 1 0 1 1 1 1 0 1|2 0 0 1 2 9 0 2 2 1 3 4 1 1 5|1 2 5 7 4 1 2 13 7 1 3 1 3 0 3|1 1 0 0 1 3 2 1 3 1 0 1 0 1 0|0 3 1 0 1 1 1 2 4 8 1 1 1 0 0|1 3 2 0 2 3 10 2 1 2 1 1 1 2 1|1 3 3 1 1 4 3 1 2 5 1 2 1 3 1|0 1 3 0 2 3 1 0 0 2 10 1 2 3 2|5 1 3 2 5 3 2 2 1 7 5 2 1 3 0|0 5 0 4 5 1 2 0 1 2 0 0 1 3 3

第23个最优解：
Iter = 522
Nfe = 81012
Fitness = 77.24601379963245
The number of total device = 960
The number of various devices = 64 64 64 64 64 64 64 64 64 64 64 64 64 64 64
The scheme of allocation = 2 2 0 3 3 1 6 1 1 3 3 1 3 3 3|2 3 3 2 3 1 1 1 1 3 1 1 3 0 0|2 1 6 4 1 2 1 1 1 1 1 0 0 1 1|1 1 0 2 0 1 1 1 1 2 3 0 1 2 2|3 1 2 0 0 0 2 2 0 1 5 0 1 0 3|1 10 0 2 3 14 0 13 2 2 1 2 0 1 3|1 1 0 1 4 2 1 1 3 1 3 1 7 0 1|0 3 4 1 4 2 4 2 3 1 1 2 1 2 3|1 4 6 2 5 0 1 0 2 5 1 6 3 3 0|1 0 4 1 4 2 1 0 0 0 5 1 2 6 1|0 1 0 3 2 2 1 0 1 1 1 0 1 6 1|0 2 0 2 3 10 0 6 3 2 4 3 2 4 3|2 1 1 2 0 1 0 3 5 2 1 2 1 5 3|9 1 2 2 0 4 0 2 8 4 1 0 8 3 4|1 1 1 1 1 3 1 1 1 0 5 3 1 2 2|1 1 1 8 1 3 2 2 0 9 6 1 0 1 0|1 2 0 3 2 1 3 3 2 2 1 1 2 1 2|3 1 3 2 2 2 0 1 0 1 2 4 1 0 1|1 2 1 0 2 1 1 1 3 1 0 0 3 1 2|0 2 1 1 0 1 1 0 1 5 2 1 4 0 2|1 2 0 13 1 2 5 0 3 0 1 2 1 1 2|1 3 3 2 8 2 0 2 2 4 1 2 1 3 2|2 1 1 0 2 1 15 1 2 1 2 3 2 2 1|2 1 5 1 2 0 4 1 2 0 0 7 2 2 0|1 0 3 1 1 2 1 0 1 3 4 1 3 1 6|3 6 2 0 2 0 4 1 7 1 0 0 3 1 2|10 1 0 1 4 2 2 5 4 2 2 5 1 1 2|1 1 5 1 1 2 1 2 1 4 1 1 2 0 5|5 1 1 0 0 0 0 2 1 2 1 11 1 7 2|2 1 1 2 1 0 0 3 1 0 1 1 3 1 1|2 4 2 1 1 0 4 5 0 1 3 0 0 3 4|2 3 6 0 1 0 1 1 2 0 1 2 1 1 0

第24个最优解：
Iter = 576
Nfe = 89380
Fitness = 78.26851800429456
The number of total device = 960
The number of various devices = 64 64 64 64 64 64 64 64 64 64 64 64 64 64 64
The scheme of allocation = 2 4 1 3 0 3 1 2 4 2 1 5 1 1 2|2 2 2 4 0 2 2 0 2 2 1 1 2 0 1|2 1 0 1 4 0 1 3 3 3 1 2 2 2 1|4 1 0 2 0 1 3 6 1 1 1 0 2 0 6|2 0 1 0 3 2 1 4 3 1 0 2 2 1 1|0 2 2 1 1 0 3 2 1 3 4 0 0 0 0|1 3 0 1 3 0 7 3 2 1 1 4 4 4 1|3 1 0 3 2 4 3 2 1 3 3 2 1 0 7|0 1 3 2 0 1 1 0 0 2 3 2 1 1 1|2 5 0 3 0 10 3 3 1 2 1 7 1 1 1|1 0 3 4 2 3 0 1 1 6 2 5 3 4 5|4 1 3 1 2 7 1 2 0 4 7 1 1 8 4|7 2 3 2 0 1 2 1 1 3 2 0 1 3 1|3 3 2 5 1 1 1 5 6 1 1 1 5 3 1|2 3 3 3 5 0 0 2 2 2 3 3 3 2 2|3 5 7 1 1 1 1 3 5 1 2 1 2 3 3|0 0 7 0 1 2 1 1 1 1 0 0 4 0 0|0 3 1 1 2 1 1 0 5 2 4 2 2 5 1|3 0 2 2 2 0 3 0 0 2 2 2 1 0 2|5 2 2 2 5 1 2 4 1 2 1 2 1 1 2|2 2 0 1 1 3 5 1 3 1 2 4 2 3 4|2 1 1 0 4 1 2 2 3 1 2 0 5 4 2|1 0 4 1 1 9 1 7 3 1 0 4 0 2 2|1 2 0 1 1 5 0 1 0 2 1 1 1 0 6|3 0 0 1 15 0 1 2 0 2 0 3 1 4 1|2 4 3 1 1 1 2 2 2 1 2 2 3 0 3|1 5 2 3 3 1 0 1 0 1 4 2 1 2 1|2 1 6 1 1 2 14 0 1 4 3 0 5 3 1|2 5 0 1 1 1 1 1 9 1 6 1 3 1 0|0 3 2 7 0 1 1 1 1 1 1 2 0 3 0|0 1 1 3 0 0 0 1 1 3 1 1 1 1 1|2 1 3 3 2 0 0 1 1 2 2 2 3 2 1

第25个最优解：
Iter = 63
Nfe = 9867
Fitness = 78.83042787158394
The number of total device = 960
The number of various devices = 64 64 64 64 64 64 64 64 64 64 64 64 64 64 64
The scheme of allocation = 1 1 2 4 0 6 1 1 2 16 2 0 1 2 3|0 0 2 1 3 3 2 0 5 0 0 0 1 2 1|2 0 2 4 2 1 2 2 0 2 3 1 1 1 8|1 0 0 1 1 1 0 0 1 1 2 1 2 1 0|1 2 2 2 6 1 3 1 6 1 4 0 5 2 4|0 6 2 1 2 3 1 6 0 1 1 1 2 2 1|1 2 3 4 4 2 2 5 1 3 2 1 3 1 1|0 10 3 1 0 2 13 3 1 2 3 3 1 1 2|1 1 1 1 15 1 1 4 2 1 1 1 2 1 2|3 6 2 5 3 1 2 5 6 4 2 1 1 3 1|2 5 2 2 0 1 2 2 2 2 2 2 2 2 1|3 1 1 2 1 5 2 8 0 0 1 2 0 4 0|0 1 5 2 1 1 0 1 1 2 0 9 7 2 2|6 0 1 1 1 1 2 0 2 4 0 1 0 3 0|1 4 1 1 1 3 2 0 1 2 2 2 6 1 4|4 1 3 4 2 2 1 2 3 2 0 1 3 4 2|0 1 2 1 1 1 2 6 1 4 15 6 3 6 2|1 2 0 2 1 2 2 1 0 1 1 4 1 2 1|3 0 2 1 1 2 1 1 0 1 0 3 1 1 1|0 1 2 1 0 5 1 1 1 2 0 2 1 1 0|3 1 2 2 2 2 3 1 2 1 2 5 3 1 1|2 0 3 1 5 2 2 2 6 2 4 2 2 4 3|2 1 2 2 1 6 2 0 1 1 2 2 4 3 1|1 1 2 2 0 2 0 1 1 1 3 0 2 1 4|3 8 1 3 0 0 3 1 1 1 0 1 1 4 2|2 0 1 3 1 1 2 0 2 1 0 1 1 2 2|1 4 8 1 3 1 3 2 2 1 6 3 1 1 1|2 1 3 0 1 0 0 1 6 1 0 2 1 2 1|2 1 1 6 0 0 0 0 3 1 0 1 1 1 9|6 2 0 2 5 2 5 1 1 1 2 0 2 0 3|1 1 3 0 1 2 0 3 1 0 3 6 2 1 1|9 0 0 1 0 2 2 3 3 2 1 0 1 2 0

第26个最优解：
Iter = 427
Nfe = 66285
Fitness = 77.61256039954317
The number of total device = 960
The number of various devices = 64 64 64 64 64 64 64 64 64 64 64 64 64 64 64
The scheme of allocation = 3 0 2 2 4 3 2 1 0 1 6 3 2 2 0|2 4 0 2 1 0 1 1 3 1 1 1 2 1 2|3 2 1 2 0 2 2 4 3 4 0 2 2 0 1|3 1 1 11 3 2 2 3 0 1 0 0 0 5 0|1 2 7 0 1 5 0 1 1 2 1 8 8 3 1|3 1 2 3 1 4 4 2 0 0 2 4 0 1 0|2 7 0 1 0 1 1 6 8 2 3 1 2 2 3|2 1 6 1 0 2 3 1 1 1 1 3 4 2 2|3 1 3 3 1 1 2 1 5 3 1 4 3 0 3|1 0 0 7 2 2 2 2 0 0 1 4 1 1 1|3 0 0 3 1 3 1 1 1 2 3 0 2 0 1|0 0 3 0 1 1 1 1 0 0 0 1 1 1 1|1 1 0 1 1 1 6 1 0 1 0 2 3 2 1|7 0 6 0 3 1 3 1 0 1 1 1 2 1 3|4 1 1 2 1 1 1 5 5 0 1 1 1 4 3|1 1 1 4 3 1 5 3 0 1 2 2 2 0 1|1 5 1 2 0 1 2 2 0 4 1 1 2 4 4|0 2 2 1 4 1 2 0 7 1 1 2 1 1 3|2 4 2 0 4 1 0 2 3 1 0 7 1 10 2|0 6 2 3 1 0 4 1 1 0 1 0 1 1 3|1 1 4 1 2 1 2 4 4 1 3 0 2 5 1|1 2 1 0 3 1 1 2 0 3 1 1 4 1 1|1 1 0 1 1 2 3 1 3 2 0 1 2 2 1|2 3 3 0 7 0 2 10 3 5 1 0 3 2 2|2 0 2 1 1 2 3 1 2 4 1 0 2 2 5|3 1 3 2 11 1 1 2 0 12 3 1 3 0 9|0 1 5 1 4 1 1 2 1 1 1 0 2 1 3|2 4 0 2 1 4 1 0 2 3 13 1 2 6 1|2 4 1 1 0 2 2 1 1 3 0 1 2 1 1|3 0 2 1 1 2 1 1 3 1 2 7 0 0 0|2 6 2 2 0 0 2 0 5 2 7 4 0 2 0|3 2 1 4 1 15 1 1 2 1 6 1 2 1 5

第27个最优解：
Iter = 560
Nfe = 86903
Fitness = 76.41275071496759
The number of total device = 960
The number of various devices = 64 64 64 64 64 64 64 64 64 64 64 64 64 64 64
The scheme of allocation = 1 0 0 0 1 5 0 1 2 1 1 2 1 2 4|0 1 1 3 5 1 3 0 0 2 1 2 1 1 2|2 2 4 1 3 1 4 3 4 2 1 3 2 0 2|1 1 5 1 2 13 3 2 3 0 1 2 1 0 1|1 1 1 0 0 1 1 0 5 0 1 3 2 0 2|2 2 5 1 2 1 0 0 0 1 3 2 3 0 4|0 2 0 1 1 0 6 1 1 7 4 1 1 3 2|3 1 0 0 0 1 1 1 1 17 4 1 5 2 0|3 0 0 1 5 1 2 2 0 0 0 2 3 1 5|2 2 2 5 2 1 0 1 0 2 0 0 0 1 1|1 1 2 3 1 1 3 2 1 3 1 0 1 4 1|1 8 0 1 0 1 1 5 5 0 2 1 1 2 1|1 1 3 0 9 1 1 4 1 0 0 0 3 4 0|3 2 5 6 0 0 2 3 23 4 9 2 1 2 1|2 3 1 0 2 1 3 1 1 4 0 1 3 6 3|1 2 2 1 2 2 4 2 1 0 2 1 2 2 4|1 7 0 1 2 3 3 1 1 1 2 2 5 0 1|1 3 1 15 1 6 3 2 1 1 3 2 0 7 5|5 3 1 1 2 2 2 2 1 0 2 2 2 3 1|3 1 1 2 6 2 3 3 1 1 2 1 0 4 0|0 1 3 1 1 2 1 2 1 2 1 22 1 0 5|3 2 2 1 1 2 1 2 0 1 1 2 1 1 1|1 1 0 1 3 1 2 4 0 1 10 2 0 4 1|1 4 1 3 2 3 2 4 1 1 1 1 4 2 0|1 2 0 1 0 7 3 2 0 1 4 1 7 1 2|3 0 1 1 1 1 3 2 1 1 0 2 1 2 0|2 3 3 6 5 0 1 1 0 1 1 0 5 1 2|2 0 0 1 2 0 2 3 2 3 1 1 1 1 2|2 3 0 0 1 1 1 4 0 2 1 0 1 2 1|13 1 15 1 0 1 0 0 1 0 3 0 4 3 5|1 1 4 4 1 1 1 4 3 4 1 1 0 1 1|1 3 1 1 1 1 2 0 3 1 1 2 2 2 4

第28个最优解：
Iter = 304
Nfe = 47224
Fitness = 79.2961020387755
The number of total device = 960
The number of various devices = 64 64 64 64 64 64 64 64 64 64 64 64 64 64 64
The scheme of allocation = 2 6 2 0 6 2 1 2 3 1 1 3 0 3 3|3 2 1 2 3 2 1 3 0 2 1 1 0 2 2|1 0 3 2 1 2 3 0 1 1 2 0 1 2 2|2 2 2 0 3 0 2 1 0 0 1 4 3 4 1|1 1 4 8 2 0 1 2 2 1 1 2 0 0 1|3 3 2 4 2 2 3 4 4 1 1 2 9 1 7|2 1 0 0 2 0 1 1 0 1 2 1 2 5 1|3 2 5 2 2 2 2 3 1 1 2 1 2 1 1|1 3 2 1 1 1 6 3 3 1 4 1 0 2 2|1 4 0 1 1 0 0 3 10 3 1 2 1 3 1|1 1 2 3 3 8 4 0 8 3 3 3 2 1 1|1 1 3 1 2 1 0 2 0 2 1 0 1 1 1|3 1 0 1 0 1 1 2 1 3 1 2 0 2 5|1 2 1 1 3 2 3 0 0 1 3 3 2 1 1|3 2 2 2 3 2 4 2 2 3 1 0 2 3 1|2 1 1 1 0 0 2 5 1 1 1 5 2 1 0|0 1 1 8 4 1 2 2 1 3 0 3 2 2 1|7 0 0 2 1 2 1 5 1 3 1 3 1 3 1|1 1 3 3 0 1 0 1 4 2 0 1 1 3 1|0 1 8 6 5 0 1 3 4 1 16 0 2 0 1|1 1 5 1 1 5 0 1 0 6 1 3 1 2 4|3 3 1 1 1 1 1 5 1 8 0 3 8 3 0|3 1 1 1 1 4 4 6 0 0 2 1 1 3 0|4 1 4 2 4 1 1 1 4 5 4 1 6 1 7|1 8 0 1 0 0 5 0 2 3 1 1 3 3 5|1 0 1 1 0 7 2 0 1 2 3 3 2 2 5|0 1 1 0 6 2 0 1 0 0 1 2 0 0 1|1 2 1 3 1 7 1 2 1 1 1 1 1 3 2|2 3 1 1 1 3 8 0 3 2 2 4 3 4 2|3 3 1 3 2 2 2 2 4 1 1 5 2 2 3|3 4 6 1 2 1 0 1 1 1 0 1 3 1 1|4 2 0 1 1 2 2 1 1 1 5 2 1 0 0

第29个最优解：
Iter = 102
Nfe = 15912
Fitness = 76.3433641733254
The number of total device = 960
The number of various devices = 64 64 64 64 64 64 64 64 64 64 64 64 64 64 64
The scheme of allocation = 0 0 0 2 10 3 1 7 1 0 1 4 4 1 1|10 2 0 4 0 2 2 1 0 3 2 4 2 5 1|1 5 0 2 3 4 9 0 1 1 1 2 0 13 3|1 1 3 2 1 8 1 1 2 1 2 3 0 3 0|4 11 2 0 2 2 4 2 0 1 0 1 3 2 1|1 0 7 4 1 2 0 1 2 1 3 3 1 1 7|2 2 1 0 1 2 0 0 1 4 1 1 1 3 0|13 0 1 2 3 2 0 1 1 0 6 4 1 0 0|1 1 1 1 1 1 1 1 4 1 2 1 3 0 4|1 3 1 1 5 0 2 2 1 0 2 1 1 2 1|1 1 2 3 3 1 9 1 6 1 3 1 2 2 1|0 2 1 1 1 2 3 0 1 1 0 1 1 1 1|3 1 15 1 1 1 2 5 1 1 0 4 0 0 3|0 3 1 1 2 1 1 1 1 1 1 2 0 1 2|4 1 4 2 0 0 1 5 0 1 4 1 0 1 1|0 0 1 3 0 1 2 1 2 2 2 1 7 4 4|2 1 0 3 6 4 1 1 1 2 0 2 2 1 9|1 3 2 0 3 1 1 1 1 11 1 3 2 1 2|1 2 1 4 1 0 1 2 4 0 1 1 1 0 2|0 0 1 1 0 1 1 0 0 2 1 2 3 0 1|1 1 1 3 1 1 1 0 0 3 1 2 4 1 0|3 2 3 4 4 1 1 1 1 2 7 3 0 1 1|1 2 1 4 1 2 1 4 12 1 2 0 2 8 1|1 3 2 1 1 11 7 2 1 2 4 0 2 1 0|1 0 6 1 3 4 4 1 6 3 2 0 3 1 1|1 1 1 2 0 5 1 0 5 2 1 0 2 0 6|1 3 0 1 1 1 1 1 1 6 3 8 2 2 3|1 1 3 3 2 0 1 2 2 1 4 0 3 0 2|1 3 0 1 2 0 2 7 4 2 4 5 7 5 0|1 5 2 2 2 1 0 1 1 1 2 1 0 1 3|4 1 0 4 1 0 2 10 1 2 0 1 2 1 1|2 3 1 1 2 0 1 2 0 5 1 2 3 2 2

第30个最优解：
Iter = 55
Nfe = 8627
Fitness = 77.4711785319454
The number of total device = 960
The number of various devices = 64 64 64 64 64 64 64 64 64 64 64 64 64 64 64
The scheme of allocation = 2 4 2 3 3 1 0 3 2 0 1 6 0 6 9|0 4 2 0 4 0 2 4 3 2 6 1 2 3 0|3 4 2 2 0 1 0 0 5 2 3 1 1 2 2|3 0 8 1 1 2 4 1 5 0 3 2 0 2 1|0 1 2 2 0 0 0 3 4 0 3 1 1 4 1|6 0 0 1 4 0 2 1 1 1 0 1 5 5 0|3 4 3 1 0 3 2 4 0 2 2 1 1 0 1|1 1 1 6 1 3 7 7 3 6 0 3 2 3 2|2 1 0 1 5 1 1 1 3 1 0 1 1 3 3|4 3 1 0 3 5 1 1 1 1 1 2 0 0 1|2 0 2 1 0 3 0 1 6 1 1 1 2 1 1|1 0 1 0 1 1 0 1 2 1 3 1 3 1 1|4 0 3 4 0 0 3 2 1 0 1 6 0 1 4|5 0 3 0 3 3 1 1 1 1 5 3 3 4 2|0 0 1 8 3 2 1 0 2 1 0 1 2 3 2|0 2 2 3 1 4 2 2 1 1 2 0 2 0 1|3 2 0 0 0 1 6 4 1 1 1 1 1 1 3|1 10 2 2 8 3 3 2 3 2 3 1 4 5 6|1 0 2 4 1 3 1 3 1 12 1 0 0 5 2|0 2 2 6 1 4 1 2 1 4 2 6 2 2 0|2 7 2 2 8 1 0 2 3 1 3 0 0 1 1|4 2 2 2 1 2 3 5 2 3 1 2 2 3 0|1 1 4 2 2 2 0 0 1 1 2 0 1 1 1|2 2 2 1 1 1 1 1 2 2 2 2 7 1 0|3 1 2 2 0 5 2 2 2 2 1 1 1 0 6|2 2 1 4 1 1 2 1 1 2 1 1 1 2 2|1 1 6 1 3 4 1 3 2 3 2 2 13 1 0|2 1 1 1 1 4 0 1 0 2 2 1 0 0 2|1 4 0 0 1 1 1 3 0 1 2 0 1 0 1|1 2 3 1 2 1 1 1 1 0 2 14 1 0 0|3 0 1 1 2 1 16 0 1 8 2 1 2 1 6|1 3 1 2 3 1 0 2 3 0 6 1 3 3 3

第31个最优解：
Iter = 232
Nfe = 36062
Fitness = 77.38689941261603
The number of total device = 960
The number of various devices = 64 64 64 64 64 64 64 64 64 64 64 64 64 64 64
The scheme of allocation = 4 1 2 2 10 1 0 2 2 1 2 3 0 2 1|0 3 1 0 9 5 5 5 2 1 5 2 1 4 4|1 1 1 1 2 0 3 1 3 2 0 1 3 2 1|0 1 0 5 1 1 1 8 0 1 1 1 5 1 0|4 3 3 0 7 1 1 1 2 7 0 1 11 5 1|2 1 1 3 0 2 0 2 3 0 2 1 1 0 4|1 3 1 1 3 2 2 0 1 4 2 3 0 3 5|0 2 1 4 2 4 2 0 2 4 2 1 0 0 1|2 1 2 2 1 1 3 2 0 7 1 1 4 0 1|1 3 1 7 2 3 1 4 3 5 3 1 4 2 0|0 2 1 1 0 2 1 0 2 2 14 3 1 1 1|0 3 1 1 1 0 1 4 1 1 2 1 2 2 3|1 2 1 1 1 2 3 1 1 1 1 2 1 0 1|1 1 2 1 1 1 2 2 2 3 2 1 1 4 3|1 0 1 4 1 1 2 1 1 2 2 2 1 2 2|1 2 0 1 1 6 1 2 0 0 0 0 0 6 0|2 6 3 0 1 11 1 4 0 1 0 2 0 2 1|0 1 3 1 4 0 0 3 5 0 0 0 1 1 3|2 1 0 2 1 1 2 2 1 1 3 1 0 2 10|1 1 2 4 3 1 2 3 2 0 1 3 3 2 1|16 3 1 0 0 0 1 3 0 3 2 2 1 3 1|2 2 4 0 1 0 0 2 1 1 2 3 2 1 5|1 1 4 0 1 3 5 2 8 1 1 4 2 3 3|8 2 0 2 1 1 1 0 8 0 3 0 1 1 1|1 2 15 4 2 2 8 0 0 3 1 2 1 3 1|1 3 1 0 0 1 2 0 2 1 0 11 0 1 1|3 2 3 2 1 1 0 1 1 1 2 0 1 1 2|2 3 2 1 1 0 4 4 2 1 0 4 4 1 0|0 1 1 3 1 1 3 2 1 1 0 0 0 2 0|3 4 1 4 3 1 1 1 3 7 1 1 4 5 4|2 1 1 1 0 7 4 1 3 0 3 7 1 1 2|1 2 4 6 2 2 2 1 2 2 6 0 8 1 1

第32个最优解：
Iter = 137
Nfe = 21337
Fitness = 78.29578000941342
The number of total device = 960
The number of various devices = 64 64 64 64 64 64 64 64 64 64 64 64 64 64 64
The scheme of allocation = 0 2 1 1 0 2 6 1 9 3 1 1 0 5 2|2 4 2 8 0 1 2 1 1 3 1 5 2 3 2|2 0 1 1 5 2 4 1 1 1 2 1 4 4 4|1 0 0 3 0 1 1 1 0 2 0 6 4 4 2|3 1 4 3 3 4 0 2 1 0 3 0 0 0 7|1 0 3 1 0 0 2 0 1 6 1 2 0 3 1|4 4 0 1 1 4 2 1 3 1 7 2 1 0 3|3 1 2 0 3 1 3 1 0 1 2 2 1 1 2|1 1 1 2 2 3 1 2 1 0 2 1 2 3 4|2 1 1 1 1 1 2 14 1 1 3 0 2 1 0|1 1 0 5 7 1 2 4 1 14 2 1 2 0 1|0 1 1 3 0 1 2 1 1 1 2 8 2 1 1|1 2 1 2 4 1 3 0 1 1 2 0 11 1 1|2 2 2 1 6 1 0 2 2 0 2 1 1 3 1|1 3 2 3 1 1 2 4 1 0 0 3 3 2 1|1 5 6 1 1 0 0 1 3 4 2 0 1 2 1|3 3 0 0 0 1 1 2 5 1 2 7 1 2 0|2 0 1 0 1 1 11 2 3 1 1 1 0 1 9|1 1 2 4 6 13 1 2 1 3 1 0 0 0 2|3 2 2 3 2 2 1 1 0 0 2 0 1 1 1|1 1 2 1 1 0 2 4 2 1 1 3 7 2 2|9 1 2 1 1 0 3 1 1 1 4 2 0 4 1|2 0 10 2 2 2 1 1 1 1 0 1 2 5 2|0 9 1 2 2 6 5 2 1 1 5 1 1 2 3|3 6 2 2 0 1 1 0 1 1 1 3 1 1 1|0 0 2 1 2 0 0 0 0 2 3 1 2 2 0|2 4 2 1 1 3 0 1 3 2 4 1 2 3 3|1 0 3 1 0 1 1 1 6 5 0 1 1 1 0|1 0 3 0 4 1 1 1 2 1 2 1 2 0 1|1 1 2 4 0 4 2 2 1 1 2 3 4 2 2|4 1 1 5 8 3 2 6 9 3 3 5 2 1 3|6 7 2 1 0 2 0 2 1 2 1 1 2 4 1

第33个最优解：
Iter = 625
Nfe = 96977
Fitness = 76.85022267922096
The number of total device = 960
The number of various devices = 64 64 64 64 64 64 64 64 64 64 64 64 64 64 64
The scheme of allocation = 0 1 1 7 0 2 1 3 0 2 3 1 2 6 1|0 1 1 1 0 2 0 0 4 2 2 1 3 1 0|3 5 1 3 0 1 2 4 0 12 2 3 1 1 0|4 2 1 1 3 1 2 1 4 1 3 1 1 0 2|2 3 2 2 2 3 0 2 0 2 4 1 1 7 0|4 2 3 1 4 2 2 2 3 4 1 0 2 0 7|2 3 3 0 2 3 3 4 1 0 1 4 2 2 5|1 1 1 1 0 2 0 2 2 1 3 10 0 3 0|1 2 3 1 1 2 3 1 4 1 1 1 1 0 3|3 4 0 3 1 2 0 5 1 1 1 0 2 5 7|1 1 5 1 0 2 1 1 4 1 1 1 4 0 0|4 2 1 1 1 1 1 1 0 0 2 3 2 5 2|3 1 1 2 4 6 2 0 2 5 1 4 1 0 2|1 1 2 0 1 0 1 1 2 1 2 0 0 1 7|4 3 0 1 4 6 5 0 2 1 2 1 1 5 3|0 0 2 1 9 0 3 3 4 0 1 7 1 0 1|1 4 2 2 1 2 7 1 1 0 1 2 1 1 0|1 3 1 3 1 0 5 2 1 1 2 0 3 1 1|2 1 3 0 6 5 0 1 1 7 2 3 2 1 6|0 0 3 3 7 1 1 4 0 2 6 1 3 2 1|1 2 1 3 1 2 3 2 1 6 2 4 5 2 3|0 3 3 0 0 1 2 4 2 3 2 1 2 0 2|2 0 1 2 0 3 1 2 0 3 1 1 1 2 1|3 0 2 1 5 0 2 2 3 2 1 1 2 6 1|1 2 2 1 2 3 1 1 3 2 2 2 3 0 1|0 7 2 0 4 0 1 4 2 1 4 0 5 1 1|0 1 2 2 0 5 1 0 0 0 3 6 1 0 0|8 3 4 1 2 1 1 0 2 0 2 1 5 1 1|2 5 3 12 1 1 4 1 1 0 1 1 2 0 1|1 0 3 1 0 1 6 4 2 1 3 1 0 10 3|8 1 4 6 1 2 1 6 5 2 1 1 1 1 1|1 0 1 1 1 2 2 0 7 0 1 1 4 0 1

第34个最优解：
Iter = 604
Nfe = 93723
Fitness = 76.87981483872703
The number of total device = 960
The number of various devices = 64 64 64 64 64 64 64 64 64 64 64 64 64 64 64
The scheme of allocation = 0 4 0 4 2 1 0 3 2 1 1 2 1 3 3|2 1 5 1 2 0 2 1 1 2 3 1 1 4 1|1 0 0 4 1 1 0 1 1 4 2 1 1 3 2|0 2 2 1 2 0 4 1 11 3 0 4 1 1 2|4 3 1 0 2 2 3 8 3 0 3 2 1 3 1|1 4 1 2 1 0 0 5 0 1 3 2 0 2 0|1 1 1 1 3 4 4 3 3 1 2 1 1 0 2|4 0 1 5 1 3 3 5 2 2 0 5 1 2 0|1 1 0 1 2 0 0 0 4 2 6 1 1 2 0|0 0 14 5 11 1 2 1 1 0 1 1 1 2 1|1 3 2 5 1 0 1 2 1 2 2 10 2 2 2|2 3 0 6 2 0 1 2 1 2 0 2 18 1 3|0 3 9 1 1 2 4 1 2 0 2 3 4 1 3|2 1 1 1 1 5 1 0 1 1 1 5 1 1 4|1 0 2 0 0 1 2 2 2 0 3 3 1 2 12|10 0 7 2 0 5 2 1 1 2 3 1 0 1 1|5 1 1 1 2 0 0 3 1 2 4 2 2 1 2|1 2 1 0 2 1 2 1 1 1 2 1 1 13 3|2 1 0 8 1 3 0 1 3 2 1 1 1 2 0|4 3 1 1 1 5 1 5 0 3 1 1 2 1 0|1 0 3 1 3 1 1 0 3 6 1 1 2 1 0|3 9 1 1 1 4 3 4 2 1 3 3 1 0 2|1 0 0 0 2 3 2 1 1 3 2 1 0 4 0|0 0 1 2 1 0 0 1 0 1 1 6 5 1 0|2 2 1 2 3 1 1 1 1 4 3 0 1 1 5|9 2 0 1 1 1 9 2 2 3 3 0 1 3 0|1 3 0 2 1 3 6 3 3 2 0 0 2 2 3|1 4 3 2 2 1 2 0 3 2 2 2 2 2 2|1 1 1 2 1 0 3 0 4 5 0 0 0 0 0|1 1 3 1 0 13 2 3 1 1 1 1 3 1 5|1 1 1 0 3 2 1 2 1 4 6 0 6 1 3|1 8 1 1 8 1 2 1 2 1 2 1 0 1 2

第35个最优解：
Iter = 357
Nfe = 55436
Fitness = 78.18846448992761
The number of total device = 960
The number of various devices = 64 64 64 64 64 64 64 64 64 64 64 64 64 64 64
The scheme of allocation = 1 1 1 0 9 1 2 2 0 5 3 0 1 2 1|2 0 4 2 3 7 1 1 7 2 1 2 0 1 1|1 1 2 2 6 2 1 1 0 1 0 1 5 2 5|9 6 3 7 0 0 3 3 2 2 6 0 1 2 0|1 1 3 1 1 0 1 2 1 2 2 1 3 1 1|1 6 0 2 1 0 0 1 2 0 4 3 3 1 1|3 1 2 2 1 3 1 0 3 1 2 0 0 1 4|1 0 0 2 1 0 1 2 1 1 1 2 4 8 3|2 1 11 1 2 4 1 0 1 1 1 2 1 1 3|1 1 4 1 1 2 3 2 1 3 1 5 3 0 4|2 0 2 3 0 3 6 6 0 1 1 1 1 0 0|1 2 2 5 1 3 2 1 3 1 1 1 5 2 1|3 2 3 1 0 0 1 1 1 3 1 1 0 1 2|4 0 1 0 1 0 2 1 1 1 0 1 1 0 5|3 0 1 2 5 1 4 4 2 3 0 9 0 1 3|2 2 1 0 0 4 1 1 1 3 3 0 2 2 0|1 2 1 1 10 1 1 6 1 5 1 0 1 2 4|2 4 2 3 1 5 2 3 2 3 1 1 1 1 3|1 1 0 1 1 4 0 4 2 2 2 1 12 0 1|4 0 1 1 1 1 1 3 1 1 1 0 0 1 1|1 1 1 2 0 4 3 0 0 1 2 0 1 2 1|4 14 0 3 2 5 2 1 6 3 10 4 2 2 2|1 0 2 1 1 1 13 1 3 5 1 1 0 1 0|2 1 1 3 0 2 1 2 6 2 3 0 2 1 3|2 0 4 2 2 1 3 4 1 3 7 2 2 1 6|0 1 2 2 2 0 2 2 2 2 1 4 1 3 2|1 5 2 3 2 2 3 1 5 0 1 2 1 3 0|1 1 3 3 1 1 2 3 1 1 0 12 1 2 2|2 1 1 4 3 1 0 0 2 3 4 5 1 3 1|1 4 1 0 3 1 0 1 1 2 0 0 0 13 1|4 1 2 3 2 3 0 3 4 0 2 0 6 2 1|0 4 1 1 1 2 1 2 1 1 1 3 3 2 2

第36个最优解：
Iter = 235
Nfe = 36527
Fitness = 76.65006816599409
The number of total device = 960
The number of various devices = 64 64 64 64 64 64 64 64 64 64 64 64 64 64 64
The scheme of allocation = 0 2 2 0 7 1 1 1 3 1 2 4 0 1 0|1 2 2 3 2 4 0 4 0 1 1 1 4 0 6|2 0 1 1 0 1 6 4 5 4 9 1 1 2 2|2 1 1 4 1 2 9 1 1 7 3 2 3 2 1|1 1 1 1 3 1 0 1 3 1 3 0 4 8 4|0 3 3 2 1 0 0 2 3 1 6 0 4 1 0|4 1 1 1 1 1 1 6 2 2 2 1 2 1 0|1 0 8 2 5 1 1 1 6 1 0 1 6 2 1|2 7 0 5 3 1 1 0 6 5 1 2 1 4 1|2 3 3 0 2 6 2 1 1 0 0 1 3 0 1|3 1 1 1 4 2 2 1 1 1 4 4 2 1 1|1 2 1 0 0 1 2 4 0 1 4 1 1 2 3|2 1 3 2 1 2 0 1 3 0 0 7 3 2 3|4 0 7 2 3 1 1 1 2 1 1 3 0 1 2|0 13 2 3 0 1 1 0 6 2 0 1 2 0 1|3 2 1 2 2 1 3 1 0 0 2 2 2 2 4|4 1 3 1 1 2 1 0 0 2 1 1 0 1 2|3 4 2 2 3 2 0 1 0 3 2 2 2 0 3|0 2 1 0 2 2 3 4 2 1 2 0 2 5 1|1 5 3 1 0 1 2 1 1 2 0 7 0 1 1|2 1 0 1 2 0 0 4 1 4 0 11 1 2 5|1 0 2 9 2 1 5 17 2 1 1 2 7 4 1|2 2 3 1 0 1 2 2 3 4 0 2 1 1 2|1 1 0 8 1 9 0 0 4 1 1 0 1 0 2|1 1 5 2 2 7 2 1 2 3 6 0 0 2 2|2 1 2 0 4 3 3 2 1 2 8 1 2 1 3|2 2 0 1 5 3 1 2 2 1 2 2 0 1 4|2 2 1 3 3 1 3 0 1 0 1 1 0 1 3|3 0 0 1 0 0 1 0 1 2 0 1 3 2 2|0 2 0 0 0 3 2 1 0 3 0 1 2 10 1|12 0 2 2 3 1 2 0 0 2 1 1 2 3 0|0 1 3 3 1 2 7 0 2 5 1 1 3 1 2

第37个最优解：
Iter = 115
Nfe = 17926
Fitness = 76.75891222741673
The number of total device = 960
The number of various devices = 64 64 64 64 64 64 64 64 64 64 64 64 64 64 64
The scheme of allocation = 2 4 1 1 1 0 2 1 1 1 2 1 1 1 2|3 3 1 0 0 3 5 8 2 14 5 2 8 1 2|3 2 1 1 2 3 4 4 4 5 5 7 7 2 5|1 4 1 2 1 2 1 0 1 1 0 0 3 1 0|3 1 0 4 1 0 0 0 2 1 0 4 0 2 0|6 4 3 4 0 1 5 5 0 0 2 3 0 4 2|1 2 1 2 2 2 1 0 1 10 3 2 1 1 3|5 3 5 3 4 3 2 2 3 2 0 0 4 5 1|3 1 1 0 1 3 2 1 0 1 1 9 1 2 3|0 1 3 0 1 5 0 1 1 1 2 2 1 2 1|1 0 2 3 2 1 1 1 4 0 0 2 4 1 3|0 0 2 0 5 2 2 0 0 1 1 1 0 2 1|5 0 1 2 4 1 2 1 1 0 0 1 4 3 2|3 2 0 0 1 2 1 3 1 1 1 1 5 2 1|4 6 1 3 1 1 4 4 0 0 3 3 1 1 3|1 1 3 2 1 2 3 3 2 3 1 2 1 1 2|0 1 1 1 1 1 1 0 3 1 2 1 0 1 0|1 0 1 2 0 1 1 2 3 0 2 5 2 3 0|2 0 1 3 2 5 3 0 4 0 2 1 1 1 1|1 0 1 2 5 3 0 3 1 0 2 0 1 1 1|1 12 18 1 4 1 1 0 2 1 5 1 1 1 4|2 3 0 0 3 1 1 1 8 12 2 1 2 1 1|1 3 1 2 4 1 1 7 1 0 0 2 2 1 1|0 0 2 3 6 2 7 3 1 1 1 0 5 6 1|2 0 0 2 2 1 2 1 0 1 6 0 0 1 1|1 0 1 10 2 2 1 3 0 0 3 2 2 1 2|1 4 0 1 1 3 1 5 1 5 0 2 0 2 10|3 2 1 1 2 4 1 1 6 0 3 1 3 5 0|4 1 5 2 2 2 2 0 3 1 5 1 1 1 1|2 3 3 3 2 1 1 1 3 0 2 4 2 0 8|1 1 3 2 1 5 4 3 2 1 2 0 1 1 0|1 0 0 2 0 0 2 0 3 0 1 3 0 7 2

第38个最优解：
Iter = 236
Nfe = 36681
Fitness = 76.92455239462143
The number of total device = 960
The number of various devices = 64 64 64 64 64 64 64 64 64 64 64 64 64 64 64
The scheme of allocation = 1 2 0 0 0 2 1 2 0 2 3 1 6 1 2|0 1 0 3 3 6 0 1 8 1 6 7 2 4 2|1 0 1 5 2 0 0 0 1 0 4 2 2 3 1|1 0 4 3 4 1 6 1 7 5 1 1 0 2 9|1 1 2 1 2 1 1 1 0 2 2 1 0 2 6|6 2 4 1 1 1 0 1 2 3 1 2 2 1 9|1 2 1 2 0 1 11 1 0 2 1 1 1 1 1|0 1 4 1 2 2 0 0 3 3 0 2 1 1 0|4 2 1 4 2 1 1 2 1 0 2 1 2 1 5|1 6 1 3 2 2 1 11 1 1 1 1 2 1 0|1 1 3 1 2 2 1 4 1 4 1 0 1 1 0|2 3 1 4 2 1 1 0 0 2 4 0 2 1 0|2 3 2 0 1 5 0 3 1 1 9 2 1 2 8|3 6 1 2 3 1 0 3 1 1 1 3 3 2 0|0 2 1 2 6 3 0 1 0 0 1 3 2 9 1|1 2 1 2 1 1 1 2 1 0 3 1 2 0 1|1 2 3 3 3 0 3 2 4 2 2 3 1 3 1|3 1 6 0 0 1 5 6 1 3 0 1 1 3 3|0 2 6 2 2 2 1 2 1 4 0 2 5 3 0|1 2 2 6 2 0 1 1 1 3 0 3 1 0 0|1 0 1 3 2 2 11 0 6 2 1 1 2 1 1|0 0 0 0 2 0 2 3 5 1 6 2 0 2 1|1 3 4 0 3 1 1 5 7 1 1 1 6 1 0|4 1 3 1 0 2 1 2 0 1 0 3 1 1 1|1 4 0 2 4 1 0 1 1 1 5 13 1 4 2|2 5 1 2 3 3 10 3 0 2 1 1 1 0 1|3 1 0 3 2 7 0 1 2 2 1 2 5 1 0|4 1 3 1 2 1 1 1 4 2 0 0 2 4 5|1 2 0 4 2 1 0 1 1 3 2 1 0 2 1|13 1 4 0 2 9 1 1 2 2 2 0 8 2 0|2 2 1 1 1 3 3 1 2 6 2 1 0 4 2|2 3 3 2 1 1 0 1 0 2 1 2 1 1 1

第39个最优解：
Iter = 620
Nfe = 96204
Fitness = 76.6652213491238
The number of total device = 960
The number of various devices = 64 64 64 64 64 64 64 64 64 64 64 64 64 64 64
The scheme of allocation = 0 2 1 6 1 1 1 1 7 0 2 3 3 1 2|1 0 1 1 1 1 3 3 1 0 4 5 4 1 1|1 3 1 4 1 2 1 2 5 1 1 4 1 7 1|0 0 2 1 2 0 2 3 0 2 2 2 4 5 0|4 3 2 1 1 1 0 0 1 0 1 2 14 3 4|3 3 3 0 4 0 3 4 9 1 0 1 3 1 2|2 2 2 0 1 1 2 0 1 2 0 4 4 1 1|6 0 4 2 1 0 1 1 1 2 0 2 1 3 4|0 5 1 0 2 1 2 3 0 8 9 1 2 3 1|1 4 0 1 1 2 0 2 1 2 1 1 1 2 0|6 5 0 1 4 8 0 2 0 3 3 0 2 3 4|1 0 7 2 5 1 0 1 2 1 1 1 1 2 0|2 0 6 1 3 2 3 1 0 1 4 0 2 3 6|1 2 1 1 0 2 1 0 0 3 2 1 0 1 4|0 1 0 1 0 1 3 1 7 1 0 0 0 2 1|1 0 0 1 1 2 1 0 1 2 1 0 5 1 2|4 6 3 1 1 5 3 1 1 2 0 2 0 2 2|1 1 1 1 7 5 3 0 2 6 17 4 3 2 3|1 5 5 3 2 6 1 1 0 2 2 0 0 3 0|2 4 1 1 4 3 0 1 1 2 1 5 2 1 2|2 1 1 4 2 1 5 2 3 1 1 3 1 2 2|1 2 5 2 1 1 0 5 4 1 0 5 1 1 2|1 2 2 4 1 0 4 3 3 7 1 2 2 1 2|1 3 1 2 0 2 2 3 0 5 1 1 0 0 3|1 1 3 3 3 6 3 2 3 0 4 1 2 1 6|0 1 3 3 2 4 1 3 1 2 1 0 2 0 1|9 0 3 3 4 1 3 1 0 2 0 3 0 2 0|1 0 0 6 1 1 3 6 4 2 2 4 0 3 5|6 4 0 1 2 2 2 1 2 1 1 3 0 0 2|1 1 2 1 5 1 3 0 0 0 1 0 2 1 0|1 3 1 4 1 0 7 8 1 2 0 1 1 4 0|3 0 2 2 0 1 1 3 3 0 1 3 1 2 1

第40个最优解：
Iter = 113
Nfe = 17625
Fitness = 77.92769443636296
The number of total device = 960
The number of various devices = 64 64 64 64 64 64 64 64 64 64 64 64 64 64 64
The scheme of allocation = 2 1 3 1 9 3 1 1 2 0 3 1 0 1 1|1 1 3 3 3 5 0 3 0 4 2 2 1 2 4|2 1 4 2 1 5 0 2 5 0 1 1 0 3 2|4 5 1 4 0 0 3 4 2 6 1 1 1 1 1|6 5 2 1 2 4 1 1 4 0 2 1 2 2 2|1 2 4 2 0 4 2 0 2 1 3 0 3 3 2|0 1 1 1 1 2 1 2 1 1 3 0 2 1 0|2 3 2 2 1 1 3 4 1 1 0 1 1 5 3|0 6 2 6 0 1 1 0 4 2 2 0 3 3 1|0 1 0 1 0 2 3 2 1 7 1 6 2 9 1|0 0 2 1 0 1 3 2 4 3 2 1 1 1 3|2 1 1 1 3 3 6 1 2 5 1 2 1 1 2|1 1 1 1 1 0 1 0 0 0 1 1 2 2 3|0 1 2 3 1 0 1 0 1 2 4 3 1 0 2|3 3 2 0 1 2 7 1 0 4 2 2 5 7 2|1 3 1 3 1 4 1 0 1 1 1 4 1 0 3|1 4 2 3 1 3 1 1 2 0 4 0 3 2 2|3 0 2 2 1 1 2 0 2 2 2 1 0 0 2|0 4 1 4 3 1 1 0 1 3 0 1 1 4 2|3 2 2 1 0 1 0 2 1 0 0 12 2 1 3|3 0 2 3 17 7 1 3 1 4 1 1 0 0 3|2 0 3 2 2 1 3 2 4 2 14 2 15 1 0|1 8 2 1 0 0 4 3 2 1 2 1 3 2 1|2 0 3 0 0 1 1 5 2 1 1 1 0 2 1|16 1 2 2 2 1 1 1 1 2 2 1 4 1 3|1 4 2 0 2 2 4 3 1 1 2 3 2 0 3|1 0 1 2 0 0 2 0 0 2 1 1 2 1 1|1 1 1 4 6 2 5 2 2 1 2 1 1 2 2|3 0 2 0 1 1 2 12 2 1 3 8 3 0 5|0 1 6 4 0 0 1 2 5 3 0 3 2 3 1|1 1 2 3 3 5 2 3 1 3 0 0 0 3 1|1 3 0 1 2 1 0 2 7 1 1 2 0 1 2

第41个最优解：
Iter = 445
Nfe = 69078
Fitness = 77.57390863348996
The number of total device = 960
The number of various devices = 64 64 64 64 64 64 64 64 64 64 64 64 64 64 64
The scheme of allocation = 1 3 1 13 2 18 1 2 2 2 1 0 1 3 1|0 1 2 2 1 1 3 0 2 2 1 3 2 3 1|2 1 3 1 4 1 4 1 2 6 0 0 3 0 4|1 0 3 4 3 3 2 8 1 3 1 5 2 1 1|2 3 2 0 7 3 1 4 0 4 0 0 4 3 1|1 8 0 0 3 2 1 1 1 2 2 2 2 1 1|0 2 0 1 1 1 2 1 0 1 1 1 1 5 3|0 0 1 1 1 0 0 2 2 0 5 2 3 0 2|3 2 3 3 4 3 1 2 2 4 1 5 1 1 2|1 1 3 4 0 1 0 0 3 3 5 3 1 2 1|1 3 3 0 4 2 9 3 1 2 2 1 4 1 2|1 1 11 0 3 2 1 1 4 1 1 3 0 3 0|0 0 4 3 0 3 4 0 2 1 3 1 2 0 5|1 0 1 4 1 4 0 1 0 2 7 3 2 0 3|0 3 1 0 2 2 2 1 0 1 1 0 1 0 5|0 0 1 1 2 3 3 5 6 1 1 1 5 2 0|1 2 2 1 0 0 3 1 1 2 4 6 4 2 5|2 1 1 9 4 0 12 3 0 4 2 3 2 3 2|2 2 3 9 1 1 0 0 3 2 1 4 1 4 1|12 1 1 0 1 2 0 2 3 2 0 1 2 2 0|6 1 1 0 2 1 2 1 2 1 3 1 1 0 0|1 1 1 1 1 1 0 4 2 3 1 1 0 3 5|3 2 2 0 2 1 1 1 4 2 1 1 6 3 1|3 2 2 0 1 3 0 1 1 1 8 0 3 4 1|2 1 0 1 1 0 1 3 6 1 0 5 1 2 1|4 7 4 0 1 1 1 1 2 2 2 3 0 0 4|0 10 1 1 7 1 1 3 5 5 2 1 1 3 6|0 1 0 0 1 2 2 5 1 1 0 1 2 4 1|0 1 1 1 0 0 1 1 1 1 1 3 3 1 3|1 1 1 1 1 1 2 3 2 0 2 1 2 2 1|3 2 1 1 1 1 3 2 1 1 3 0 1 1 1|10 1 4 2 2 0 1 1 2 1 2 3 1 5 0

第42个最优解：
Iter = 233
Nfe = 36219
Fitness = 77.25863824411509
The number of total device = 960
The number of various devices = 64 64 64 64 64 64 64 64 64 64 64 64 64 64 64
The scheme of allocation = 1 1 1 2 0 1 0 18 2 1 0 3 1 0 1|2 1 3 6 3 1 1 2 2 1 0 1 2 1 0|3 6 2 1 2 2 0 1 2 4 1 2 1 2 0|1 1 1 1 1 0 2 1 2 0 4 1 2 2 2|2 1 2 3 2 2 10 1 0 5 1 1 1 3 3|6 2 4 2 1 4 0 0 2 4 1 2 0 0 2|1 0 1 3 0 1 10 0 1 0 1 2 2 2 2|2 0 1 0 0 2 0 0 2 2 2 2 2 4 3|1 2 3 1 2 0 1 1 1 0 1 9 0 0 3|7 1 1 3 0 1 3 1 1 1 1 1 3 3 1|1 1 0 1 2 3 1 0 0 2 2 2 5 1 9|3 2 3 0 1 1 0 3 2 2 3 2 1 1 8|1 1 1 4 1 1 1 0 2 2 5 1 0 4 0|1 3 3 2 4 2 2 0 3 1 3 4 1 3 1|1 3 1 0 3 2 0 1 9 0 2 1 0 1 2|1 2 10 1 2 2 1 3 1 4 1 3 5 0 1|0 2 4 2 1 5 2 8 1 3 3 2 1 3 0|1 3 2 3 0 3 6 1 2 1 2 1 1 4 3|1 1 2 1 1 4 1 4 1 3 1 1 0 2 2|1 6 4 5 0 3 2 0 2 2 0 1 1 4 3|2 1 4 1 0 3 2 1 3 0 5 1 5 1 2|3 0 2 4 1 0 8 0 1 0 1 4 4 1 1|2 10 1 2 0 2 0 1 1 2 7 1 0 2 3|2 2 2 1 2 6 2 6 8 4 0 0 5 0 5|2 0 1 3 3 4 1 4 0 1 4 0 3 1 0|1 4 3 4 1 0 0 1 3 3 3 6 1 1 1|1 1 0 3 9 1 2 1 1 1 1 1 5 2 0|1 1 0 0 4 1 2 2 2 4 0 2 3 0 1|2 0 1 0 0 1 0 1 0 2 1 2 3 8 2|1 2 0 3 11 1 0 0 1 1 6 2 0 1 1|5 2 0 2 5 3 2 1 3 2 1 1 5 1 0|5 2 1 0 2 2 2 1 3 6 1 2 1 6 2

第43个最优解：
Iter = 346
Nfe = 53733
Fitness = 77.41050590066264
The number of total device = 960
The number of various devices = 64 64 64 64 64 64 64 64 64 64 64 64 64 64 64
The scheme of allocation = 1 4 4 1 3 2 0 2 2 5 2 1 1 2 1|1 1 5 1 1 1 0 2 1 2 2 3 1 2 2|4 2 1 2 1 1 0 3 1 2 1 2 0 1 5|0 2 0 4 1 0 0 2 4 2 1 2 1 8 2|2 1 0 2 3 3 2 1 1 0 1 1 2 0 1|0 0 1 2 0 1 3 0 1 0 2 3 1 2 0|1 1 1 3 1 2 0 2 6 3 1 3 1 3 1|7 4 1 0 6 2 1 1 2 5 1 0 3 2 1|0 1 2 3 3 1 0 0 2 0 3 2 0 3 1|2 3 1 2 1 3 0 1 2 2 3 6 3 0 1|1 0 3 1 1 1 1 2 3 4 0 1 2 0 2|5 3 2 2 1 2 7 1 2 1 2 0 0 0 1|1 2 2 2 0 2 2 0 0 3 0 3 2 2 1|2 0 3 3 7 2 14 1 2 1 1 4 5 2 2|0 1 0 2 1 1 1 2 3 1 1 1 1 3 6|3 6 0 0 1 2 1 1 1 0 2 0 0 3 1|2 1 2 0 3 1 0 2 2 1 9 1 1 2 3|1 1 1 2 2 10 0 2 0 5 2 2 2 2 5|0 0 13 0 1 1 1 5 0 2 3 1 1 1 2|4 10 2 6 0 1 0 0 0 2 3 2 1 6 3|0 1 2 1 4 1 2 5 1 1 0 2 1 1 2|1 0 1 0 4 4 0 4 3 4 5 2 2 1 1|0 4 1 1 3 1 6 1 3 2 2 1 1 2 1|1 3 3 6 1 4 1 6 1 2 1 2 1 2 4|15 2 1 3 0 0 1 1 4 3 1 5 0 2 4|1 5 4 0 1 2 10 0 2 2 9 5 4 4 1|0 1 4 0 9 2 1 6 2 0 3 3 1 1 4|1 2 3 5 0 2 6 4 1 3 1 1 6 1 0|2 1 0 0 3 3 1 3 2 1 1 1 10 2 3|2 0 0 0 1 2 1 2 4 1 0 2 3 0 2|2 0 1 8 1 2 1 1 4 3 0 1 5 3 0|2 2 0 2 0 2 1 1 2 1 1 1 2 1 1

第44个最优解：
Iter = 81
Nfe = 12663
Fitness = 77.5259453330788
The number of total device = 960
The number of various devices = 64 64 64 64 64 64 64 64 64 64 64 64 64 64 64
The scheme of allocation = 1 1 2 1 12 2 10 1 3 6 10 8 1 5 0|3 7 2 1 0 1 2 11 2 0 3 2 3 1 1|0 2 0 5 1 2 1 1 3 3 2 2 0 0 2|2 2 0 6 2 4 4 3 2 1 2 1 0 2 2|0 3 4 0 1 2 3 1 7 1 2 3 0 1 1|1 1 2 2 1 0 0 1 1 0 0 0 2 5 2|6 1 1 3 2 3 1 1 3 3 1 2 7 1 3|1 3 1 2 0 2 1 2 1 1 2 0 1 2 9|1 1 2 1 4 1 1 3 4 0 7 2 1 0 2|4 2 0 6 4 1 0 2 0 1 2 3 3 2 0|2 3 0 2 1 1 3 1 1 4 2 1 3 3 2|1 0 1 0 5 3 1 1 0 1 0 1 2 3 4|3 1 0 1 1 1 2 1 0 1 1 0 0 1 1|2 1 2 2 2 1 1 3 1 1 2 0 4 2 1|2 2 1 1 1 5 2 1 1 0 9 0 1 1 2|2 2 4 2 3 9 4 2 3 1 0 0 3 5 2|3 1 1 6 0 2 4 4 1 3 2 1 2 1 1|2 0 1 1 0 5 0 6 1 6 1 1 3 0 2|1 1 0 2 2 2 3 3 1 0 0 5 0 5 3|1 4 1 0 2 0 1 1 1 1 1 1 1 3 2|1 3 2 1 1 2 2 0 8 2 0 3 2 1 2|1 0 2 2 3 1 2 1 1 1 1 4 1 2 1|10 3 8 1 6 3 6 0 0 1 1 0 2 1 1|1 7 2 4 0 3 0 1 1 2 3 1 4 3 0|0 0 2 1 1 1 0 2 2 2 1 1 1 1 3|4 3 1 1 2 1 1 3 2 2 2 11 4 1 5|1 3 9 5 4 1 1 1 2 15 1 4 1 3 0|1 4 0 0 0 2 1 1 2 1 0 1 3 1 0|1 0 5 1 0 1 0 5 5 1 2 1 4 2 2|2 1 5 2 1 0 4 1 0 0 0 3 1 0 2|2 2 1 0 2 1 3 0 3 1 4 1 1 5 3|2 0 2 2 0 1 0 0 2 2 0 1 3 1 3

第45个最优解：
Iter = 620
Nfe = 96204
Fitness = 77.50295998451706
The number of total device = 960
The number of various devices = 64 64 64 64 64 64 64 64 64 64 64 64 64 64 64
The scheme of allocation = 5 0 2 1 1 4 1 8 0 3 2 2 4 1 0|4 0 2 4 1 4 1 0 0 2 1 2 1 1 2|10 2 2 1 0 3 2 1 4 2 3 4 3 6 3|10 7 1 6 3 5 1 1 0 3 0 1 1 5 4|1 3 1 0 3 1 1 3 5 3 3 0 2 1 6|0 2 7 1 2 3 12 7 0 2 1 1 4 3 3|1 1 4 3 0 2 0 1 0 1 3 1 5 2 0|2 0 4 1 2 0 3 3 2 2 1 3 1 3 0|3 1 1 1 4 0 1 2 1 2 3 1 2 1 0|0 1 0 3 2 2 0 0 1 1 2 1 4 2 1|1 1 1 3 1 1 0 2 0 2 7 4 1 1 3|1 0 1 3 3 2 1 0 0 1 0 0 2 1 3|3 4 0 1 1 1 3 5 1 1 0 7 5 1 1|1 1 5 2 1 1 1 1 5 3 4 1 2 3 1|2 9 3 0 4 1 1 2 5 1 5 1 2 1 4|1 2 2 5 3 2 1 0 1 4 1 3 0 9 3|1 1 1 1 2 1 2 2 4 1 2 0 1 1 2|1 6 0 2 4 4 0 0 1 1 1 3 2 0 0|1 1 1 0 4 0 0 0 5 1 1 1 3 2 4|0 3 1 1 2 1 1 0 1 3 1 0 1 1 1|1 0 0 1 0 2 8 4 0 1 2 5 1 1 0|0 5 0 3 0 2 1 1 6 1 3 4 0 1 3|1 1 1 3 0 0 1 1 0 6 1 3 1 9 2|2 2 3 0 4 2 1 0 3 1 0 1 3 1 1|2 3 4 3 2 1 1 3 2 2 0 5 1 2 1|4 2 0 1 0 4 8 2 1 2 2 1 3 1 0|0 1 3 1 2 2 2 2 1 5 1 4 1 1 0|1 0 0 0 2 5 1 2 3 1 0 1 3 0 8|1 0 2 8 1 3 0 2 3 2 1 2 1 0 4|1 1 9 1 3 2 3 6 1 1 2 1 1 1 2|1 3 2 1 3 1 1 0 4 2 6 1 2 1 2|2 1 1 3 4 2 5 3 4 1 5 0 1 1 0

第46个最优解：
Iter = 471
Nfe = 73105
Fitness = 76.68482863068591
The number of total device = 960
The number of various devices = 64 64 64 64 64 64 64 64 64 64 64 64 64 64 64
The scheme of allocation = 0 1 1 1 2 3 1 0 1 1 2 2 3 0 0|1 5 0 0 1 1 1 0 4 2 4 5 2 1 0|0 3 13 5 0 1 4 0 0 1 1 1 8 0 3|1 0 1 0 4 2 4 0 1 1 1 1 2 3 1|1 2 2 0 1 2 3 6 1 0 4 1 4 2 1|0 0 1 1 4 4 3 2 2 6 1 2 2 1 1|1 1 1 1 1 1 2 0 5 1 9 6 0 5 1|5 3 1 4 2 0 0 0 1 0 4 1 1 1 0|1 1 1 1 2 1 2 2 3 1 1 1 1 13 1|9 2 1 3 1 1 1 3 2 1 4 3 0 3 4|4 3 0 4 3 2 0 7 1 3 0 1 3 3 3|2 1 5 1 1 7 5 3 4 3 0 0 5 3 0|2 1 1 0 1 1 1 2 4 2 2 3 1 3 4|2 1 4 0 1 3 6 9 2 2 1 0 2 1 2|0 4 2 4 2 5 3 3 2 1 4 1 4 2 2|1 0 3 3 3 3 1 1 2 10 2 2 1 1 1|1 0 4 2 2 0 2 2 0 1 1 2 0 1 4|1 1 3 2 1 2 2 0 2 2 0 9 5 2 5|1 2 1 1 4 2 1 1 0 0 0 2 0 1 2|7 0 0 3 1 0 2 0 1 1 2 3 1 0 3|3 1 2 1 0 0 1 2 0 2 1 1 4 3 2|1 2 0 2 2 5 3 3 1 2 0 1 1 1 1|1 0 0 2 1 3 0 0 1 2 2 3 1 1 1|1 20 2 1 2 2 1 3 6 3 1 2 2 1 3|0 0 2 2 2 1 7 5 5 1 2 2 3 1 1|1 1 3 7 3 2 1 3 2 1 0 1 6 5 1|1 1 1 2 10 2 0 0 2 1 1 1 1 0 9|9 1 1 2 4 2 1 0 0 1 1 2 0 1 2|1 5 3 1 0 0 3 1 0 6 1 2 0 1 4|3 0 1 2 0 1 1 3 1 2 9 0 1 2 0|1 0 3 1 2 4 0 3 5 2 2 2 0 1 1|2 2 1 5 1 1 2 0 3 2 1 1 0 1 1

第47个最优解：
Iter = 513
Nfe = 79616
Fitness = 76.62402592854302
The number of total device = 960
The number of various devices = 64 64 64 64 64 64 64 64 64 64 64 64 64 64 64
The scheme of allocation = 2 1 0 2 0 2 2 1 0 2 2 1 6 1 0|2 1 2 2 1 1 2 1 0 0 4 1 3 2 0|5 0 1 1 1 2 5 2 2 0 1 0 1 1 4|1 3 5 0 2 0 2 2 2 0 1 0 6 1 0|0 1 7 2 1 2 1 1 6 4 2 0 0 0 0|2 7 3 7 2 2 1 1 6 2 4 5 3 5 4|2 1 3 0 3 2 1 1 2 5 2 0 0 4 0|3 4 1 1 0 6 1 0 3 3 2 1 4 1 1|2 5 3 0 2 1 1 0 0 2 1 0 3 3 0|0 0 4 2 2 3 3 15 1 3 2 1 5 1 3|1 1 3 1 2 1 0 1 1 3 1 1 0 1 2|1 1 1 4 6 1 3 1 2 3 1 4 0 7 9|2 1 1 1 1 0 0 1 1 3 1 12 4 2 1|0 2 2 0 1 0 3 1 2 2 4 10 6 2 2|5 2 1 1 5 1 0 5 1 1 4 0 1 5 1|3 2 2 2 5 3 2 1 1 2 2 0 6 1 0|2 3 1 7 0 1 1 0 0 1 2 3 0 1 4|1 3 3 2 5 1 4 6 4 3 4 0 1 1 4|1 2 1 2 1 1 1 1 0 1 0 2 1 3 2|0 1 1 2 2 0 2 0 3 2 3 1 1 1 1|7 1 2 1 0 4 1 1 1 1 1 1 0 3 1|2 2 2 3 0 0 0 0 1 0 1 0 0 2 14|1 1 1 8 1 3 1 1 4 0 6 2 2 4 1|6 1 1 2 1 4 17 1 2 5 2 3 1 4 2|2 1 0 3 3 1 1 1 3 1 0 2 4 0 0|3 1 2 0 2 1 0 1 8 1 2 1 0 4 2|3 2 3 1 4 2 2 1 4 3 2 0 1 2 0|2 6 0 0 1 1 1 3 0 0 2 2 1 2 2|2 1 2 1 3 6 2 1 1 4 2 2 0 0 3|0 3 4 2 3 4 2 4 1 0 1 5 1 0 0|1 1 1 3 4 6 1 8 1 4 1 2 2 0 1|0 3 1 1 0 2 1 1 1 3 1 2 1 0 0

第48个最优解：
Iter = 353
Nfe = 54817
Fitness = 76.97997886704509
The number of total device = 960
The number of various devices = 64 64 64 64 64 64 64 64 64 64 64 64 64 64 64
The scheme of allocation = 5 10 1 2 0 3 1 0 2 1 1 7 4 0 2|16 1 0 1 4 2 0 0 1 0 1 2 1 2 1|1 0 0 3 5 1 1 2 1 1 0 1 6 6 1|0 2 2 1 1 1 2 1 1 0 6 1 2 1 0|1 3 15 1 1 1 4 1 3 1 4 3 3 2 1|2 2 2 1 4 8 3 2 1 2 1 2 0 0 15|0 4 0 1 2 3 5 1 1 1 0 1 1 2 2|2 0 0 2 2 3 2 1 1 0 1 2 2 1 1|3 1 1 1 2 2 1 1 2 4 1 2 2 1 1|4 2 1 5 1 7 3 4 1 2 1 0 4 2 2|3 2 1 1 2 5 1 2 1 1 2 1 1 3 2|0 2 0 9 1 4 1 3 4 2 2 2 1 8 1|9 8 1 4 1 1 0 2 0 16 13 3 2 1 1|3 1 4 4 1 1 1 1 1 5 0 3 1 2 2|0 1 0 2 1 1 2 1 2 0 0 0 4 0 0|0 1 1 4 5 1 2 2 1 2 5 2 4 3 4|1 1 0 4 1 2 2 0 1 2 2 3 2 4 1|1 1 0 0 1 1 1 2 0 2 1 1 5 2 2|0 2 4 1 2 1 9 1 6 3 2 2 2 0 1|0 1 8 0 1 1 0 2 1 1 1 2 2 1 0|1 1 3 0 8 3 2 2 0 1 0 1 1 0 0|1 2 1 1 4 0 2 0 7 4 1 3 0 1 1|1 2 0 3 2 1 2 11 2 4 2 3 1 4 1|0 1 3 1 1 1 0 3 2 0 0 3 1 3 8|4 3 2 0 4 1 1 3 1 1 1 4 1 3 2|0 0 5 2 0 0 2 10 4 0 1 1 2 2 1|1 3 1 3 2 1 0 1 6 1 4 2 1 0 1|1 2 4 1 3 2 1 1 1 2 2 1 1 2 0|2 2 2 2 0 1 2 2 2 3 7 2 1 3 1|0 1 2 3 1 3 3 2 5 0 2 1 1 1 1|0 0 0 0 1 1 7 0 1 1 0 2 1 2 1|2 2 0 1 0 1 1 0 2 1 0 1 4 2 7

第49个最优解：
Iter = 248
Nfe = 38541
Fitness = 77.7274524390838
The number of total device = 960
The number of various devices = 64 64 64 64 64 64 64 64 64 64 64 64 64 64 64
The scheme of allocation = 1 0 2 0 2 2 1 1 1 1 4 1 2 6 0|3 5 7 2 1 2 6 1 1 2 1 1 1 0 0|1 1 3 0 14 1 0 4 1 4 0 1 3 1 3|5 2 5 1 3 1 2 0 2 1 2 6 0 0 4|0 5 1 1 6 3 0 1 1 4 0 3 4 0 2|3 1 7 1 2 0 0 3 1 3 0 1 1 1 5|1 2 0 1 2 2 1 1 2 2 0 1 3 0 4|5 1 1 3 5 2 6 6 2 1 0 1 3 2 2|1 1 0 1 4 1 1 0 0 2 2 2 1 1 2|1 1 7 2 1 4 1 1 0 0 1 8 1 0 0|1 3 1 2 2 1 4 1 2 5 2 1 0 1 1|2 1 0 2 1 3 4 0 4 1 2 1 1 3 1|0 2 6 1 0 3 0 2 3 0 1 1 3 2 2|0 4 0 2 1 5 1 2 1 2 7 2 3 3 0|0 1 1 2 1 2 2 0 3 1 2 12 2 0 0|11 3 1 2 1 4 2 0 1 1 5 4 2 2 1|2 1 3 2 1 3 2 2 2 1 3 0 3 0 4|1 2 0 2 2 1 1 1 2 3 2 1 2 3 0|1 2 6 1 0 2 1 0 1 6 1 1 3 1 5|0 0 0 2 2 1 0 3 14 3 0 2 1 3 4|0 2 2 3 0 1 2 2 3 2 2 1 1 3 2|0 2 1 6 3 1 7 14 1 1 2 2 0 12 2|6 2 1 1 0 2 4 0 1 2 2 2 0 1 2|1 4 2 6 1 2 1 5 0 0 5 0 2 1 0|6 2 1 2 1 4 2 3 1 1 2 3 1 3 1|1 2 1 2 1 3 4 1 6 1 0 3 1 1 4|2 7 0 1 1 1 2 1 1 2 1 1 0 1 1|3 1 1 3 1 1 1 2 1 2 5 1 2 1 3|3 2 0 2 1 2 3 1 4 3 0 1 4 2 1|2 1 1 1 0 0 1 4 1 2 7 0 1 2 2|1 0 2 6 3 1 1 1 1 2 1 0 3 4 3|0 1 1 1 1 3 1 1 0 3 2 0 10 4 3

第50个最优解：
Iter = 432
Nfe = 67064
Fitness = 78.44664756636617
The number of total device = 960
The number of various devices = 64 64 64 64 64 64 64 64 64 64 64 64 64 64 64
The scheme of allocation = 1 0 1 1 1 2 0 0 5 0 4 1 1 1 2|1 4 1 3 2 1 2 1 1 0 4 1 1 1 0|1 0 1 2 0 1 1 6 1 1 3 5 0 5 1|3 1 2 2 4 2 3 1 1 1 1 2 0 2 3|1 1 0 4 1 3 3 1 2 2 4 1 6 4 1|2 4 0 4 10 0 1 1 3 1 1 1 3 5 5|1 0 9 1 2 1 1 1 1 4 6 3 5 2 3|1 4 6 1 3 0 2 3 1 3 3 2 2 4 1|0 2 2 0 2 1 1 3 0 7 2 1 0 0 0|0 1 2 2 2 5 0 3 2 4 4 1 0 0 1|1 0 2 6 0 3 3 1 0 0 4 2 2 1 2|0 3 2 2 1 1 2 3 1 9 2 4 2 1 2|0 0 1 3 5 1 2 1 5 2 2 2 1 2 2|2 0 4 0 0 2 3 1 1 0 0 2 4 1 1|1 0 1 2 0 6 1 2 1 4 0 2 1 1 0|1 3 3 1 2 1 0 4 3 3 0 1 4 2 1|2 1 1 2 1 3 1 1 4 2 4 0 3 4 3|0 1 2 5 0 1 4 5 2 2 0 1 1 1 0|1 10 0 3 5 4 1 4 1 3 2 4 3 2 2|1 2 1 1 0 3 3 1 5 3 2 3 2 1 1|21 2 11 2 3 1 2 1 2 1 1 2 3 2 2|1 7 0 1 2 2 0 5 2 0 2 0 4 5 2|0 2 1 1 2 1 3 2 6 1 1 5 3 1 1|0 1 2 0 1 2 2 3 1 2 1 2 1 3 2|0 2 2 0 1 1 1 1 1 0 1 1 4 1 4|3 0 0 3 4 2 4 0 2 0 1 2 0 3 1|2 1 2 2 2 1 1 2 1 5 0 0 2 1 2|3 1 1 0 1 0 4 1 1 3 1 7 2 1 0|10 6 1 2 3 6 4 1 4 0 1 1 1 1 2|0 3 2 2 2 1 0 0 0 0 4 1 1 0 3|0 1 1 3 1 2 5 1 3 0 2 3 1 3 10|4 1 0 3 1 4 4 4 1 1 1 1 1 3 4

The final result:
fmax = 79.5500061156582
fmin = 75.91243359892168
fmean = 77.40714353872475
standard std = 0.813421473929936
The number of total device = 960
The number of various devices = 64 64 64 64 64 64 64 64 64 64 64 64 64 64 64
The optimal allocation = 7 0 0 2 0 2 5 0 0 1 1 3 1 1 4|3 1 0 2 2 4 4 0 1 9 2 2 3 1 2|0 2 3 1 1 1 2 4 3 1 3 1 3 0 5|2 4 2 2 2 4 2 4 4 1 3 10 1 1 2|2 1 2 2 4 2 1 4 1 1 1 1 2 0 0|0 1 2 0 2 3 1 3 1 2 1 5 0 1 1|2 2 2 0 1 2 2 1 1 2 0 4 0 2 2|1 3 2 3 7 1 1 2 1 5 2 0 3 0 1|1 2 0 4 3 2 7 1 4 0 1 2 5 1 2|0 6 5 0 1 1 1 1 2 1 3 2 0 5 2|3 1 1 5 2 2 0 0 4 2 1 1 1 0 1|2 6 1 0 1 2 5 1 4 0 1 1 2 3 2|2 1 1 2 3 2 1 1 3 2 1 1 3 6 0|0 1 3 1 2 1 2 0 5 1 2 1 0 2 3|5 1 1 2 0 2 3 1 2 1 1 3 2 0 6|6 1 2 2 3 2 1 1 2 0 1 1 2 2 1|1 1 0 2 1 4 0 3 0 1 1 0 2 3 2|5 2 3 1 0 1 3 0 2 8 1 1 2 1 2|1 4 4 1 2 0 5 2 2 4 3 1 1 2 2|0 1 3 8 1 0 1 1 0 1 2 1 1 1 3|0 1 2 1 2 1 2 1 3 2 5 0 1 1 0|3 7 1 2 7 2 2 3 0 3 1 6 2 1 3|1 2 7 4 0 0 1 2 1 5 2 4 5 1 1|7 1 1 2 1 2 1 8 3 2 2 1 0 3 1|0 2 2 3 2 1 2 1 6 2 1 0 1 1 0|2 3 1 2 1 1 0 12 2 3 5 1 3 2 7|1 2 1 4 2 3 4 2 0 0 4 1 1 12 0|1 2 0 1 2 3 3 2 2 1 2 2 3 0 3|2 1 5 3 3 5 1 1 1 1 3 3 2 1 1|2 0 2 0 3 6 0 0 0 1 1 3 2 8 4|1 1 2 0 2 0 1 1 2 0 6 1 9 1 0|1 1 3 2 1 2 0 1 2 1 1 1 1 1 1
