第1个最优解：
Iter = 572
Nfe = 93295
Fitness = 91.38089822413748
The number of total device = 960
The number of various devices = 64 64 64 64 64 64 64 64 64 64 64 64 64 64 64
The scheme of allocation = 7 2 2 1 3 4 6 3 2 2 2 3 3 14 2|2 2 2 2 2 3 2 3 2 3 4 2 2 0 3|3 3 3 2 2 3 2 4 2 2 8 2 2 2 2|0 2 1 15 1 2 2 2 2 2 2 10 3 5 2|1 2 2 1 2 2 6 2 2 1 4 2 2 2 2|2 2 2 1 2 1 3 2 3 2 2 0 2 1 2|1 2 1 2 2 3 4 1 2 2 0 1 1 2 2|2 2 2 3 2 3 1 2 2 2 1 1 4 1 2|1 2 2 2 2 2 2 2 2 2 1 1 1 1 3|2 2 2 1 2 1 2 3 1 2 3 2 1 1 4|2 2 2 2 3 1 1 1 2 2 2 1 2 1 2|2 2 2 2 3 2 1 1 2 2 2 2 3 2 2|2 2 2 1 2 1 2 2 2 2 2 1 2 2 2|1 1 3 1 2 1 1 1 3 2 3 3 0 1 1|1 2 2 1 2 1 2 1 1 2 1 2 1 2 2|1 2 2 2 2 3 1 2 1 2 1 1 1 2 2|1 2 2 4 2 1 2 2 2 3 2 1 2 2 2|2 3 2 1 2 2 1 2 3 2 1 2 2 1 4|3 1 2 1 1 1 1 1 2 1 1 1 2 2 2|1 2 1 1 2 2 2 2 2 2 2 0 1 1 1|2 2 2 2 3 3 1 4 3 2 4 2 2 2 2|3 2 2 1 2 2 1 3 2 2 1 1 4 1 1|0 2 3 3 2 2 2 2 2 2 1 3 4 1 2|2 2 3 1 2 2 1 2 1 2 0 1 3 3 2|2 2 2 1 1 1 1 1 2 2 1 1 3 1 2|2 2 1 0 2 2 1 1 1 2 2 3 3 1 2|1 2 1 1 2 3 3 1 2 2 3 3 1 1 1|1 2 3 2 2 2 4 2 2 2 2 0 2 2 2|2 1 1 3 1 2 2 2 2 2 1 2 1 2 0|6 3 2 2 2 1 2 2 3 2 0 4 2 1 2|4 2 2 0 2 3 1 2 3 2 2 4 1 2 2|2 2 3 2 2 2 1 3 1 2 3 2 1 2 2

第2个最优解：
Iter = 200
Nfe = 31112
Fitness = 87.52229338454615
The number of total device = 960
The number of various devices = 64 64 64 64 64 64 64 64 64 64 64 64 64 64 64
The scheme of allocation = 3 2 8 3 1 12 1 2 1 2 1 3 3 5 3|1 3 1 3 19 8 2 9 6 3 4 2 2 2 3|1 2 2 9 4 1 2 0 4 2 8 2 3 5 6|2 2 2 2 3 0 8 2 5 2 0 2 2 2 1|1 4 0 2 1 3 2 2 1 1 1 2 2 3 3|5 2 1 3 1 1 8 6 4 2 2 2 4 3 4|2 2 1 2 4 3 3 2 2 2 2 2 1 3 2|1 3 3 1 1 2 3 2 3 2 2 3 1 2 1|1 2 3 2 1 1 0 1 1 2 2 3 1 2 3|3 2 1 2 1 2 4 1 1 3 2 2 3 2 2|2 2 1 1 0 2 0 1 2 2 2 2 4 1 5|1 2 0 2 1 1 2 3 2 3 2 2 2 3 4|3 1 4 1 2 0 2 2 1 2 3 2 1 2 2|6 1 2 0 1 1 1 3 1 1 2 2 3 1 1|2 4 0 1 2 1 1 4 1 2 2 2 3 1 1|2 2 1 1 1 2 2 2 4 2 2 1 1 2 0|0 1 4 1 1 2 1 0 1 3 3 2 1 0 2|2 3 1 2 0 2 1 1 1 3 1 2 1 2 4|5 1 5 1 1 4 3 1 2 1 2 2 2 3 2|2 0 0 2 3 0 2 1 0 2 1 2 1 2 2|2 4 1 2 2 2 1 3 2 2 3 2 2 0 1|1 2 2 3 0 1 1 1 2 2 1 2 2 3 1|2 3 2 2 1 1 1 1 1 3 1 2 2 2 1|1 1 2 3 1 1 2 1 3 2 2 1 1 2 1|1 1 5 1 2 2 2 2 1 1 3 1 3 1 1|1 1 1 2 2 1 1 4 2 2 2 2 1 2 0|1 1 1 2 2 2 1 1 2 2 1 2 1 2 2|2 1 2 2 3 1 1 0 1 1 0 2 2 2 2|3 3 1 2 0 1 2 1 2 2 1 1 1 3 0|2 3 3 1 1 1 2 1 1 2 3 3 4 0 1|1 2 2 1 1 2 1 2 2 2 1 2 2 1 1|2 1 2 2 1 1 1 2 2 1 2 2 2 0 2

第3个最优解：
Iter = 564
Nfe = 87552
Fitness = 91.288015142648
The number of total device = 960
The number of various devices = 64 64 64 64 64 64 64 64 64 64 64 64 64 64 64
The scheme of allocation = 2 3 8 1 4 6 3 2 2 2 2 20 2 2 1|2 2 9 1 7 3 2 3 2 2 13 1 2 2 2|2 1 2 6 2 1 2 2 3 2 1 1 2 5 3|2 2 1 2 4 2 2 3 1 1 1 2 0 1 2|2 6 1 1 2 2 2 2 3 3 2 1 2 2 1|3 1 1 3 1 3 2 2 3 6 1 1 1 1 1|2 2 2 1 1 2 2 2 2 2 1 1 2 1 1|2 9 1 1 1 1 2 1 2 3 1 1 2 3 3|3 2 2 5 2 3 2 2 2 1 3 1 2 2 2|2 1 1 6 1 1 2 2 2 2 2 2 2 1 2|2 1 3 4 1 2 1 1 1 2 3 2 3 2 2|2 3 1 0 1 1 3 2 1 0 1 1 3 2 2|2 2 2 3 3 2 2 2 2 1 2 2 2 2 2|1 1 2 1 1 2 2 2 2 5 2 2 2 2 2|2 1 1 2 2 1 2 2 2 2 1 1 2 1 1|2 2 3 2 1 4 2 2 2 1 3 2 3 2 1|3 1 2 3 3 4 3 2 3 1 2 1 2 2 2|3 1 1 1 1 2 2 3 2 2 2 2 1 1 1|1 1 1 2 2 2 2 2 2 2 1 2 1 1 5|1 2 1 2 1 1 2 2 1 4 1 1 2 2 2|2 1 2 1 2 1 3 2 2 2 2 2 3 1 5|2 3 1 1 1 2 2 2 2 3 1 1 2 2 2|2 2 1 2 2 2 2 2 3 1 2 1 2 2 1|2 2 1 1 1 2 2 2 2 1 1 1 2 4 3|2 1 3 0 1 2 1 2 2 1 1 4 1 3 2|2 2 1 2 1 1 1 2 3 2 1 1 1 2 2|2 2 1 1 2 3 2 2 2 2 2 2 2 3 1|2 2 1 1 3 1 2 2 1 3 1 0 2 2 4|1 1 1 3 2 1 1 2 1 0 2 2 2 3 0|2 1 3 2 2 1 2 2 2 3 2 1 4 2 2|2 0 2 1 4 1 2 1 2 1 1 1 2 1 3|2 3 2 2 2 2 2 2 2 1 3 1 3 2 1

第4个最优解：
Iter = 187
Nfe = 29108
Fitness = 89.6689120060039
The number of total device = 960
The number of various devices = 64 64 64 64 64 64 64 64 64 64 64 64 64 64 64
The scheme of allocation = 2 3 1 3 2 8 1 2 6 4 1 2 2 1 8|3 5 1 3 4 7 1 9 7 3 8 6 2 8 3|2 3 3 5 6 5 6 3 2 5 2 3 4 1 1|2 1 3 2 2 1 1 2 2 3 1 2 10 2 2|2 3 3 2 2 1 2 3 2 2 1 2 3 4 2|2 2 4 3 2 1 2 4 0 1 3 2 1 2 0|2 2 2 3 2 2 1 2 1 1 3 1 1 2 1|2 4 2 1 2 0 8 2 1 2 3 1 2 2 3|2 1 4 1 1 1 1 3 1 2 1 2 1 2 2|2 3 3 2 1 0 1 1 4 2 2 4 1 1 1|2 2 2 2 2 2 1 1 2 2 1 1 2 3 2|2 3 2 1 3 2 3 3 2 3 2 1 1 1 1|2 2 3 2 3 2 3 1 1 1 2 1 3 2 1|2 1 4 1 3 2 2 2 2 1 1 2 2 1 1|2 1 2 2 0 1 1 0 3 2 2 2 1 2 2|2 2 2 1 3 1 1 1 1 1 2 1 1 3 2|2 1 2 4 1 2 4 2 2 2 1 2 1 1 1|2 1 2 3 2 1 1 0 3 4 2 3 3 2 1|1 2 2 3 4 3 2 1 2 1 2 2 1 1 2|2 1 2 2 1 1 1 2 2 1 2 1 3 1 3|2 3 2 0 1 2 2 3 2 2 2 1 3 3 2|2 2 1 1 1 0 2 2 1 3 0 3 2 3 2|2 1 1 1 3 1 1 2 2 1 1 1 1 2 4|2 1 1 2 1 2 1 2 3 4 2 3 1 1 2|2 3 1 2 0 2 2 1 1 2 2 2 1 1 2|2 3 1 0 2 2 2 1 1 1 2 0 1 1 4|1 2 1 3 1 2 1 3 1 2 1 1 2 1 2|2 1 2 1 3 2 2 3 1 1 4 4 2 1 1|2 2 1 1 2 2 2 1 1 1 2 2 1 2 1|2 1 1 3 2 1 1 0 3 1 1 3 2 2 1|3 1 1 2 1 4 3 1 0 1 3 2 2 4 2|2 1 2 2 1 1 2 1 2 2 2 1 1 1 2

第5个最优解：
Iter = 92
Nfe = 14383
Fitness = 86.13280333503039
The number of total device = 960
The number of various devices = 64 64 64 64 64 64 64 64 64 64 64 64 64 64 64
The scheme of allocation = 3 5 13 0 2 1 7 2 1 1 3 1 7 3 1|1 3 5 15 8 1 4 2 3 8 2 1 5 3 12|0 3 1 0 3 5 1 1 1 5 3 6 4 5 9|2 2 8 3 1 2 13 2 5 3 2 4 6 2 2|3 4 1 4 3 5 4 1 1 2 1 4 0 2 1|3 1 1 2 2 3 2 7 3 1 1 2 1 1 2|1 2 4 2 2 5 0 1 3 3 3 2 2 3 2|2 3 1 2 2 1 2 3 2 3 2 0 1 1 1|2 1 1 1 2 2 2 1 3 2 1 1 2 0 1|3 2 2 2 2 2 1 1 3 1 3 1 2 5 2|1 2 3 1 1 3 1 3 3 3 3 1 1 2 3|1 1 1 1 1 1 1 3 2 1 1 2 0 2 1|1 2 2 1 1 1 2 1 2 1 2 2 2 1 1|1 3 1 1 3 2 0 2 1 2 2 2 2 8 1|3 1 1 1 2 1 2 3 1 1 2 1 2 1 1|2 1 1 3 1 1 1 3 1 3 2 2 1 2 3|4 2 2 1 1 1 2 1 3 1 2 0 2 3 2|4 2 1 0 1 1 0 2 3 3 1 2 2 1 3|1 1 2 1 2 4 3 2 3 2 1 1 3 1 1|1 2 0 3 2 1 0 2 1 0 1 2 3 1 1|1 2 1 1 3 1 1 2 2 1 5 3 0 1 1|0 3 1 0 1 3 1 0 1 2 1 3 2 1 1|5 3 1 2 1 3 1 2 2 2 2 1 1 1 1|2 1 0 2 3 1 1 2 0 2 1 3 0 2 1|2 2 2 1 1 2 1 1 1 1 2 4 1 1 1|2 1 2 2 1 2 2 0 1 0 2 2 1 3 2|2 2 2 1 1 5 1 1 3 1 2 1 1 1 2|2 1 0 6 2 0 4 3 3 1 1 0 2 1 1|0 1 1 1 1 2 2 1 2 4 1 1 1 2 1|3 2 1 2 3 1 1 2 2 2 3 3 3 1 1|2 1 1 1 2 0 0 2 1 1 2 4 3 1 1|4 2 1 1 3 1 1 5 1 1 4 2 1 2 1

第6个最优解：
Iter = 437
Nfe = 74160
Fitness = 89.75910830843982
The number of total device = 960
The number of various devices = 64 64 64 64 64 64 64 64 64 64 64 64 64 64 64
The scheme of allocation = 2 3 1 2 2 2 3 2 1 2 0 1 11 4 2|3 1 2 2 1 2 1 1 1 2 5 6 7 2 3|2 9 9 2 4 2 2 2 2 2 4 3 1 2 1|3 1 1 2 6 1 3 7 2 2 3 1 2 2 7|3 4 1 2 4 10 1 3 3 2 1 1 3 1 1|1 2 2 3 1 1 8 1 2 2 2 4 4 4 2|2 3 2 2 1 0 2 2 4 2 1 3 1 3 3|0 3 1 2 2 3 2 2 2 2 2 2 1 1 8|10 4 1 2 1 2 3 1 2 2 1 1 3 1 1|1 2 6 2 2 2 2 2 1 2 4 2 3 2 2|3 2 3 2 1 2 1 2 2 2 2 2 1 2 3|2 1 2 1 2 2 1 2 5 2 3 2 1 5 1|1 1 1 2 2 2 2 1 2 2 0 3 1 2 1|2 0 1 2 2 6 1 2 1 2 1 2 2 2 0|2 2 3 2 3 1 2 1 1 2 2 1 2 3 2|3 2 2 2 2 3 1 2 1 2 1 4 1 2 1|1 1 1 2 1 2 2 2 2 2 2 2 1 2 2|2 2 2 3 2 2 1 2 2 3 4 1 1 1 1|1 0 1 2 3 2 1 1 3 2 2 2 2 1 2|1 1 2 2 0 1 0 2 1 1 1 2 2 1 4|3 1 2 2 2 1 3 2 3 3 1 2 2 1 1|1 2 1 2 3 2 2 3 3 2 1 1 2 2 1|1 3 2 2 1 1 4 2 2 2 1 1 1 1 1|1 2 1 2 2 1 3 3 1 2 3 3 1 2 1|1 0 2 2 1 1 3 1 2 1 1 0 1 3 3|2 1 2 2 2 1 0 2 0 2 1 2 0 1 1|2 1 1 1 2 2 1 1 1 2 2 1 1 0 2|2 1 3 2 1 2 2 2 2 2 2 1 1 2 1|1 1 0 2 1 1 2 1 2 2 5 2 1 1 2|1 3 1 2 1 1 1 3 2 2 3 1 1 4 1|2 3 2 2 4 1 1 3 1 2 1 3 2 1 1|2 2 3 2 2 2 3 1 5 2 2 2 1 3 2

第7个最优解：
Iter = 292
Nfe = 45366
Fitness = 89.62171671428763
The number of total device = 960
The number of various devices = 64 64 64 64 64 64 64 64 64 64 64 64 64 64 64
The scheme of allocation = 2 3 2 5 2 0 4 5 3 1 1 2 3 15 2|5 2 2 3 2 2 0 2 4 1 5 3 3 4 1|2 3 1 2 1 2 1 5 2 4 2 7 2 2 4|2 1 4 3 2 7 4 2 2 3 17 5 3 2 1|3 1 5 2 1 4 1 1 2 1 1 2 2 1 2|5 2 7 5 4 10 2 2 2 2 1 1 3 3 2|2 2 1 2 3 1 2 3 1 2 1 2 1 1 1|1 1 3 2 2 3 2 1 2 3 2 1 4 0 3|1 0 1 2 2 2 3 1 2 1 1 1 2 1 2|2 2 2 3 2 1 3 1 2 5 3 2 2 2 2|1 2 1 1 2 2 0 3 1 1 1 2 1 1 3|1 2 2 1 2 0 3 2 2 1 2 2 2 1 2|3 2 1 1 3 2 2 2 1 2 1 1 2 2 2|2 2 1 2 2 1 4 2 3 2 2 3 2 1 3|1 3 3 2 2 1 2 1 3 2 2 2 2 1 3|1 1 1 1 2 0 1 2 2 1 3 3 1 1 1|1 2 1 2 2 1 3 2 3 3 1 1 2 3 3|3 3 3 2 3 1 2 2 2 2 1 1 3 2 3|3 2 3 1 1 3 1 2 2 1 1 2 2 1 1|2 2 2 2 2 1 4 2 1 2 1 1 1 2 2|1 2 3 2 5 1 1 3 2 2 1 0 1 0 2|3 3 0 0 3 1 2 2 2 1 1 2 4 2 1|1 3 1 3 2 2 1 1 2 1 1 2 1 1 1|2 2 1 1 3 2 1 2 2 2 1 3 1 2 2|1 2 2 1 1 2 1 1 1 3 1 1 1 4 2|1 1 2 3 1 1 1 0 2 4 1 2 2 1 3|2 2 0 3 1 1 1 1 1 1 1 2 1 2 2|6 1 2 1 2 2 2 2 3 2 2 2 2 1 1|1 2 2 2 1 1 4 3 2 2 1 2 3 1 2|2 3 1 2 1 2 1 2 1 2 1 1 1 1 2|1 2 2 1 0 3 3 1 2 2 2 1 1 1 2|0 3 2 1 2 2 2 3 2 2 2 2 3 2 1

第8个最优解：
Iter = 595
Nfe = 99567
Fitness = 91.76093785703698
The number of total device = 960
The number of various devices = 64 64 64 64 64 64 64 64 64 64 64 64 64 64 64
The scheme of allocation = 2 3 2 2 3 2 2 2 2 1 6 4 2 4 5|2 1 5 2 2 6 2 3 3 2 4 1 1 2 2|3 2 5 2 4 3 2 4 10 2 1 4 4 3 3|2 5 2 3 1 1 2 3 2 9 3 4 2 2 1|2 1 3 2 9 2 1 2 1 1 1 1 4 3 2|3 0 1 2 12 2 2 2 1 2 4 2 0 3 3|2 2 1 2 1 2 2 2 3 2 1 2 1 1 1|2 2 2 1 1 2 2 2 2 3 1 1 1 3 1|2 1 2 2 1 3 3 2 1 3 1 2 2 0 2|2 2 3 2 2 1 2 1 2 1 1 2 1 1 2|2 3 2 2 2 2 2 2 2 4 2 1 1 2 2|1 1 1 2 1 2 2 3 2 1 1 1 3 2 1|2 2 2 2 2 1 2 3 2 3 2 1 2 2 1|2 2 3 2 1 2 2 1 1 1 2 1 2 1 3|2 3 1 1 2 2 3 1 3 1 3 1 2 1 0|2 2 1 2 3 3 2 2 1 1 2 3 2 2 4|2 2 3 3 2 1 2 3 2 1 2 2 2 4 1|2 3 1 2 1 3 2 2 2 3 2 2 1 2 3|2 4 1 2 1 2 2 2 2 3 3 2 1 1 2|2 1 0 2 0 1 2 1 2 2 1 3 2 6 3|2 2 2 2 2 1 3 1 2 1 1 1 2 2 3|2 2 2 3 1 1 2 2 1 2 3 1 3 1 4|2 4 2 3 1 1 2 2 2 1 3 2 2 1 2|2 1 2 2 0 2 2 1 1 1 2 3 2 3 2|2 2 2 1 2 1 2 1 1 1 1 4 2 1 1|1 2 1 2 1 2 1 3 1 2 1 1 3 2 2|2 1 3 1 1 3 2 2 2 1 3 3 2 1 2|2 2 2 2 1 2 2 1 2 3 1 2 3 2 1|2 1 1 2 1 3 1 2 1 2 2 2 2 1 1|2 2 2 2 1 2 2 2 2 2 1 2 3 2 3|2 1 1 2 1 1 2 2 2 1 2 2 1 2 0|2 2 3 2 1 2 2 2 1 1 1 1 3 1 1

第9个最优解：
Iter = 323
Nfe = 71793
Fitness = 87.88566573152816
The number of total device = 960
The number of various devices = 64 64 64 64 64 64 64 64 64 64 64 64 64 64 64
The scheme of allocation = 4 13 4 7 4 2 0 4 2 1 3 2 2 6 7|3 1 2 4 2 5 7 3 2 9 3 2 12 5 7|1 1 2 4 2 3 9 2 2 1 7 2 5 1 7|4 2 3 1 4 1 1 8 2 2 3 2 2 1 1|4 4 4 2 2 3 4 2 1 2 1 2 2 1 1|0 0 2 1 1 2 0 2 2 5 2 3 2 3 2|1 2 2 3 2 2 3 0 2 2 1 2 2 0 1|2 2 2 2 1 0 4 1 2 2 1 2 5 3 1|2 1 1 2 4 1 1 1 3 2 1 2 0 4 4|2 1 2 1 2 4 1 1 2 2 3 2 3 2 1|2 1 1 2 3 2 2 1 2 1 1 2 1 3 2|1 1 2 2 0 1 0 0 2 2 0 2 1 2 1|0 2 2 3 2 1 2 1 1 1 3 2 0 1 3|3 1 3 1 1 1 2 4 2 2 2 2 1 0 1|2 1 2 1 2 2 2 2 2 2 2 2 1 2 0|2 1 1 0 2 1 1 2 2 2 2 2 1 5 2|2 2 3 0 2 1 3 2 2 1 2 1 2 1 2|3 1 2 4 1 1 2 2 3 2 0 2 3 1 3|1 3 2 1 1 3 1 1 2 1 2 2 1 4 2|4 2 1 0 3 2 1 1 2 1 1 2 1 3 3|1 1 1 1 5 2 1 1 2 2 1 3 1 0 1|2 1 1 0 2 2 2 3 2 2 3 2 1 1 1|2 4 3 4 1 3 1 2 2 2 2 2 2 3 1|0 2 1 2 1 3 1 2 2 3 0 2 1 1 1|0 1 1 2 2 1 1 4 2 1 2 1 0 1 1|4 2 2 1 1 1 2 2 2 1 1 2 2 1 0|1 2 2 3 1 2 1 1 2 2 2 2 1 2 1|1 1 2 1 2 1 3 3 2 1 3 2 3 1 2|2 2 1 1 1 4 1 2 2 1 3 2 1 1 1|2 2 2 4 4 2 2 2 2 3 1 2 1 1 1|3 1 2 2 1 3 1 0 2 1 1 2 2 2 2|3 3 3 2 2 2 2 2 2 2 5 2 2 2 1

第10个最优解：
Iter = 553
Nfe = 85841
Fitness = 90.58855642137715
The number of total device = 960
The number of various devices = 64 64 64 64 64 64 64 64 64 64 64 64 64 64 64
The scheme of allocation = 13 2 2 12 3 1 3 2 5 6 2 3 2 3 5|1 2 2 3 5 3 1 15 2 3 2 2 1 9 2|1 2 1 3 2 4 7 1 1 1 2 3 3 2 3|4 2 2 4 3 1 2 1 1 2 2 2 3 1 2|5 2 2 4 4 2 3 2 1 1 2 2 9 3 0|4 2 2 2 4 3 1 3 2 2 2 2 2 2 3|0 2 2 1 1 2 2 2 3 2 2 2 2 1 1|1 1 2 1 1 5 1 1 2 2 1 2 2 1 2|2 2 2 2 2 3 2 2 0 3 2 2 4 1 1|2 2 1 1 2 2 2 3 2 1 2 2 1 2 2|1 2 2 0 2 2 1 3 1 2 2 1 1 1 2|0 2 3 1 3 0 2 1 1 1 3 3 2 2 1|2 2 2 2 1 2 1 1 2 2 2 2 1 1 2|3 2 2 3 2 2 2 2 3 2 2 1 3 1 2|1 2 2 2 1 1 2 2 5 3 2 3 2 2 4|0 2 2 1 2 3 2 1 4 2 1 2 1 2 1|3 2 2 1 1 3 3 1 2 2 3 2 1 2 0|1 3 2 0 2 2 1 2 3 2 2 3 1 3 2|1 2 2 2 1 1 4 2 1 1 2 2 1 1 2|1 2 2 0 1 1 3 2 2 2 2 1 2 1 1|1 3 2 2 2 2 2 3 3 2 3 3 1 3 4|2 2 2 1 1 1 1 1 1 1 1 2 2 2 4|2 3 2 1 2 2 3 2 2 2 2 1 2 2 1|1 2 2 4 2 2 1 1 2 2 2 2 2 3 1|1 1 2 1 2 2 1 2 2 1 2 1 3 2 3|2 2 2 1 1 2 1 1 1 2 1 1 1 1 2|3 2 2 1 2 1 3 1 1 1 2 1 3 3 3|1 1 3 2 1 1 0 1 1 1 2 2 2 1 1|1 2 1 2 1 0 2 0 1 2 2 2 1 2 2|1 2 3 1 3 3 2 1 3 2 2 2 1 2 2|2 2 2 1 2 2 1 1 2 4 2 2 0 0 2|1 2 2 2 2 3 2 1 2 2 3 3 2 2 1

第11个最优解：
Iter = 258
Nfe = 59029
Fitness = 88.6195146932262
The number of total device = 960
The number of various devices = 64 64 64 64 64 64 64 64 64 64 64 64 64 64 64
The scheme of allocation = 1 4 3 7 3 7 2 2 2 2 13 1 6 4 4|2 2 1 7 3 3 4 3 1 12 1 2 1 3 5|2 4 2 1 1 2 2 3 2 1 2 13 2 3 3|4 8 4 2 9 4 2 1 2 2 2 5 0 2 4|1 1 1 2 1 1 3 3 2 2 4 1 6 1 1|2 0 3 2 1 2 1 1 2 3 1 4 2 1 0|3 6 6 2 1 4 2 3 2 2 6 3 1 1 1|2 1 1 1 2 2 3 2 2 2 3 1 2 2 4|3 1 2 3 3 2 2 1 2 2 1 3 1 3 2|1 1 1 4 2 2 3 2 2 3 2 1 1 2 1|2 2 1 2 2 2 1 3 2 2 1 1 2 2 1|1 1 2 1 5 3 2 2 2 3 1 2 2 1 1|2 1 2 1 1 2 1 2 2 2 1 4 1 2 3|3 2 3 1 0 1 1 3 2 1 1 1 1 2 2|3 3 2 1 1 2 2 4 2 1 2 0 3 1 2|2 2 0 2 1 3 1 1 2 1 1 1 1 0 2|2 4 5 2 3 1 3 2 2 1 2 2 2 2 4|2 2 1 1 2 1 3 1 2 1 2 1 2 4 3|2 2 2 1 3 1 2 3 2 1 2 2 2 4 1|1 1 1 3 1 1 1 2 2 1 1 3 2 2 2|2 1 1 1 2 3 1 1 2 3 1 1 4 3 2|2 1 2 3 1 2 2 2 2 3 2 1 4 1 2|2 2 2 1 1 0 2 3 2 1 1 0 2 1 2|1 1 2 1 2 2 1 2 2 0 1 1 2 3 3|2 1 1 2 2 2 2 1 2 1 1 1 1 2 0|2 2 1 2 1 0 3 0 2 2 1 1 2 0 3|2 3 1 2 4 2 2 2 2 2 1 0 1 2 1|3 2 3 1 3 1 2 3 2 2 1 2 0 2 1|1 1 3 2 0 1 2 2 2 3 0 0 3 1 1|2 0 1 1 1 2 2 1 3 0 1 2 2 1 1|2 1 2 1 1 2 1 0 2 2 4 3 2 3 1|2 1 2 1 1 1 3 3 2 0 1 1 1 3 1

第12个最优解：
Iter = 244
Nfe = 37951
Fitness = 89.35711559093777
The number of total device = 960
The number of various devices = 64 64 64 64 64 64 64 64 64 64 64 64 64 64 64
The scheme of allocation = 4 2 2 9 1 6 4 5 11 10 1 3 4 2 3|1 2 2 4 1 3 1 5 4 7 4 2 4 2 4|1 3 2 1 9 7 9 5 1 2 3 1 4 3 0|4 2 1 5 5 4 2 1 2 2 7 2 2 1 2|3 2 2 6 4 5 4 2 2 1 4 1 5 2 3|1 2 3 0 0 4 4 0 1 2 3 4 1 2 1|3 2 2 1 3 1 2 1 2 1 4 2 2 1 2|2 1 2 1 1 1 1 1 1 1 1 3 1 2 2|2 1 2 2 2 1 1 1 1 1 2 1 2 2 2|2 2 2 1 3 1 2 2 1 2 2 2 2 2 2|2 2 4 3 2 2 2 1 1 3 1 3 4 2 2|1 1 2 0 1 1 1 4 3 2 1 1 2 1 1|2 3 2 1 2 1 1 1 1 1 1 3 2 4 1|2 2 1 2 1 1 2 2 1 1 2 1 1 1 4|2 2 4 1 2 2 1 1 0 2 2 2 1 2 2|2 2 1 2 2 2 0 3 2 2 2 2 2 2 1|2 1 1 3 0 2 2 1 1 2 1 3 1 2 2|2 3 3 3 4 3 1 5 2 1 2 1 1 2 1|1 2 2 1 1 1 2 2 2 3 1 2 2 2 1|2 2 1 0 2 1 4 2 1 2 1 1 0 2 2|3 4 1 1 1 2 2 0 3 1 1 3 1 1 3|2 1 2 3 2 0 2 2 2 1 2 2 3 4 2|2 2 2 1 3 2 3 1 2 2 3 2 2 2 2|1 1 3 2 1 1 1 2 3 1 1 2 2 3 1|1 2 1 1 0 1 1 2 2 1 1 1 1 1 2|2 1 2 1 1 2 1 1 3 1 1 3 2 1 2|2 2 2 1 3 0 1 5 3 1 1 2 1 2 2|2 1 2 2 1 1 1 1 0 2 1 2 1 3 1|1 5 1 0 2 1 2 2 0 2 2 2 3 1 3|2 2 3 2 1 2 2 1 1 1 2 1 2 3 6|2 1 2 3 2 1 1 1 3 1 2 2 2 2 1|3 3 2 1 1 2 1 1 2 2 2 2 1 2 1

第13个最优解：
Iter = 294
Nfe = 45705
Fitness = 88.25468233462323
The number of total device = 960
The number of various devices = 64 64 64 64 64 64 64 64 64 64 64 64 64 64 64
The scheme of allocation = 3 13 2 2 4 4 4 2 5 1 2 7 0 2 3|7 3 2 5 5 7 2 2 1 8 3 3 9 3 3|4 1 2 6 5 10 3 4 7 5 5 2 2 5 2|4 2 2 2 1 6 3 5 1 3 2 7 3 5 2|1 1 2 4 1 2 5 3 3 3 2 4 5 2 1|2 1 2 2 3 1 2 1 1 2 1 0 0 2 2|1 1 2 8 2 1 2 4 2 2 2 2 3 2 2|1 2 2 1 10 2 2 3 1 1 1 2 2 2 2|1 1 2 1 1 2 4 2 2 1 1 2 2 2 2|2 2 2 1 2 2 2 2 1 1 2 2 1 1 2|2 2 1 2 2 2 3 1 1 1 1 1 2 1 2|1 1 3 0 0 2 0 3 2 1 0 2 2 1 2|2 2 2 2 2 1 1 1 1 1 0 1 1 1 2|2 1 2 1 2 3 2 1 4 1 2 2 2 1 1|1 1 2 1 0 1 3 2 2 2 2 5 3 2 2|2 1 2 2 2 1 2 1 2 2 2 2 4 1 2|1 2 2 1 2 1 0 1 2 1 4 0 1 2 3|3 2 2 2 3 2 1 1 0 1 2 2 1 3 2|2 1 2 1 2 1 1 2 3 1 2 1 2 2 1|0 3 2 5 2 1 1 1 1 2 3 0 0 2 2|1 3 2 1 1 2 3 2 3 0 3 2 3 3 2|2 1 2 1 1 2 2 1 2 2 2 1 2 1 2|3 3 2 1 3 2 1 1 1 3 2 2 2 2 2|2 1 2 1 0 1 2 2 2 2 1 2 1 2 2|3 1 2 2 1 1 1 1 1 0 3 0 0 1 2|1 2 2 1 1 0 1 4 1 2 2 1 1 2 2|1 2 2 1 1 1 2 3 4 3 2 3 2 2 3|3 2 2 3 0 0 0 4 1 3 3 2 1 2 2|2 1 1 1 1 0 1 1 2 2 3 0 2 2 1|1 1 3 1 1 1 2 1 2 2 2 2 2 1 2|1 2 2 1 2 1 4 1 2 3 1 2 1 2 2|2 2 2 1 1 1 2 1 1 2 1 0 2 2 2

第14个最优解：
Iter = 639
Nfe = 99193
Fitness = 91.06082560065147
The number of total device = 960
The number of various devices = 64 64 64 64 64 64 64 64 64 64 64 64 64 64 64
The scheme of allocation = 2 4 3 3 3 2 1 2 2 2 1 3 6 1 5|2 3 6 5 2 0 2 2 3 2 3 5 1 1 8|2 2 2 5 3 2 3 3 2 2 2 1 5 11 1|1 6 5 6 2 2 2 2 1 2 2 12 3 1 3|2 1 3 1 2 2 1 2 3 1 2 1 7 1 1|2 2 2 1 2 2 2 2 1 3 3 1 1 4 5|2 1 1 3 2 1 2 1 1 2 2 2 1 2 1|1 2 1 1 2 3 1 2 1 2 2 0 3 3 1|1 1 1 2 2 7 3 3 3 2 2 2 2 2 2|2 2 1 1 2 5 1 2 4 2 1 0 1 2 1|3 3 1 2 1 3 5 2 4 2 3 2 3 4 1|2 2 2 2 1 2 0 2 3 3 2 1 1 1 2|2 1 2 3 2 1 3 2 2 2 2 2 1 2 1|1 4 1 1 2 2 1 2 1 2 2 3 1 1 1|2 1 1 2 2 1 1 2 4 3 2 2 1 1 2|1 1 2 2 2 2 2 2 2 2 3 3 0 2 1|2 2 2 1 2 3 3 2 2 2 2 2 4 2 3|2 2 3 1 3 2 3 2 1 3 2 1 1 1 1|2 2 1 2 2 2 1 2 2 2 2 1 2 1 0|2 1 1 2 2 1 1 2 2 1 1 0 1 1 1|3 2 2 1 3 1 3 3 2 2 2 3 2 2 1|4 1 4 1 1 1 3 2 4 2 2 1 2 2 3|2 2 2 1 3 2 2 2 2 2 2 3 1 2 3|1 3 1 3 2 2 1 2 2 2 2 1 2 1 2|1 1 1 1 1 1 2 2 0 2 2 2 2 1 2|1 0 1 1 2 2 2 1 1 2 1 2 1 1 1|2 3 2 2 2 1 2 2 2 2 3 1 1 2 3|2 1 3 1 2 1 2 1 1 1 2 1 1 1 1|2 3 1 2 3 1 2 2 1 2 2 2 1 1 2|3 2 1 1 2 3 4 2 2 2 2 1 0 1 1|5 0 1 2 1 1 2 2 1 1 2 2 4 2 2|2 3 4 2 1 3 1 2 2 2 1 1 2 4 2

第15个最优解：
Iter = 602
Nfe = 96132
Fitness = 90.68887540971978
The number of total device = 960
The number of various devices = 64 64 64 64 64 64 64 64 64 64 64 64 64 64 64
The scheme of allocation = 1 4 2 4 1 7 2 1 2 2 16 3 2 5 1|1 3 11 10 3 1 2 5 3 4 2 3 2 4 4|2 3 2 3 13 0 2 6 5 2 1 4 3 2 1|2 1 2 4 3 3 2 4 2 2 1 2 2 2 4|2 3 5 2 1 2 1 4 2 1 1 2 2 2 3|2 1 0 2 2 3 2 3 1 2 1 2 3 3 2|3 2 3 1 2 3 2 3 2 1 1 2 1 1 1|3 1 1 2 2 4 2 1 2 2 2 2 2 0 3|2 1 2 2 2 2 2 2 1 1 2 3 3 3 4|3 2 1 2 1 2 2 2 3 4 2 3 1 3 2|1 1 3 1 1 1 2 1 1 1 3 2 2 2 0|1 2 3 2 3 4 2 1 2 1 2 2 2 1 1|2 1 1 2 1 3 3 1 2 2 1 2 2 3 2|3 3 1 1 2 1 2 2 2 1 3 2 2 1 2|2 2 1 3 3 1 2 2 1 3 1 1 2 1 2|2 0 2 0 3 1 2 1 2 1 1 1 2 1 3|2 2 2 2 1 1 2 1 2 2 1 3 3 1 3|3 4 1 1 1 2 2 2 2 2 2 2 2 2 3|2 2 2 1 2 2 2 1 3 2 2 1 2 3 1|2 3 1 1 1 2 2 2 2 1 1 2 2 2 1|2 1 2 2 1 1 3 1 2 2 2 2 2 2 2|2 2 4 1 1 1 2 1 2 1 1 2 2 2 2|2 2 0 1 1 3 2 2 2 1 1 2 2 2 1|2 1 2 2 1 1 1 1 2 3 2 1 2 3 3|1 2 1 1 3 1 2 2 1 2 2 1 1 2 1|2 2 1 2 2 3 2 2 2 2 1 2 1 3 2|2 1 2 2 1 2 2 1 2 3 3 2 2 2 2|4 3 2 1 2 1 2 3 1 3 0 2 2 1 1|2 1 0 1 1 2 2 2 3 4 2 1 1 0 2|2 2 2 1 0 2 2 1 2 1 1 1 3 1 2|1 1 0 2 2 0 2 2 2 3 1 1 2 2 2|1 5 2 2 1 2 2 1 1 2 2 3 2 2 1

第16个最优解：
Iter = 223
Nfe = 78767
Fitness = 90.30458509448752
The number of total device = 960
The number of various devices = 64 64 64 64 64 64 64 64 64 64 64 64 64 64 64
The scheme of allocation = 2 2 2 2 1 0 1 2 1 4 1 1 4 6 2|2 3 2 2 5 2 8 3 2 3 2 1 2 4 3|6 4 2 2 3 1 3 2 9 6 1 1 3 4 2|3 3 2 1 3 3 11 3 2 4 2 1 2 1 2|1 2 2 3 1 1 1 2 3 2 1 2 2 2 7|3 1 2 5 1 2 3 5 1 3 2 3 2 1 4|1 1 2 2 1 3 3 1 4 1 2 1 1 1 3|1 2 2 5 1 1 1 2 3 2 2 2 2 1 4|3 2 2 2 3 1 3 1 1 3 2 1 2 1 2|2 3 2 3 2 2 2 3 1 2 2 2 2 4 4|2 1 1 1 1 2 0 1 4 1 2 3 2 1 2|2 3 2 1 1 3 0 1 2 1 3 3 2 1 2|2 3 2 2 2 2 1 2 1 1 3 1 3 2 1|1 3 2 3 4 1 1 2 2 2 2 5 1 1 1|3 2 2 2 3 6 0 2 1 0 2 3 1 2 1|2 1 2 2 2 7 2 1 1 1 2 4 1 1 2|3 1 3 1 2 4 1 3 1 2 1 1 3 3 2|2 3 2 1 2 1 3 4 1 2 4 1 1 3 3|2 3 2 2 1 2 2 1 2 1 3 2 1 2 1|2 1 1 0 2 2 0 3 3 2 3 2 3 1 1|1 3 2 1 1 1 1 3 2 1 2 2 1 3 1|1 3 2 1 3 3 1 1 2 2 2 3 3 1 2|1 1 2 2 2 2 3 1 1 3 3 3 3 1 2|1 2 2 4 3 0 1 1 2 1 2 4 2 1 0|2 1 2 2 1 1 1 2 1 2 1 1 2 3 1|2 1 2 3 2 1 1 2 1 2 2 1 2 1 1|2 2 2 1 3 2 1 1 2 1 2 4 2 2 2|2 1 2 2 0 1 2 0 1 3 2 3 3 3 1|2 0 2 2 3 1 0 4 2 2 1 0 2 2 2|2 2 3 0 2 3 2 1 1 1 2 1 1 1 2|1 3 2 2 2 2 2 1 2 1 1 1 1 2 1|2 1 2 2 1 1 3 3 2 2 2 1 2 2 0

第17个最优解：
Iter = 349
Nfe = 54198
Fitness = 89.68356456704369
The number of total device = 960
The number of various devices = 64 64 64 64 64 64 64 64 64 64 64 64 64 64 64
The scheme of allocation = 1 5 2 3 1 7 5 0 2 2 5 1 2 1 3|12 3 4 1 11 0 3 9 3 3 1 4 2 1 2|3 6 8 1 1 6 3 1 2 6 5 1 2 2 3|2 2 1 3 0 2 2 1 1 2 2 2 2 2 3|0 2 3 1 2 3 1 3 1 1 3 6 2 3 3|0 1 3 4 2 2 4 3 2 3 1 2 2 4 2|1 0 3 3 2 2 1 3 2 2 2 3 2 1 3|2 2 2 2 1 1 1 3 3 1 3 1 2 2 2|2 4 3 3 3 2 2 2 2 2 2 2 3 2 1|2 1 2 1 0 2 3 2 3 2 3 1 2 1 2|1 1 1 2 3 0 1 2 3 3 2 2 2 2 1|1 3 1 2 1 3 1 0 2 3 3 1 2 1 3|2 1 2 1 4 1 1 3 2 3 1 2 2 2 2|2 2 2 1 1 2 2 2 2 2 1 4 2 3 1|2 1 2 3 1 1 5 1 3 1 2 4 2 1 4|1 4 1 2 3 3 2 0 2 1 1 2 2 2 2|2 1 3 6 2 2 1 2 3 2 2 2 2 2 2|2 2 2 1 2 2 2 1 1 2 3 2 2 4 0|1 2 1 4 2 3 1 2 3 2 1 2 1 1 2|1 1 2 2 1 1 1 2 1 2 2 1 2 3 2|2 1 2 2 2 2 2 2 0 4 2 2 3 4 2|1 1 1 1 1 4 2 2 1 1 2 3 1 1 1|2 4 1 1 3 3 1 1 3 3 2 2 2 1 1|2 2 1 1 3 2 1 2 1 1 1 3 2 3 1|0 1 2 2 0 1 0 4 1 2 1 1 1 1 1|3 1 1 2 3 1 2 1 1 1 1 1 2 1 2|1 1 2 1 1 2 2 2 2 1 1 1 2 3 3|3 1 0 2 1 1 2 2 2 1 1 3 3 2 1|1 3 2 2 2 1 1 1 2 1 2 1 2 1 2|2 1 1 2 3 1 4 2 4 1 2 1 2 1 2|1 3 1 1 1 1 4 2 2 2 2 0 2 2 3|6 1 2 1 1 0 1 1 2 1 2 1 2 4 2

第18个最优解：
Iter = 381
Nfe = 99665
Fitness = 90.08377650020022
The number of total device = 960
The number of various devices = 64 64 64 64 64 64 64 64 64 64 64 64 64 64 64
The scheme of allocation = 1 1 2 2 4 1 2 3 17 1 2 2 2 5 2|4 12 4 2 10 2 1 2 1 7 3 7 2 1 2|3 3 3 2 2 1 1 2 8 1 2 1 1 6 3|5 2 5 2 3 2 2 3 1 10 2 4 1 2 5|1 0 1 2 2 1 0 2 1 4 1 1 3 3 2|4 2 4 2 1 2 5 2 1 3 2 3 2 5 1|2 4 2 2 1 4 1 2 2 1 2 2 2 1 2|2 1 2 2 1 1 2 2 2 1 2 2 1 2 2|1 4 1 2 2 3 2 2 2 2 3 3 3 2 2|1 1 2 2 2 1 4 2 1 2 2 1 2 1 2|1 2 1 2 1 2 2 2 1 0 2 1 2 2 2|2 1 1 2 2 2 1 2 3 1 2 2 1 1 2|2 2 2 2 2 2 3 2 1 1 2 2 6 2 3|2 1 2 2 1 2 1 2 1 2 2 4 1 2 1|1 0 1 2 2 0 2 2 2 1 2 2 2 2 2|2 1 4 2 3 2 1 2 1 1 3 2 2 1 2|3 3 2 3 2 1 3 2 2 2 2 1 1 2 2|1 1 2 3 1 3 2 2 2 1 3 2 3 3 2|2 3 3 2 1 3 1 2 1 2 2 2 3 1 1|1 2 1 1 1 3 5 2 0 2 1 2 2 1 1|2 2 1 2 1 0 1 2 2 2 3 2 2 1 1|2 1 1 2 1 1 2 2 2 1 2 1 1 2 3|2 3 2 2 1 3 2 2 0 4 1 2 0 2 1|1 1 0 2 1 3 2 2 1 1 2 1 3 3 0|1 1 1 1 1 1 1 1 1 1 1 1 2 1 2|2 2 3 2 1 4 1 2 1 0 2 1 2 1 3|2 1 1 2 4 5 1 2 1 3 2 1 2 5 3|2 1 0 2 2 1 2 2 1 0 2 1 2 0 5|3 2 3 2 2 1 1 1 1 1 1 2 2 1 1|1 1 2 2 3 2 4 2 1 2 2 1 2 1 2|2 2 3 2 2 1 4 2 2 3 2 2 1 1 1|3 1 2 2 1 4 2 2 1 1 2 3 3 1 1

第19个最优解：
Iter = 431
Nfe = 66931
Fitness = 89.21081517503686
The number of total device = 960
The number of various devices = 64 64 64 64 64 64 64 64 64 64 64 64 64 64 64
The scheme of allocation = 7 11 9 2 4 10 3 2 3 1 3 2 2 7 2|1 1 10 3 2 3 3 2 5 4 4 2 3 2 7|6 3 4 8 1 9 7 1 2 6 2 2 1 2 5|1 2 6 2 1 1 3 3 2 4 0 2 1 1 3|2 1 4 1 1 1 2 1 2 4 2 2 2 3 2|2 1 1 1 10 1 8 3 2 1 2 2 3 2 3|1 3 2 2 2 3 1 3 1 1 1 2 1 2 4|2 2 1 1 3 4 2 2 2 2 1 2 2 2 1|2 2 1 2 2 2 1 3 1 2 1 3 1 2 1|2 1 2 2 1 2 2 1 1 1 1 2 3 2 5|2 1 1 3 1 0 1 2 1 1 4 1 2 2 2|2 2 1 2 2 2 4 2 2 2 2 2 2 1 0|3 2 1 1 2 3 1 1 2 2 2 2 2 1 1|3 2 2 3 2 0 1 3 1 2 2 2 1 3 3|3 2 2 1 3 1 1 3 2 1 1 2 2 1 1|3 1 1 2 2 3 0 2 3 1 2 2 3 2 0|2 1 1 2 2 1 2 2 2 1 2 2 2 3 2|1 3 1 1 1 2 2 1 1 2 2 2 3 2 2|2 2 0 2 2 2 5 2 2 2 2 2 4 2 0|1 3 1 2 2 1 2 2 2 1 2 2 1 1 1|3 1 1 1 1 2 1 1 3 3 1 2 3 2 1|1 1 1 2 1 1 1 3 2 2 4 2 2 1 4|1 1 1 2 2 1 1 2 3 1 1 2 3 3 1|1 3 2 2 1 1 1 1 1 2 2 2 1 1 0|1 1 1 1 1 1 1 3 2 4 1 1 1 1 1|1 1 2 2 2 1 1 4 2 1 2 1 2 1 1|3 3 2 2 1 1 2 2 2 4 2 2 2 2 1|2 2 0 2 2 1 1 1 1 1 3 2 2 2 4|0 1 2 1 2 1 0 2 2 1 1 2 1 2 3|0 1 1 2 2 1 1 1 3 2 2 3 1 2 1|1 2 0 3 2 1 1 2 3 0 5 2 2 2 1|2 1 0 1 1 1 2 1 1 2 2 3 3 2 1

第20个最优解：
Iter = 642
Nfe = 99614
Fitness = 90.00856378335558
The number of total device = 960
The number of various devices = 64 64 64 64 64 64 64 64 64 64 64 64 64 64 64
The scheme of allocation = 6 1 6 2 2 3 2 2 0 1 1 2 5 4 3|1 2 5 1 3 0 3 1 7 3 3 2 1 0 1|1 2 1 4 3 1 2 2 0 2 3 4 5 1 2|5 3 0 3 2 1 4 2 3 2 2 3 0 1 1|1 1 4 2 2 0 1 1 2 2 3 2 3 12 1|4 3 1 6 3 2 3 2 11 2 2 3 1 1 1|3 1 1 3 2 1 3 1 1 2 2 2 3 2 1|1 1 2 2 1 1 4 6 0 2 3 2 2 2 2|1 3 1 3 2 2 1 2 5 2 2 1 1 1 4|2 2 2 2 2 2 1 4 2 2 1 1 1 2 2|1 3 1 1 2 3 3 1 3 2 2 4 2 0 3|1 1 2 3 1 5 2 2 1 2 1 4 3 1 1|2 7 3 2 2 1 1 1 2 2 2 1 2 4 4|1 1 1 1 2 1 1 3 1 2 1 3 5 1 1|1 3 0 2 2 2 1 1 1 1 3 2 3 0 2|1 3 2 2 2 3 4 1 2 2 2 3 3 1 2|2 1 1 1 2 1 2 1 1 2 2 2 3 2 2|1 3 1 2 2 1 3 1 3 3 1 1 1 2 2|1 2 3 1 2 1 2 3 1 2 2 2 2 1 2|2 1 1 1 1 4 1 2 1 3 4 1 1 1 1|4 3 1 1 2 6 1 1 0 3 2 2 1 3 2|2 3 4 2 3 2 1 1 4 2 1 2 1 2 2|1 1 4 2 2 2 1 2 1 2 2 2 2 1 2|2 2 2 1 2 1 2 3 1 2 1 2 1 3 5|1 1 1 3 2 2 1 1 1 2 2 2 1 2 1|2 3 4 1 2 2 2 2 1 2 2 1 1 2 2|3 2 2 2 2 1 2 2 1 1 2 1 1 1 1|3 1 3 1 2 5 3 3 2 2 1 2 2 1 2|3 1 1 2 2 3 1 3 2 1 1 1 1 5 3|1 1 2 2 2 1 2 2 2 2 3 2 1 1 1|3 1 1 2 1 1 2 2 1 2 3 1 1 1 2|1 1 1 1 2 3 2 3 1 2 2 1 4 3 3

第21个最优解：
Iter = 446
Nfe = 69266
Fitness = 89.98238213650522
The number of total device = 960
The number of various devices = 64 64 64 64 64 64 64 64 64 64 64 64 64 64 64
The scheme of allocation = 3 3 2 6 5 2 2 7 2 2 2 4 1 3 2|4 5 1 4 3 3 3 2 3 7 2 6 10 1 6|2 2 3 3 1 9 6 2 2 3 2 6 3 3 2|5 2 8 2 2 1 3 2 2 1 2 7 2 5 4|2 2 3 2 2 2 2 1 1 1 2 8 3 1 3|3 11 2 2 3 8 3 3 3 2 2 2 3 5 2|1 4 1 1 1 3 1 1 1 2 2 1 2 1 1|2 1 2 1 1 2 1 2 2 2 2 1 2 4 0|2 1 2 2 1 2 3 1 1 1 2 1 1 2 1|1 1 2 2 1 1 1 2 3 4 2 2 2 3 2|2 2 1 3 2 1 3 3 2 1 2 1 2 1 1|1 3 2 1 2 1 2 2 2 3 2 1 1 3 2|1 1 3 1 3 2 1 1 1 0 2 0 1 1 1|2 1 1 2 3 2 1 2 2 1 2 2 1 1 1|3 2 1 3 1 1 3 2 2 2 2 2 4 0 2|2 0 1 2 1 2 1 2 2 2 2 1 1 3 2|1 1 2 2 5 1 3 1 3 2 2 0 2 2 3|2 1 1 2 1 1 1 2 2 2 2 1 2 2 0|1 2 2 2 2 1 2 1 2 3 2 1 2 1 2|1 0 2 1 1 1 1 2 2 3 1 0 1 2 4|1 2 2 2 1 0 2 2 3 3 3 2 2 2 2|2 2 2 1 1 0 1 2 1 1 2 0 1 3 2|1 1 1 3 3 3 1 2 2 1 2 0 1 1 1|2 1 2 1 2 2 1 3 2 1 2 2 1 2 1|2 2 3 1 2 3 2 1 2 2 2 2 1 1 2|3 2 3 1 2 3 3 2 2 1 2 1 1 2 3|2 2 2 3 2 1 1 2 3 1 2 1 3 3 0|3 3 1 2 2 1 2 1 1 3 1 3 2 1 4|1 1 1 1 4 1 2 2 1 1 2 1 1 1 3|3 0 1 1 1 2 2 3 3 2 2 2 3 1 2|1 1 1 2 1 1 1 1 2 1 2 2 1 1 2|2 2 3 2 2 1 3 2 2 3 3 1 1 2 1

第22个最优解：
Iter = 309
Nfe = 84949
Fitness = 89.3170081549064
The number of total device = 960
The number of various devices = 64 64 64 64 64 64 64 64 64 64 64 64 64 64 64
The scheme of allocation = 9 3 4 6 2 4 3 3 2 4 2 4 2 6 3|4 4 2 2 0 4 5 6 6 5 2 6 2 2 4|4 1 1 2 8 4 6 5 2 3 2 3 2 11 15|3 3 1 2 2 2 4 5 2 1 3 7 2 1 2|5 4 2 3 1 1 3 2 2 1 1 3 2 1 3|2 6 2 3 1 7 1 1 2 1 2 2 3 2 2|3 1 1 3 2 5 1 2 1 5 1 3 2 1 3|2 2 2 2 3 1 1 2 1 1 2 2 2 2 2|1 1 2 1 4 2 2 2 2 2 1 1 2 1 2|1 1 2 2 1 1 1 0 1 2 2 2 2 2 1|2 2 2 2 1 3 3 1 1 2 3 0 2 1 1|4 2 3 2 2 1 1 2 2 0 2 3 3 1 2|1 1 2 2 1 2 2 1 2 1 2 1 2 3 1|3 2 3 0 3 2 1 1 3 2 0 1 2 1 1|1 2 3 2 2 1 1 1 1 2 1 1 2 1 2|1 2 2 0 2 1 4 2 3 1 2 1 2 1 1|1 2 2 4 2 1 2 2 2 3 2 2 2 1 1|2 2 3 2 2 1 2 2 2 2 4 2 2 2 2|1 1 2 3 2 1 1 1 1 2 1 1 2 1 2|0 3 2 1 2 1 1 0 3 2 2 2 2 2 1|0 1 2 2 1 2 1 1 2 2 2 2 2 1 2|2 2 3 2 2 2 3 2 1 1 2 1 2 1 1|1 2 1 1 3 1 1 2 4 0 3 1 2 2 1|1 2 2 1 2 1 1 4 3 2 2 2 2 2 1|1 1 1 0 1 1 1 1 2 1 2 1 1 2 1|1 3 2 2 3 1 2 3 1 1 2 2 2 1 1|2 1 3 2 2 1 1 2 2 2 2 3 2 1 0|1 1 2 4 1 0 2 2 2 2 2 0 2 2 1|1 1 1 0 1 5 1 0 0 1 3 0 1 3 1|1 3 1 1 2 2 2 2 2 3 2 2 2 3 1|1 0 1 1 2 1 3 2 2 3 2 0 2 1 1|2 2 2 4 1 2 1 2 2 4 3 3 2 2 2

第23个最优解：
Iter = 572
Nfe = 88814
Fitness = 90.6456704652261
The number of total device = 960
The number of various devices = 64 64 64 64 64 64 64 64 64 64 64 64 64 64 64
The scheme of allocation = 4 2 4 4 9 2 3 4 3 9 6 6 3 2 1|5 10 2 3 2 5 3 2 3 2 6 11 4 2 3|9 4 2 2 1 5 2 3 3 3 6 2 2 2 5|4 2 7 2 1 2 2 3 6 1 3 2 1 2 3|1 4 2 7 7 2 2 3 1 3 2 2 2 2 2|1 1 2 3 3 3 3 2 2 3 1 2 1 2 2|2 0 2 3 4 1 1 3 2 3 1 1 1 2 2|1 1 1 3 2 2 1 2 1 1 1 1 2 2 2|1 2 2 1 2 2 2 1 2 3 1 1 3 3 2|4 0 1 2 2 2 1 1 2 2 2 1 2 2 2|2 2 2 3 1 1 2 3 2 4 0 2 2 1 2|2 2 1 1 1 3 2 2 2 1 3 2 2 2 2|2 2 2 1 1 2 2 1 2 3 2 3 1 2 2|2 1 1 3 2 2 2 3 1 1 1 1 2 1 1|1 2 2 1 2 1 2 2 3 2 2 4 1 2 2|2 1 3 1 1 1 3 2 3 2 2 1 2 2 2|1 2 2 1 2 2 2 1 2 1 2 1 2 1 2|2 4 2 2 1 2 2 3 2 2 1 2 2 3 2|1 3 2 1 1 2 2 4 2 0 3 2 2 2 1|0 2 2 1 1 1 2 1 1 1 2 0 2 2 2|2 0 3 1 1 1 3 2 2 1 2 2 2 3 2|3 1 2 0 2 1 2 0 2 1 1 1 3 2 2|1 0 1 2 2 2 2 1 2 1 1 1 3 2 2|1 2 1 2 1 2 2 2 0 1 1 2 3 3 1|1 2 1 1 1 3 2 3 1 2 1 1 2 1 2|1 2 1 1 1 1 2 1 2 2 1 2 3 2 2|1 2 1 2 2 2 2 1 2 2 1 2 1 2 2|2 1 1 2 2 2 1 1 1 1 2 2 1 2 2|2 2 1 4 1 1 1 2 1 1 2 0 2 1 1|1 1 3 1 2 2 2 2 3 2 2 2 2 3 1|1 2 3 2 2 2 2 1 2 1 1 2 2 2 2|1 2 2 1 1 2 2 2 1 2 2 0 1 2 3

第24个最优解：
Iter = 583
Nfe = 90486
Fitness = 89.64149005765383
The number of total device = 960
The number of various devices = 64 64 64 64 64 64 64 64 64 64 64 64 64 64 64
The scheme of allocation = 3 4 2 4 1 7 4 1 2 1 2 5 1 2 4|4 4 2 2 6 3 2 23 2 12 5 3 3 2 2|7 2 2 7 5 2 13 4 3 4 7 2 1 2 2|0 2 2 4 10 2 3 1 2 0 5 5 2 2 3|1 2 2 3 2 1 1 1 2 5 1 3 3 2 2|1 2 2 1 2 3 7 2 3 0 1 2 3 2 1|4 1 2 3 2 4 3 1 2 1 4 4 3 1 1|1 3 2 2 3 2 2 2 2 2 2 1 4 2 1|3 3 2 1 1 4 2 1 2 1 2 1 2 2 2|3 2 2 1 1 1 2 1 1 1 1 2 1 2 1|0 1 2 2 1 1 2 1 1 1 3 2 2 2 3|1 2 2 1 2 2 1 1 2 2 1 1 2 2 4|1 2 2 1 3 1 2 2 2 3 2 0 2 2 2|2 2 2 0 1 2 1 0 2 1 1 3 1 1 2|2 2 2 2 0 2 1 2 2 1 1 1 2 2 1|2 1 2 3 2 2 1 2 2 1 2 1 3 2 3|1 2 2 1 1 2 1 1 2 2 2 1 1 3 2|3 2 2 1 0 1 1 2 2 2 2 1 2 2 2|2 1 2 3 1 1 2 2 1 1 1 2 2 2 1|1 1 2 1 1 1 2 1 2 2 2 3 1 2 3|3 3 2 1 3 1 1 1 2 1 1 1 2 2 1|1 2 2 1 2 3 1 1 3 1 1 3 2 2 1|3 2 2 1 2 1 0 1 2 2 2 2 2 2 2|2 2 2 3 2 2 1 1 2 2 3 1 3 2 1|1 2 2 2 1 2 0 1 1 3 1 2 1 2 4|1 2 2 3 1 1 0 0 2 0 1 1 1 2 3|2 2 2 1 1 2 2 1 2 4 2 1 3 2 2|2 2 2 1 3 1 1 1 2 1 0 3 2 2 1|1 2 2 2 0 2 1 0 1 3 1 2 2 2 1|2 1 2 2 1 2 1 3 3 2 2 1 2 2 3|2 1 2 2 1 2 2 2 3 1 1 2 1 2 1|2 2 2 2 2 1 1 1 2 1 2 2 2 3 2

第25个最优解：
Iter = 568
Nfe = 99878
Fitness = 90.36208614583268
The number of total device = 960
The number of various devices = 64 64 64 64 64 64 64 64 64 64 64 64 64 64 64
The scheme of allocation = 1 2 4 2 3 2 2 1 1 1 3 3 4 8 0|2 2 2 5 3 1 1 3 1 3 2 2 9 1 11|2 3 1 2 3 2 2 16 1 3 2 3 2 3 2|7 2 4 2 3 1 2 1 2 1 2 2 4 2 3|5 2 1 1 2 3 1 1 3 2 1 6 2 2 1|2 2 6 1 2 0 2 2 5 1 4 1 3 1 5|2 2 1 3 2 2 2 1 2 1 1 2 1 3 1|2 1 1 2 2 1 1 2 2 5 2 2 3 2 3|1 2 1 2 3 1 7 2 1 2 2 2 0 1 2|1 2 2 2 2 3 1 3 2 2 2 3 1 2 2|2 2 2 3 2 3 2 1 3 3 2 2 1 3 2|2 2 1 2 3 2 1 1 1 2 3 2 1 0 1|1 2 1 2 1 2 2 2 2 1 2 2 1 1 0|3 1 2 1 1 2 3 1 2 3 2 1 2 2 1|1 2 2 2 1 4 2 1 1 1 1 2 2 1 1|1 2 1 2 2 2 2 1 3 1 2 1 1 1 0|1 3 1 2 3 2 3 1 2 1 2 3 1 3 1|3 2 2 2 3 2 2 1 0 3 3 2 1 1 1|1 1 1 1 1 2 1 1 3 2 2 1 2 2 3|3 2 3 1 1 3 1 2 5 2 3 1 1 1 3|2 2 2 3 1 2 2 1 1 2 2 2 1 2 2|3 2 2 2 2 1 2 1 3 2 3 1 1 2 2|2 2 1 3 2 1 1 3 1 6 3 1 1 2 1|2 3 1 2 1 1 2 3 0 2 1 1 2 4 4|1 2 2 1 2 1 2 2 1 1 1 1 3 2 3|2 2 4 0 2 4 1 2 3 1 1 3 4 2 3|1 2 3 2 1 2 3 2 2 2 2 2 1 3 1|1 2 2 2 2 3 2 1 1 1 1 2 3 1 1|1 1 4 2 2 6 2 1 1 1 2 2 4 1 1|2 2 1 2 2 1 3 1 3 1 2 3 0 1 1|2 3 2 3 2 2 3 1 2 3 1 1 1 3 1|2 2 1 2 2 0 1 2 4 2 2 2 1 1 1

第26个最优解：
Iter = 341
Nfe = 52991
Fitness = 91.14212066126974
The number of total device = 960
The number of various devices = 64 64 64 64 64 64 64 64 64 64 64 64 64 64 64
The scheme of allocation = 10 4 1 5 2 2 2 4 4 5 5 3 12 4 3|3 1 2 4 3 2 6 1 2 4 2 3 2 3 2|2 12 2 1 3 2 3 2 4 1 1 2 7 2 3|1 3 3 1 4 2 3 4 2 1 3 2 1 3 2|2 2 4 3 1 1 2 2 1 2 2 2 2 2 1|5 1 3 2 2 2 2 1 1 1 3 8 2 2 2|2 2 1 2 3 2 2 3 3 2 2 2 1 1 1|1 4 3 1 1 2 3 1 1 3 2 3 1 2 2|2 1 2 1 2 2 3 2 2 1 1 2 1 2 2|2 4 1 2 1 2 2 2 1 2 1 2 1 3 2|1 0 3 2 2 2 2 2 1 3 1 1 3 2 2|0 3 1 1 2 2 2 2 3 2 2 1 1 2 1|1 1 1 1 2 2 3 2 3 5 1 2 1 4 2|1 2 2 1 2 2 2 2 3 2 2 1 3 1 2|2 1 1 3 3 1 2 3 2 2 2 1 1 4 2|3 1 3 1 2 1 2 1 1 2 2 3 1 1 2|2 1 4 3 3 3 2 2 2 0 3 1 2 3 2|2 2 1 4 1 3 1 3 2 2 3 1 3 2 3|2 3 2 3 2 2 2 3 1 3 2 1 1 1 1|1 2 2 2 1 2 1 2 1 2 1 1 1 2 3|3 1 2 1 2 2 1 2 2 1 2 2 2 3 2|1 0 2 0 3 2 2 2 1 1 1 2 1 2 2|1 2 1 1 2 2 2 2 3 1 1 1 2 1 2|1 1 1 1 1 2 1 1 3 3 3 1 1 3 1|1 3 1 5 2 2 1 1 1 1 2 2 2 1 2|2 1 2 2 1 2 1 1 3 1 2 2 1 1 2|1 1 3 1 3 2 2 2 2 5 2 2 1 1 2|3 1 0 2 3 2 1 2 2 1 1 2 1 2 2|2 1 2 1 1 2 1 2 1 0 2 2 2 1 2|2 0 3 3 1 2 2 2 1 2 2 2 2 1 2|1 0 3 3 2 3 1 2 2 0 2 1 0 1 3|1 3 2 1 1 2 2 1 3 3 3 3 2 1 2

第27个最优解：
Iter = 192
Nfe = 29902
Fitness = 88.08449461475563
The number of total device = 960
The number of various devices = 64 64 64 64 64 64 64 64 64 64 64 64 64 64 64
The scheme of allocation = 2 1 3 3 2 6 10 4 3 1 1 3 0 2 2|7 2 4 3 1 1 1 3 3 5 7 3 19 4 2|11 5 3 2 7 2 5 6 2 2 9 1 3 1 1|3 1 3 1 9 2 2 2 1 3 6 2 0 3 2|2 2 2 8 1 3 2 2 2 1 2 1 2 1 2|1 2 1 3 2 5 2 3 3 2 0 1 1 2 2|1 1 1 1 3 2 1 3 1 5 3 1 4 1 2|1 3 2 1 1 1 1 3 1 3 2 1 1 4 2|2 0 2 1 1 1 3 1 3 1 3 1 2 1 2|2 2 2 2 1 1 2 2 2 3 2 0 2 4 1|2 1 2 5 1 1 2 0 2 2 2 2 1 4 2|1 2 1 0 1 1 2 1 3 3 2 3 2 1 3|0 1 2 2 3 2 1 1 1 2 0 3 2 2 2|1 2 2 1 3 0 2 1 2 2 1 9 1 0 2|1 4 2 0 3 3 2 0 5 3 1 3 2 1 2|2 3 1 2 1 2 2 3 2 1 2 1 1 2 1|1 3 3 3 2 1 3 3 1 1 1 4 2 2 3|1 2 2 2 0 3 2 1 2 1 1 2 1 2 2|3 2 2 1 1 6 1 1 1 2 1 4 1 2 2|1 1 3 1 2 3 1 0 3 1 1 0 0 2 2|1 1 2 1 3 0 2 1 3 1 2 1 0 5 3|1 2 2 2 2 0 1 3 2 1 2 1 1 2 2|1 4 1 2 1 2 2 2 2 1 1 1 2 1 2|2 2 2 3 1 2 0 3 2 2 1 0 0 1 1|2 2 1 3 1 1 3 2 2 2 1 2 1 2 2|1 1 2 1 0 2 1 3 2 1 1 1 1 3 2|2 2 1 2 1 1 1 1 1 2 2 2 1 1 2|2 3 2 1 1 2 1 2 1 1 2 1 2 0 2|2 2 2 1 2 1 1 3 2 1 1 2 3 2 2|2 2 2 3 2 2 2 1 1 4 1 1 1 1 2|1 1 1 1 3 2 1 2 2 3 2 2 3 3 2|2 2 3 2 2 3 2 1 1 1 1 5 2 2 3

第28个最优解：
Iter = 329
Nfe = 76312
Fitness = 88.69889975438568
The number of total device = 960
The number of various devices = 64 64 64 64 64 64 64 64 64 64 64 64 64 64 64
The scheme of allocation = 4 2 4 4 4 7 2 8 1 5 1 2 4 9 3|8 2 2 4 1 1 2 1 6 1 2 2 2 3 2|2 2 5 21 2 5 2 2 2 6 6 6 4 2 2|3 2 2 3 2 0 2 1 1 1 1 7 1 1 1|0 2 2 1 1 2 2 2 3 2 1 0 2 2 1|2 2 2 3 3 1 1 8 3 2 2 2 1 2 2|3 2 2 1 1 7 2 1 2 2 2 5 2 1 7|3 2 1 1 1 1 2 2 3 2 1 2 2 1 3|2 2 2 1 2 1 2 1 2 3 1 2 1 1 3|3 2 1 1 2 1 2 2 1 1 1 1 1 2 1|2 2 2 1 1 3 2 2 3 1 3 2 2 2 3|1 3 2 2 2 2 3 2 1 4 1 3 4 2 2|1 2 2 1 3 1 2 1 1 1 4 0 2 2 2|1 2 4 1 2 1 2 2 2 1 3 1 2 3 2|1 2 4 1 3 1 2 3 1 1 2 2 2 1 0|2 2 0 1 2 1 2 1 1 1 1 2 1 2 1|2 2 4 1 3 1 3 3 1 1 3 1 1 2 1|3 3 2 0 2 2 2 2 4 1 2 3 4 3 2|1 2 1 2 1 3 2 1 1 0 3 1 1 2 4|1 1 1 2 3 1 2 1 1 2 2 0 3 1 2|1 2 3 1 1 1 2 2 1 2 3 1 2 2 0|1 2 2 1 2 2 2 2 4 3 1 1 1 3 0|0 1 1 0 0 3 3 3 1 3 2 3 1 2 5|2 2 1 1 2 4 2 2 3 8 1 4 2 2 2|2 2 1 1 2 1 1 1 4 2 1 0 3 0 3|3 2 2 1 2 1 2 0 4 1 2 0 1 1 3|1 2 1 1 2 3 1 1 2 1 0 2 2 1 2|2 2 1 1 2 1 2 1 0 1 1 2 1 2 1|1 2 1 1 2 2 2 1 1 2 3 1 3 2 1|1 2 2 1 3 0 2 1 2 1 1 2 3 4 1|1 2 2 2 3 1 2 2 1 1 5 3 2 0 1|4 2 2 1 2 3 2 2 1 1 2 1 1 1 1

第29个最优解：
Iter = 541
Nfe = 83987
Fitness = 89.65960187609664
The number of total device = 960
The number of various devices = 64 64 64 64 64 64 64 64 64 64 64 64 64 64 64
The scheme of allocation = 1 1 2 3 1 4 2 1 6 2 1 1 1 1 3|3 1 11 3 4 1 2 2 3 1 4 6 1 9 2|2 3 15 1 3 2 2 3 2 3 2 5 3 4 2|2 3 0 3 7 1 2 2 2 2 4 5 4 1 6|2 3 1 2 2 2 2 2 1 2 9 3 3 1 3|1 1 2 1 5 2 2 1 1 2 2 3 1 3 2|1 6 2 2 1 1 2 2 2 2 3 2 1 2 1|2 2 1 2 2 1 2 1 1 2 2 2 2 1 2|2 4 2 1 2 2 3 3 2 2 2 3 1 1 5|3 1 1 2 2 2 2 1 2 2 3 2 2 2 1|1 1 1 1 0 1 2 1 3 2 1 2 2 0 1|1 3 1 2 2 4 2 3 2 2 1 2 1 2 1|2 1 1 2 0 2 2 2 2 2 1 1 4 2 2|3 1 1 2 3 1 2 2 2 2 1 2 2 2 2|1 3 2 2 1 1 3 2 1 2 0 2 3 2 1|2 4 1 1 2 2 2 2 2 2 1 1 4 1 1|2 3 1 5 1 3 2 1 2 2 7 4 1 2 5|1 1 1 2 2 1 2 2 2 3 4 0 1 3 2|2 4 1 2 2 2 2 3 2 2 1 1 2 2 4|2 1 1 3 0 1 1 1 1 2 0 2 1 2 0|4 2 2 1 3 1 2 3 1 2 1 2 1 2 1|4 1 1 1 2 3 2 3 2 2 1 3 2 1 0|3 1 1 3 4 2 2 4 3 2 1 1 1 2 3|2 2 2 1 1 2 2 1 1 2 1 1 2 2 1|1 2 1 1 1 1 2 1 2 2 2 0 3 1 1|4 0 1 1 3 2 2 2 3 2 3 2 3 2 1|2 1 2 3 1 1 2 2 2 2 2 2 2 1 1|1 2 1 1 2 9 1 3 1 2 1 0 1 2 1|1 3 1 4 1 1 2 1 2 1 1 0 1 3 5|2 1 1 2 2 1 2 2 2 2 1 0 3 2 2|2 1 1 2 2 4 2 3 3 2 0 3 3 2 1|2 1 2 2 0 1 2 2 1 2 1 1 2 1 1

第30个最优解：
Iter = 176
Nfe = 58884
Fitness = 88.54250796746538
The number of total device = 960
The number of various devices = 64 64 64 64 64 64 64 64 64 64 64 64 64 64 64
The scheme of allocation = 2 7 5 1 2 1 2 1 4 1 2 2 3 4 0|3 2 2 1 1 4 2 8 3 7 6 1 1 1 2|2 4 2 3 3 6 3 2 3 2 1 1 1 1 4|2 2 5 1 1 2 2 3 4 7 1 5 2 3 2|2 3 6 10 4 1 2 2 1 2 2 6 2 2 0|2 1 1 2 3 6 2 2 2 1 2 1 3 6 2|2 2 2 0 2 3 1 1 2 1 3 4 2 1 1|3 2 2 2 2 2 2 2 2 3 3 2 1 1 2|3 0 0 4 1 2 4 3 2 1 2 2 1 2 1|1 1 0 0 2 1 3 2 1 2 1 3 1 2 5|2 1 1 2 2 1 1 0 2 2 2 3 3 1 1|3 1 3 2 2 1 2 2 1 1 3 1 1 3 2|3 0 2 1 1 3 1 1 1 1 1 1 3 1 3|2 5 2 2 2 1 1 2 1 0 2 1 2 1 2|2 3 2 1 3 1 2 1 1 2 1 3 3 2 2|2 3 2 1 2 0 1 1 1 2 2 1 1 2 1|2 2 1 1 1 1 2 6 2 2 4 1 5 1 1|3 1 1 2 3 2 3 1 4 6 1 2 2 2 2|2 2 2 2 2 1 0 1 2 1 3 2 5 2 2|2 1 1 1 1 3 1 0 1 2 1 2 2 1 3|2 2 1 3 2 0 3 1 2 3 1 1 2 1 2|2 2 4 1 5 2 2 4 2 1 2 3 2 1 5|1 1 3 2 1 1 2 1 1 2 2 1 2 1 3|2 2 0 7 4 1 1 1 1 0 4 1 1 1 1|1 3 0 1 2 6 3 1 1 3 2 0 2 4 1|2 2 0 2 2 2 1 1 2 1 1 1 1 4 1|2 1 2 1 2 0 5 3 4 1 2 4 1 4 1|1 4 3 2 1 1 2 5 2 1 1 2 2 1 2|1 0 4 2 1 3 0 1 1 1 2 1 2 3 3|2 1 2 2 1 3 1 2 3 1 2 2 2 2 2|1 2 2 1 2 2 3 1 2 0 1 2 2 1 3|2 1 1 1 1 1 4 2 3 4 1 2 1 2 2

第31个最优解：
Iter = 228
Nfe = 35449
Fitness = 89.44814469546533
The number of total device = 960
The number of various devices = 64 64 64 64 64 64 64 64 64 64 64 64 64 64 64
The scheme of allocation = 3 1 2 3 1 4 2 4 2 1 2 2 2 1 3|4 5 2 1 4 1 2 4 2 7 3 1 5 2 2|5 9 2 6 6 2 2 4 6 0 1 2 9 2 2|8 1 1 4 1 0 2 1 9 1 2 3 1 4 4|2 1 2 2 3 1 2 4 1 1 2 3 2 2 3|1 1 2 1 1 2 3 2 2 12 1 2 1 7 5|2 9 1 3 3 2 2 3 2 2 3 2 2 1 4|1 1 2 1 2 2 2 1 1 2 3 2 2 1 1|0 2 2 2 2 2 2 1 1 1 2 2 1 3 2|2 1 1 1 1 2 2 2 1 1 1 3 2 1 1|1 1 2 0 3 1 2 5 2 1 1 2 2 2 0|1 1 1 3 1 2 3 2 2 1 0 1 2 2 2|3 2 3 1 1 2 2 1 1 2 1 1 1 1 2|1 1 2 2 4 1 2 2 1 1 3 0 2 2 0|2 2 1 3 2 4 3 2 1 1 3 2 2 2 2|1 1 3 1 1 3 2 1 1 2 1 3 1 2 0|0 1 2 2 1 2 2 3 3 3 2 2 1 1 0|1 2 3 4 1 2 2 2 1 2 1 2 1 0 3|3 1 1 1 1 1 2 1 2 3 2 2 2 2 2|0 2 3 2 2 3 2 2 1 1 5 2 2 2 3|1 2 2 3 1 0 2 1 1 3 1 2 2 2 1|1 2 3 2 2 3 2 1 2 1 4 1 1 1 0|2 2 2 2 2 2 2 1 2 2 1 2 1 2 2|1 2 2 2 3 2 2 2 2 2 0 3 3 1 4|3 0 2 1 1 1 1 2 2 1 2 3 1 3 3|1 1 1 1 3 5 1 0 2 1 1 3 1 3 1|2 2 3 2 3 2 2 2 3 1 5 2 2 1 1|2 1 3 2 2 1 2 1 1 2 3 3 1 3 1|2 2 2 2 1 2 1 2 0 2 2 1 1 3 2|4 2 3 1 2 1 2 2 3 2 2 2 2 2 3|1 1 1 2 2 3 2 1 1 1 3 1 2 2 2|3 2 2 1 1 3 2 2 3 1 1 2 4 1 3

第32个最优解：
Iter = 309
Nfe = 71434
Fitness = 89.15361896111476
The number of total device = 960
The number of various devices = 64 64 64 64 64 64 64 64 64 64 64 64 64 64 64
The scheme of allocation = 2 5 5 4 3 2 6 14 2 0 1 1 2 2 5|3 4 6 11 3 2 2 2 2 4 9 6 2 1 1|1 2 4 1 3 2 9 1 6 1 6 5 3 2 3|3 2 2 3 2 0 2 3 1 2 4 4 2 2 6|3 2 2 1 2 3 2 3 2 3 2 5 2 1 4|3 1 1 1 5 3 2 2 2 3 2 3 2 2 5|2 2 1 1 2 3 1 2 2 2 2 1 2 2 1|3 3 2 2 2 2 2 1 2 1 0 1 2 2 2|1 2 2 2 0 1 2 2 3 6 1 2 2 2 1|1 2 2 1 1 2 1 1 2 2 2 1 2 2 2|3 3 1 0 0 1 2 2 2 1 1 2 2 2 2|2 2 3 2 1 1 1 2 2 2 1 2 2 2 1|1 3 1 1 2 2 2 1 3 0 2 1 2 2 3|2 2 2 1 4 2 1 1 1 1 1 1 2 2 1|2 2 1 1 2 0 2 1 1 1 3 1 2 2 0|3 1 1 3 1 2 1 1 2 2 2 1 2 2 1|1 1 1 2 2 3 2 3 2 3 2 1 2 3 1|1 1 1 1 0 3 1 0 3 1 0 2 2 3 2|2 2 1 2 2 1 2 1 1 1 1 2 2 2 0|2 2 2 1 1 0 1 2 1 1 2 2 2 2 3|3 2 3 4 5 2 2 1 3 2 1 1 2 2 0|4 1 1 1 2 2 2 2 2 3 2 2 2 2 0|2 2 3 2 1 2 1 5 2 4 3 2 2 2 1|3 1 1 2 3 4 1 1 3 2 1 1 2 2 3|3 2 1 2 2 2 1 1 2 2 5 2 1 2 2|1 1 1 2 2 4 2 3 2 1 0 2 2 2 3|1 1 4 1 1 0 2 0 2 1 2 3 2 2 2|1 3 1 2 3 2 3 2 2 2 0 1 2 2 1|3 0 2 1 1 3 1 0 1 2 1 1 2 2 2|1 3 4 1 3 3 1 2 1 2 2 2 2 2 1|1 2 2 3 2 3 2 1 1 3 2 1 2 2 3|0 2 0 2 1 2 2 1 1 3 1 2 2 2 2

第33个最优解：
Iter = 242
Nfe = 37622
Fitness = 88.72706507154929
The number of total device = 960
The number of various devices = 64 64 64 64 64 64 64 64 64 64 64 64 64 64 64
The scheme of allocation = 3 6 4 2 2 2 4 1 7 1 2 1 2 11 2|1 3 2 3 7 2 3 2 3 5 2 1 4 8 7|1 4 2 3 4 17 2 1 7 4 3 3 2 4 3|3 2 1 4 1 2 2 0 2 2 2 3 2 3 2|2 3 1 2 4 4 1 2 1 2 1 3 1 1 2|1 4 1 1 0 2 1 2 0 1 2 2 6 1 3|2 1 2 2 6 0 4 2 2 1 2 3 1 1 1|3 1 3 2 4 2 2 3 2 1 2 2 3 1 1|3 1 2 3 1 4 3 2 1 2 1 1 1 1 1|3 2 1 1 2 2 2 2 2 2 2 2 4 2 0|2 1 2 1 1 1 2 3 1 1 2 2 3 1 3|1 2 1 2 3 1 2 1 1 2 2 0 0 2 1|1 2 1 2 1 1 4 2 1 1 2 3 2 1 2|2 2 1 2 3 1 2 2 1 2 2 8 3 1 4|2 1 2 2 1 2 1 1 1 1 2 2 1 1 2|2 1 1 2 1 1 2 3 2 3 2 1 1 2 2|2 1 0 2 1 0 2 1 2 3 2 2 3 2 2|3 1 2 2 2 1 1 1 3 3 2 1 1 1 4|1 2 2 2 2 2 2 3 2 1 2 2 2 1 2|3 1 3 2 2 1 3 1 2 4 2 3 1 2 2|1 2 2 3 0 1 2 2 3 1 3 2 1 4 1|2 1 3 2 1 1 1 2 2 4 2 2 1 2 2|1 3 8 3 1 1 2 3 1 3 2 1 1 2 0|4 3 4 2 1 1 1 3 1 2 1 0 1 0 2|2 6 1 2 2 2 1 1 1 4 1 1 2 1 1|3 1 2 2 2 1 1 5 2 1 2 1 4 1 2|1 1 3 2 2 3 1 3 3 1 2 2 1 1 2|2 2 1 2 1 2 2 3 1 1 2 3 2 0 2|2 1 0 1 1 1 2 2 1 2 2 1 0 1 1|1 1 1 2 2 1 2 2 2 1 3 2 2 3 3|1 1 2 0 1 1 2 2 3 1 2 3 2 0 2|3 1 3 1 2 1 2 1 1 1 3 1 4 2 0

第34个最优解：
Iter = 331
Nfe = 87437
Fitness = 90.0049105119496
The number of total device = 960
The number of various devices = 64 64 64 64 64 64 64 64 64 64 64 64 64 64 64
The scheme of allocation = 2 2 2 2 2 5 6 3 2 7 3 10 3 6 8|4 2 2 3 2 6 1 2 2 3 2 2 3 2 1|11 2 4 4 4 3 4 2 3 2 2 7 8 2 3|5 5 2 3 6 2 2 2 2 11 2 4 6 1 3|4 3 2 3 2 3 2 2 2 1 3 3 5 1 5|1 4 1 2 5 1 7 3 2 4 3 1 2 3 1|1 3 2 2 2 1 1 1 2 2 1 3 2 2 6|1 3 2 1 1 1 3 2 2 2 3 2 1 3 1|2 2 2 2 2 1 1 2 2 1 4 2 1 1 1|2 1 2 2 1 2 1 2 2 1 3 1 2 1 1|1 2 3 1 1 1 1 2 2 3 2 1 1 1 1|3 2 2 1 4 3 2 1 2 1 4 0 2 2 2|1 2 3 2 3 2 2 2 2 2 1 1 2 3 1|1 1 2 1 1 3 2 2 2 2 2 0 2 2 2|1 2 2 2 0 1 3 2 2 2 1 1 1 3 1|1 1 2 2 2 1 2 2 2 1 2 1 1 1 3|1 1 1 2 1 2 2 1 2 0 1 2 1 2 2|1 1 2 2 4 1 1 2 2 1 1 1 1 2 1|2 1 2 2 1 0 2 2 1 1 1 1 2 2 1|2 1 2 1 1 1 1 2 1 2 2 1 1 4 1|1 1 2 1 2 3 3 2 2 1 2 1 1 2 1|1 2 2 2 2 1 2 2 3 1 2 2 2 3 2|1 2 3 1 2 2 1 2 2 2 2 3 2 1 4|2 3 2 2 2 2 1 1 2 1 1 1 2 1 2|0 3 2 2 1 1 1 2 2 1 2 2 2 1 2|2 2 2 1 2 3 2 2 1 1 2 1 0 2 2|1 1 1 2 1 3 0 2 2 2 1 0 2 2 2|2 1 2 6 1 1 1 2 2 1 1 4 1 1 2|2 0 1 1 3 1 1 2 2 1 2 1 2 1 1|3 2 2 1 1 2 2 3 3 2 3 2 1 1 1|1 3 2 3 1 3 3 2 2 1 2 2 1 1 0|1 3 1 2 1 2 1 3 2 1 1 1 1 4 0

第35个最优解：
Iter = 276
Nfe = 42906
Fitness = 89.62893803897956
The number of total device = 960
The number of various devices = 64 64 64 64 64 64 64 64 64 64 64 64 64 64 64
The scheme of allocation = 1 2 2 6 5 4 1 2 2 7 1 1 4 7 1|4 4 4 4 2 6 4 2 4 2 1 5 5 1 4|4 2 3 13 2 2 13 2 4 2 1 3 2 1 2|8 2 1 0 6 2 2 2 2 6 1 1 1 5 4|1 1 3 3 3 3 1 2 2 3 3 1 3 4 8|1 2 2 1 1 2 1 2 2 2 5 5 2 2 3|2 2 2 3 2 2 2 1 2 2 5 2 3 1 1|1 1 1 3 2 2 2 3 2 1 2 7 2 2 2|1 1 4 0 4 2 4 2 2 2 1 1 1 3 1|1 3 1 1 2 3 1 2 2 2 1 2 2 5 1|2 2 1 1 3 1 1 2 2 3 1 0 2 2 2|4 1 3 1 4 1 1 3 2 2 1 3 2 2 1|1 2 2 2 1 1 1 2 2 2 2 2 1 3 1|1 1 1 1 3 2 1 1 1 1 2 2 2 1 2|1 2 3 1 1 2 2 2 2 0 2 2 2 2 1|2 1 1 2 1 2 2 2 2 1 1 2 3 3 1|1 3 3 3 1 1 1 2 2 4 5 1 2 1 1|1 2 1 3 1 2 1 4 1 1 2 2 2 3 1|2 3 4 1 2 1 1 2 2 1 0 2 1 1 1|1 1 3 1 2 1 1 2 2 1 2 2 1 2 3|2 2 0 1 2 3 3 2 3 1 3 1 2 1 3|2 2 1 2 1 3 2 2 2 3 2 1 1 2 2|2 3 1 2 1 2 1 3 2 1 1 2 2 1 2|3 2 3 2 1 0 2 2 2 1 2 1 1 0 2|4 2 4 2 2 2 1 1 1 3 1 1 2 1 1|1 1 1 0 0 2 4 1 1 1 1 1 1 1 1|1 1 2 1 2 3 3 3 1 2 2 1 1 2 2|1 1 1 1 1 1 1 1 2 1 4 3 1 1 1|1 3 1 1 2 1 0 2 2 1 1 4 3 1 3|2 3 2 2 1 1 1 1 3 1 4 2 2 1 1|3 2 2 0 1 2 2 2 1 2 2 1 4 1 3|2 4 1 0 2 2 1 2 2 2 2 0 1 1 2

第36个最优解：
Iter = 313
Nfe = 99960
Fitness = 89.80741938263304
The number of total device = 960
The number of various devices = 64 64 64 64 64 64 64 64 64 64 64 64 64 64 64
The scheme of allocation = 1 3 3 3 2 1 2 2 2 1 1 7 6 6 11|2 4 1 1 2 11 3 3 2 2 1 4 2 2 2|5 2 1 7 1 9 4 8 3 2 8 2 1 9 7|6 1 2 2 2 4 4 3 2 0 1 4 7 1 2|1 1 2 2 1 1 2 7 2 2 2 2 2 1 1|3 5 1 1 5 2 4 2 2 2 1 4 2 1 1|2 2 2 2 1 2 1 7 2 2 1 1 2 1 1|2 1 4 3 2 1 2 1 2 2 2 1 2 1 2|1 2 1 2 1 3 2 2 1 3 2 2 2 1 2|2 2 2 2 2 1 2 1 3 1 2 2 1 2 1|2 0 2 2 1 1 3 1 2 2 2 1 1 2 2|2 6 1 1 3 2 2 2 2 2 1 2 2 1 1|1 1 2 1 2 1 2 1 2 3 2 1 2 2 1|2 1 3 3 1 2 2 1 2 3 2 2 2 1 0|1 3 1 1 2 1 2 2 2 2 3 4 1 2 2|2 3 1 2 1 1 1 0 1 3 2 1 2 1 1|2 1 2 2 1 1 1 3 3 1 4 0 1 1 2|1 2 2 2 4 2 1 1 2 2 2 3 2 3 3|1 2 2 2 2 1 1 0 2 0 1 1 2 3 1|1 2 1 3 1 1 2 0 2 4 1 2 2 2 1|3 2 2 4 3 1 2 2 2 2 3 1 2 1 3|3 1 2 2 5 1 1 1 2 2 2 0 1 1 1|1 3 1 2 2 2 1 2 2 2 2 3 3 3 3|1 1 5 1 2 0 1 1 2 1 1 2 1 2 3|2 4 3 1 3 2 2 1 2 1 1 1 2 2 1|3 0 4 2 1 1 1 1 2 3 1 2 2 1 1|2 1 1 2 1 2 2 2 2 1 3 1 1 3 2|1 1 0 2 3 0 3 1 1 1 1 2 1 1 1|2 2 5 1 2 1 3 1 2 2 3 1 1 1 1|1 3 1 1 2 3 2 2 2 4 2 1 2 2 2|2 1 2 1 1 3 2 1 2 4 1 2 2 2 1|3 1 2 1 2 0 1 2 2 2 3 2 2 2 1

第37个最优解：
Iter = 168
Nfe = 26179
Fitness = 88.04167418489148
The number of total device = 960
The number of various devices = 64 64 64 64 64 64 64 64 64 64 64 64 64 64 64
The scheme of allocation = 4 5 3 10 2 10 2 4 2 1 2 2 2 2 9|8 7 11 1 3 5 1 1 4 3 4 2 6 2 2|3 6 4 6 2 6 4 7 4 4 4 2 3 3 3|9 0 2 7 1 4 1 1 3 2 2 2 3 9 2|1 5 1 2 8 2 1 2 1 1 1 2 3 1 1|1 1 0 2 2 1 6 1 5 3 2 3 2 2 3|2 0 1 1 2 4 2 1 5 3 2 2 2 3 1|2 2 3 1 2 1 2 3 1 2 2 2 2 0 3|2 4 1 2 1 1 2 1 0 4 2 3 1 1 2|1 1 2 3 2 1 2 3 3 1 2 2 3 3 2|1 1 3 1 3 2 3 1 0 1 1 2 1 1 1|1 1 2 1 2 2 2 2 2 4 3 3 1 2 2|2 2 3 2 2 0 1 3 1 1 2 2 1 1 2|2 2 0 2 1 0 2 2 1 2 4 2 1 3 1|1 2 1 2 3 2 2 2 2 2 1 2 3 4 1|2 2 2 1 1 3 0 2 2 1 2 2 4 1 1|0 1 1 2 0 1 1 2 1 1 2 2 1 2 3|1 2 2 0 2 2 1 2 1 1 2 3 3 1 2|0 2 3 3 2 1 3 5 4 1 3 1 3 4 2|1 1 0 1 2 2 1 1 3 2 3 2 2 1 2|3 2 0 2 1 1 1 0 2 4 0 3 2 0 1|1 1 5 1 3 1 2 1 4 1 1 1 2 2 2|2 2 1 1 1 1 1 2 1 2 2 2 2 1 2|1 1 1 2 1 1 2 3 1 2 2 2 1 1 2|1 1 2 1 1 1 2 1 1 2 1 1 2 2 2|1 1 3 1 2 2 2 1 2 2 2 1 2 1 1|1 2 1 1 1 2 5 1 2 1 2 2 1 2 1|4 2 2 1 3 1 1 1 1 2 1 2 1 2 2|2 1 1 2 1 1 3 3 1 2 1 2 1 2 1|2 1 1 0 3 1 1 3 2 1 2 1 1 1 2|1 2 1 1 3 1 2 1 1 3 1 1 1 3 2|1 1 1 1 1 1 3 1 1 2 3 3 1 1 1

第38个最优解：
Iter = 644
Nfe = 99938
Fitness = 91.2717472322664
The number of total device = 960
The number of various devices = 64 64 64 64 64 64 64 64 64 64 64 64 64 64 64
The scheme of allocation = 2 7 6 3 9 2 8 2 2 1 7 2 2 3 2|2 1 6 1 3 2 3 2 2 2 5 2 8 2 7|1 9 2 3 0 3 2 2 5 11 1 2 3 2 5|1 1 3 3 2 2 2 2 3 2 3 2 1 2 12|2 4 1 3 3 2 2 3 2 5 2 2 2 2 1|2 1 3 2 2 2 2 2 1 3 1 3 2 2 2|1 1 1 2 1 2 1 2 1 2 1 2 2 1 1|1 1 3 1 2 2 2 2 2 2 1 2 1 2 1|3 2 2 2 2 2 2 2 2 1 2 2 1 2 2|1 2 1 2 2 1 1 2 1 1 2 1 1 2 1|2 1 2 1 2 2 2 2 2 1 1 2 1 2 1|3 2 2 2 2 3 3 2 2 0 2 2 3 2 1|1 0 1 1 1 2 1 3 1 3 1 3 1 3 1|2 2 2 2 1 3 1 1 2 4 3 2 3 2 1|2 1 0 2 2 2 2 1 2 0 3 2 2 2 1|2 2 1 3 2 2 2 2 2 3 2 2 2 2 2|1 1 2 2 2 2 0 2 3 1 2 2 1 2 3|1 1 1 0 2 2 3 2 2 1 1 2 2 2 2|2 2 1 1 1 1 1 2 2 2 1 2 2 2 1|6 1 2 3 3 1 1 1 2 1 2 2 2 2 1|3 0 1 2 2 2 2 2 2 2 2 3 3 2 1|1 1 2 1 2 2 2 2 2 3 2 2 2 2 0|2 5 2 2 2 2 2 2 2 2 3 2 1 2 1|2 2 1 3 1 1 2 1 3 2 2 2 2 3 1|1 1 2 2 3 2 3 1 3 1 1 1 1 1 2|4 2 3 1 0 2 1 2 1 1 2 1 2 1 2|2 2 3 2 2 2 2 3 1 1 1 2 3 2 1|1 1 2 2 1 2 2 2 2 2 1 2 1 2 2|2 2 2 3 2 2 1 1 2 0 1 1 2 1 1|3 2 1 1 2 2 2 4 2 2 3 2 1 3 2|3 2 1 2 2 3 2 2 2 1 2 2 3 2 2|2 2 2 4 1 2 2 3 1 1 1 3 1 2 1

第39个最优解：
Iter = 323
Nfe = 50196
Fitness = 88.52222298597917
The number of total device = 960
The number of various devices = 64 64 64 64 64 64 64 64 64 64 64 64 64 64 64
The scheme of allocation = 1 4 4 4 4 4 2 3 2 4 4 6 11 3 1|3 3 10 8 10 5 4 4 2 0 5 2 5 3 2|2 8 5 11 4 5 9 7 2 10 4 2 1 2 4|2 12 2 4 3 4 0 1 2 3 9 2 6 2 3|0 1 1 2 1 1 2 2 2 5 2 2 3 2 2|3 1 2 3 2 2 3 5 3 1 3 4 1 2 4|1 0 1 1 1 1 1 1 2 2 2 4 1 3 3|2 1 4 2 1 2 2 2 2 1 3 2 1 2 1|3 3 1 1 2 1 1 1 1 2 1 3 2 2 3|2 2 2 3 2 1 2 2 2 1 1 1 2 1 3|1 2 2 1 3 1 2 2 1 1 3 2 1 1 2|2 2 2 1 2 1 1 1 3 0 2 2 1 3 2|2 3 1 4 2 1 2 2 2 1 3 2 1 1 2|3 2 1 1 1 1 2 1 2 1 1 2 1 1 2|3 2 1 0 2 1 3 1 2 1 1 1 2 2 3|1 0 2 0 1 3 1 2 2 3 1 2 1 2 1|2 1 1 0 1 3 1 1 2 4 1 1 2 4 2|3 2 4 1 2 2 2 3 3 3 1 3 1 2 3|2 2 1 2 1 3 2 2 2 1 1 1 1 3 1|3 1 1 0 1 1 2 4 2 3 1 2 1 1 1|1 0 1 1 2 3 4 0 2 2 1 2 3 2 2|2 1 0 2 1 2 1 1 2 0 1 1 1 2 1|3 2 2 1 2 2 2 2 2 2 1 2 1 1 2|2 1 1 2 1 2 2 1 2 1 1 1 1 2 1|2 1 0 0 2 2 1 1 2 0 2 1 1 1 2|2 0 1 1 1 2 1 0 2 3 1 1 0 4 1|1 2 2 1 2 1 1 1 2 2 1 2 3 2 2|1 1 1 2 1 1 2 3 1 1 1 2 2 1 1|2 0 2 1 1 2 1 1 2 0 1 0 2 2 1|2 1 2 2 2 2 1 2 2 2 2 2 2 2 1|3 1 2 1 2 1 1 3 2 2 2 1 2 2 2|2 2 2 1 1 1 3 2 2 2 1 3 1 1 3

第40个最优解：
Iter = 259
Nfe = 40280
Fitness = 89.50712947196646
The number of total device = 960
The number of various devices = 64 64 64 64 64 64 64 64 64 64 64 64 64 64 64
The scheme of allocation = 5 2 1 5 5 2 2 0 2 2 1 1 7 2 3|1 2 2 4 13 3 7 3 1 2 12 3 4 1 5|4 11 10 3 2 1 1 3 4 4 3 2 8 2 3|3 3 2 2 3 3 2 5 3 1 3 2 2 2 3|4 3 4 3 1 2 3 2 4 2 2 2 1 2 4|4 1 1 1 2 4 1 2 1 3 1 2 3 1 4|1 2 1 3 2 2 1 4 1 1 4 2 2 2 1|2 1 1 1 1 3 2 4 2 2 3 2 2 1 1|1 1 1 1 0 3 2 4 3 2 2 2 2 2 3|1 1 1 2 0 2 1 1 3 1 2 2 1 1 2|0 1 3 1 0 1 2 3 2 3 2 4 2 2 3|2 1 2 2 2 3 4 2 2 2 1 2 1 2 2|1 1 2 2 2 1 3 4 0 2 1 2 2 2 1|2 2 2 3 2 1 2 1 2 2 2 2 1 2 0|1 3 1 2 3 3 1 4 1 3 2 3 0 2 1|2 2 3 1 1 1 1 1 2 2 1 1 2 2 1|2 2 2 1 1 2 3 1 3 2 2 2 1 2 2|3 2 1 1 1 3 0 0 2 2 1 2 1 1 2|4 1 4 1 2 1 1 1 2 2 1 1 1 2 3|2 1 2 4 2 3 2 1 5 1 1 2 1 2 2|2 1 2 2 2 1 2 3 2 3 2 2 1 2 0|1 1 1 2 3 1 1 1 2 2 2 2 2 2 2|3 2 2 2 1 2 1 1 1 2 1 2 2 3 2|2 3 1 1 1 3 1 1 1 2 2 1 2 1 2|2 2 1 1 1 2 3 2 2 1 3 2 2 2 3|1 3 2 2 1 2 4 1 1 1 0 1 2 3 0|2 2 1 1 2 1 3 1 1 1 0 2 1 3 2|1 2 1 1 2 2 2 1 2 3 1 2 2 1 2|0 1 2 2 1 1 2 1 1 2 0 2 2 2 1|2 2 2 2 1 2 1 2 2 2 2 2 2 5 1|2 1 2 3 2 1 2 4 2 3 3 1 1 3 1|1 1 1 2 2 2 1 0 2 1 1 4 1 2 2

第41个最优解：
Iter = 442
Nfe = 73114
Fitness = 91.46903898942956
The number of total device = 960
The number of various devices = 64 64 64 64 64 64 64 64 64 64 64 64 64 64 64
The scheme of allocation = 1 4 4 2 6 4 1 2 3 6 2 5 2 2 5|3 2 6 2 2 1 1 2 3 4 2 2 2 2 2|2 2 2 2 6 2 6 1 2 7 2 1 2 2 2|2 2 2 2 1 7 2 3 4 1 3 8 2 2 2|3 2 4 1 1 1 5 2 2 1 1 1 1 1 3|5 4 2 2 2 2 2 2 2 3 4 5 4 3 2|3 2 1 2 1 4 2 2 2 3 6 2 2 2 1|2 2 1 2 3 4 4 3 2 1 1 1 2 2 3|2 3 1 1 2 3 3 3 2 1 2 1 3 2 2|1 1 3 2 2 1 2 2 2 1 3 3 2 2 5|2 1 2 3 3 1 1 2 2 1 3 1 2 2 3|1 1 2 2 1 2 2 1 3 1 1 1 2 1 2|3 2 2 2 6 1 2 2 2 4 1 0 2 2 2|2 1 2 2 1 1 1 2 3 4 3 3 2 2 2|3 1 2 2 1 2 2 2 2 1 1 3 3 2 1|3 2 2 2 0 2 1 2 2 0 3 3 3 2 2|2 2 1 2 1 2 1 3 1 1 2 1 3 3 2|2 5 3 2 3 1 1 2 3 2 3 1 2 2 2|1 1 1 2 3 2 2 2 2 0 1 1 2 1 1|1 1 2 2 2 2 1 1 1 1 0 1 1 1 2|1 1 2 2 1 0 1 2 2 1 2 2 2 2 1|1 1 2 2 1 1 3 1 1 1 1 2 2 2 1|1 3 2 2 2 4 2 2 2 2 1 3 1 2 1|2 2 2 2 2 3 1 2 2 4 2 2 2 2 2|3 2 2 2 2 1 1 2 1 3 2 1 2 2 2|2 2 1 2 0 1 2 2 2 1 2 1 2 2 1|0 3 2 2 1 1 2 2 2 1 1 2 2 4 3|1 0 1 2 3 2 0 2 2 1 2 1 1 2 1|3 3 0 2 2 2 4 2 1 2 1 3 1 2 1|3 2 2 2 1 2 1 3 2 1 3 1 2 2 2|2 2 1 3 1 2 2 2 1 3 1 1 1 2 2|1 2 2 2 1 0 3 1 1 1 2 1 2 2 1

第42个最优解：
Iter = 197
Nfe = 30675
Fitness = 87.99687565123618
The number of total device = 960
The number of various devices = 64 64 64 64 64 64 64 64 64 64 64 64 64 64 64
The scheme of allocation = 1 6 6 8 5 1 3 9 3 2 7 6 3 3 4|3 1 5 9 8 11 5 5 6 3 6 6 4 2 3|5 3 4 3 1 8 2 3 3 2 9 3 2 2 8|1 5 6 1 6 2 1 3 5 1 1 3 6 1 3|3 1 0 3 3 1 2 1 1 2 1 2 3 1 3|2 1 2 2 2 1 2 1 5 3 3 2 1 3 1|1 1 0 1 2 2 2 2 1 2 1 1 1 4 2|2 4 1 1 1 2 1 1 1 1 2 1 1 3 1|1 2 1 3 1 1 2 2 2 3 0 3 2 2 2|2 1 0 1 1 2 2 2 2 2 1 2 2 2 2|3 1 1 2 0 2 2 1 3 3 1 2 2 2 1|1 2 1 2 1 2 3 2 2 2 1 2 2 2 2|2 1 0 2 1 1 2 0 2 2 2 3 0 2 1|2 3 2 1 1 1 2 1 1 2 3 0 6 1 1|2 2 1 2 4 2 2 1 2 2 1 2 1 1 1|2 3 2 2 1 0 1 1 1 2 2 1 2 1 3|3 1 4 2 2 1 2 1 1 2 3 1 2 3 2|2 2 1 1 1 3 1 2 1 2 1 2 2 3 2|2 1 2 2 1 2 2 2 1 1 1 0 1 3 1|2 1 1 3 1 2 1 2 3 1 1 2 1 1 2|2 2 3 1 3 1 3 1 2 2 2 0 1 2 3|1 2 2 2 4 2 3 3 2 2 2 1 1 0 2|2 1 2 1 2 0 2 2 2 2 1 1 1 2 1|4 1 4 1 1 2 2 1 1 2 1 2 4 2 2|2 2 2 2 4 0 2 2 1 2 1 4 1 0 2|2 3 1 1 1 2 1 1 1 2 2 4 2 1 1|1 2 4 1 1 1 2 3 2 2 1 2 1 4 1|2 3 0 1 1 2 2 2 2 1 3 3 1 2 2|2 2 0 2 2 1 2 1 1 2 1 1 2 3 1|1 1 2 1 1 2 2 2 0 2 1 1 2 2 2|2 2 1 0 0 2 2 3 2 3 1 0 2 2 1|1 1 3 0 1 2 1 1 2 2 1 1 2 2 1

第43个最优解：
Iter = 536
Nfe = 83190
Fitness = 88.86992355334576
The number of total device = 960
The number of various devices = 64 64 64 64 64 64 64 64 64 64 64 64 64 64 64
The scheme of allocation = 4 6 3 4 4 7 3 2 4 1 2 2 4 3 5|4 1 2 4 3 4 2 5 1 2 2 3 2 2 8|8 1 3 1 7 2 2 6 1 1 2 2 1 0 3|2 1 2 6 1 3 2 1 4 3 2 0 6 8 9|1 3 1 5 3 1 3 5 1 1 2 2 2 1 1|1 2 2 2 2 2 1 1 1 3 2 1 3 2 2|1 2 3 2 2 4 2 1 1 3 2 2 2 1 1|2 3 1 3 3 3 2 2 1 5 2 4 1 1 1|1 3 2 3 1 2 3 2 2 2 2 1 1 3 3|2 3 1 2 1 2 2 3 2 1 2 1 2 3 0|3 1 2 1 2 1 2 2 12 1 2 2 2 1 1|2 1 1 1 2 3 1 4 1 2 2 1 1 2 1|2 2 2 2 1 1 1 1 1 3 2 1 2 4 2|1 2 2 1 2 1 2 2 2 2 2 1 2 2 2|3 2 1 1 1 0 3 1 2 3 1 1 2 4 1|5 4 1 2 1 1 3 1 1 3 2 3 2 1 0|1 1 2 1 2 1 3 2 1 2 2 2 0 2 0|1 4 2 0 3 2 1 3 1 3 3 2 2 1 1|1 1 3 4 1 2 2 1 1 2 2 1 1 3 1|2 1 2 1 3 2 1 1 1 1 2 2 1 3 2|1 2 2 1 2 2 2 3 1 2 2 3 3 1 2|2 1 2 1 2 1 2 1 2 2 2 2 1 1 1|1 1 2 2 2 1 3 2 0 2 2 1 1 0 1|2 1 1 2 2 2 1 1 1 2 2 1 2 0 1|1 2 1 3 2 0 1 2 0 1 1 2 2 0 2|1 1 0 2 1 1 1 2 3 2 2 3 5 1 1|2 1 2 1 2 3 2 1 1 1 2 1 0 3 3|1 1 2 1 1 2 3 1 2 2 2 2 2 1 1|1 3 1 1 1 3 1 1 5 2 2 5 3 2 3|3 2 5 1 0 2 2 1 2 1 3 7 3 2 0|1 3 1 1 2 1 2 2 3 2 2 2 2 5 2|1 2 7 2 2 2 3 1 3 1 2 1 1 1 3

第44个最优解：
Iter = 545
Nfe = 85520
Fitness = 89.70090511510274
The number of total device = 960
The number of various devices = 64 64 64 64 64 64 64 64 64 64 64 64 64 64 64
The scheme of allocation = 7 2 2 1 2 5 2 2 2 3 2 1 1 9 2|1 2 2 1 0 3 1 3 1 2 2 3 1 2 2|1 2 2 2 4 2 1 1 2 3 3 1 1 2 2|0 2 2 0 8 2 3 1 1 2 2 1 1 0 1|1 2 1 2 1 3 1 1 1 2 1 5 2 5 4|1 2 2 3 3 1 1 3 2 1 2 2 3 7 8|3 2 2 2 2 2 7 2 2 3 2 2 3 1 6|2 2 2 2 1 2 4 3 3 1 2 2 2 1 1|1 2 2 6 4 3 1 1 2 3 3 1 2 2 1|1 2 2 2 1 1 1 2 1 1 2 1 2 2 1|1 2 2 4 3 0 1 1 2 1 1 3 1 1 5|1 2 3 1 0 2 2 2 2 3 2 1 3 0 1|2 2 2 4 1 2 2 2 5 1 3 0 1 2 0|1 2 2 1 2 0 1 2 1 4 2 2 1 1 2|2 2 2 2 2 1 3 2 3 2 3 4 3 1 4|4 2 2 1 1 2 1 2 5 2 2 2 2 2 4|2 2 2 1 2 3 3 2 0 2 3 2 2 1 1|1 2 2 1 1 1 3 1 1 1 2 1 2 1 3|2 2 2 1 2 2 2 2 2 1 2 4 1 1 1|2 1 2 2 1 3 0 4 1 1 1 1 1 2 3|1 2 2 3 1 2 1 4 1 2 2 1 2 0 1|2 2 2 1 2 2 3 2 1 2 2 4 3 1 2|1 3 2 1 5 2 1 2 2 3 2 4 2 1 1|4 2 2 2 0 1 2 2 2 2 2 1 1 1 1|5 2 2 1 3 1 2 2 4 2 2 3 2 2 2|2 1 2 4 2 2 1 2 1 1 1 3 8 1 2|3 2 2 2 4 2 9 3 2 2 2 1 2 3 0|2 2 2 1 1 2 1 1 2 1 1 2 2 2 1|3 2 2 1 2 5 0 1 2 2 2 1 1 1 0|2 3 2 6 1 2 1 2 3 3 2 3 2 3 0|2 2 2 2 1 1 2 2 1 2 2 2 1 4 1|1 2 2 1 1 2 1 2 4 3 2 0 3 2 1

第45个最优解：
Iter = 399
Nfe = 64674
Fitness = 90.41156650849025
The number of total device = 960
The number of various devices = 64 64 64 64 64 64 64 64 64 64 64 64 64 64 64
The scheme of allocation = 5 2 2 3 1 5 4 2 5 2 16 3 3 2 5|3 2 2 2 3 5 1 10 7 14 3 6 2 1 2|3 2 2 2 2 1 6 5 5 5 3 5 5 2 8|2 2 2 2 2 1 1 5 0 1 5 3 3 3 0|2 2 2 2 5 0 2 2 3 1 0 2 2 3 6|3 3 2 3 2 1 1 0 1 2 0 1 2 1 2|2 2 2 2 4 3 3 1 1 3 3 1 1 1 2|2 2 2 2 2 3 2 1 2 2 1 3 2 3 1|3 1 2 2 1 2 2 2 1 2 1 2 3 2 2|1 2 2 2 3 1 2 1 1 3 2 1 2 3 3|1 2 2 2 2 1 0 1 2 1 1 1 2 0 2|2 1 3 2 1 2 3 1 2 1 1 3 3 2 1|1 2 2 2 1 1 2 2 2 2 1 2 2 2 1|2 2 2 3 2 2 2 2 2 3 1 2 1 0 3|2 2 2 2 2 2 3 1 2 1 1 1 3 2 1|2 1 2 2 2 2 3 1 1 1 1 1 1 3 2|2 2 2 1 3 1 0 1 2 1 2 1 2 3 1|2 3 1 3 1 1 4 3 1 2 1 1 2 3 1|1 2 2 2 2 1 2 1 2 1 1 2 1 2 2|1 2 1 1 2 2 2 1 1 2 1 2 2 1 0|1 2 2 1 3 2 2 1 2 2 3 2 2 1 0|3 2 2 2 2 1 2 1 3 1 3 2 2 2 0|2 3 2 2 1 2 2 2 1 1 2 1 2 4 2|2 1 2 2 2 2 2 2 1 3 0 1 1 2 3|1 3 2 1 1 2 1 2 2 1 2 1 1 1 1|4 1 2 1 1 2 2 3 2 1 1 4 1 2 1|1 3 2 2 2 3 1 3 1 1 1 2 2 3 2|1 2 2 1 2 3 1 2 1 0 1 1 2 3 1|1 2 2 2 0 3 1 1 1 1 2 2 2 2 1|2 3 3 3 2 2 1 2 3 1 2 3 2 3 3|2 1 2 3 3 2 2 1 1 1 1 1 1 1 3|2 2 2 2 2 3 2 1 3 1 1 1 2 1 2

第46个最优解：
Iter = 299
Nfe = 59087
Fitness = 88.9909829581593
The number of total device = 960
The number of various devices = 64 64 64 64 64 64 64 64 64 64 64 64 64 64 64
The scheme of allocation = 3 1 6 2 8 4 5 2 1 1 6 1 2 1 2|3 5 2 8 2 3 2 1 8 7 1 3 4 3 0|5 1 2 4 8 1 1 2 3 2 6 2 1 12 1|1 2 4 1 4 1 1 2 6 5 4 2 1 1 5|2 3 1 1 3 4 2 3 2 1 1 2 2 1 3|1 5 1 1 0 4 3 1 2 3 1 2 3 1 2|2 2 2 2 4 2 3 1 2 2 2 2 2 1 1|2 1 2 3 1 2 1 3 1 1 1 1 3 1 3|3 4 3 2 2 1 1 1 1 2 2 3 0 1 3|3 2 3 2 2 1 1 2 1 2 1 2 4 1 2|1 4 0 2 1 1 1 2 1 1 1 1 4 2 0|2 1 2 2 2 1 1 2 3 2 1 3 4 2 1|2 1 1 2 1 1 1 2 2 2 1 3 1 3 1|2 3 2 2 1 1 1 2 2 1 1 1 2 2 1|4 1 2 3 2 2 2 2 1 0 3 2 1 1 1|2 2 1 1 1 1 4 1 1 1 1 2 2 2 3|1 3 3 2 1 6 3 2 2 2 2 3 2 3 2|2 1 3 3 1 1 2 2 3 1 1 3 2 2 2|1 2 1 1 1 4 1 1 2 3 0 2 3 4 1|0 1 2 1 2 0 6 3 1 1 3 1 0 1 1|4 4 3 2 1 3 3 2 4 3 1 2 2 2 2|2 1 2 1 0 2 1 3 1 2 4 2 1 1 1|3 1 2 3 4 2 3 2 1 1 1 2 2 2 1|1 1 0 0 2 3 2 4 2 3 1 2 4 1 1|1 1 1 1 2 1 0 2 1 1 1 2 2 2 3|2 0 1 1 1 5 1 2 1 2 3 2 1 1 3|2 2 3 2 2 2 1 3 1 1 1 2 2 2 3|1 3 2 1 1 1 2 1 1 5 2 1 1 2 1|2 3 2 4 0 1 4 1 1 1 3 1 1 1 2|2 1 2 2 1 2 1 2 1 3 2 4 2 2 7|1 1 2 0 1 1 1 3 4 1 4 2 0 1 2|1 1 1 2 2 0 3 2 1 1 2 1 3 2 3

第47个最优解：
Iter = 467
Nfe = 72539
Fitness = 89.51480792317557
The number of total device = 960
The number of various devices = 64 64 64 64 64 64 64 64 64 64 64 64 64 64 64
The scheme of allocation = 1 2 1 0 1 2 5 8 2 9 3 2 2 7 5|7 4 1 10 7 2 4 6 2 5 2 1 2 10 1|1 6 8 1 2 3 2 2 2 2 2 3 2 1 4|1 6 4 2 3 2 5 2 2 1 2 1 2 1 6|1 3 1 6 2 2 1 1 2 1 2 2 2 0 1|4 0 1 7 3 3 5 1 2 3 3 1 2 2 3|4 3 2 1 1 2 1 1 2 3 1 2 2 1 3|4 3 2 4 2 3 5 1 2 3 2 2 2 1 1|3 1 2 1 1 2 1 2 1 1 3 2 3 2 2|2 1 3 1 3 2 2 2 2 1 2 2 2 0 1|1 2 2 0 1 1 2 1 2 2 2 2 2 1 1|2 1 4 1 1 2 2 1 3 1 2 2 3 1 1|1 1 3 3 3 3 2 1 2 3 2 3 1 2 1|2 1 2 1 3 2 2 1 1 1 2 1 2 1 1|2 1 2 1 1 2 2 6 2 3 2 2 2 2 1|3 2 2 1 1 2 1 1 2 0 1 3 2 1 1|3 2 1 1 0 2 1 2 3 2 2 1 2 2 1|2 3 1 1 1 2 2 1 3 2 2 3 2 1 4|4 2 1 1 2 2 2 2 2 1 1 2 2 1 0|1 0 2 2 1 2 1 3 2 2 3 3 2 3 3|0 2 0 2 2 2 1 4 2 1 2 2 2 2 1|1 1 1 2 2 1 3 0 2 1 2 2 2 1 1|2 1 1 2 3 2 1 1 2 1 2 2 2 1 1|0 3 1 1 3 2 1 1 2 2 2 2 2 3 0|1 2 2 1 1 1 1 2 1 1 2 3 1 3 2|1 3 1 0 1 1 0 1 1 2 2 2 1 4 3|2 1 2 1 1 2 1 1 2 2 2 1 2 1 1|2 1 1 1 4 2 3 2 2 1 1 3 2 1 3|0 1 1 4 1 2 1 2 2 1 2 2 2 4 3|2 2 4 2 4 2 1 3 3 2 2 1 3 2 3|1 1 2 2 1 2 2 1 2 2 2 2 2 2 4|3 2 3 1 2 2 1 1 2 2 2 2 2 0 1

第48个最优解：
Iter = 499
Nfe = 99962
Fitness = 91.23302448447163
The number of total device = 960
The number of various devices = 64 64 64 64 64 64 64 64 64 64 64 64 64 64 64
The scheme of allocation = 2 4 8 4 7 11 7 2 4 3 3 2 1 5 2|4 2 5 6 7 7 6 1 6 7 2 2 1 1 2|2 2 3 8 5 1 3 7 5 2 3 3 5 1 2|3 3 1 3 4 1 6 6 1 3 3 1 2 1 2|2 1 3 2 1 2 2 2 2 4 2 2 1 6 2|2 2 2 2 2 1 2 2 4 2 2 2 3 3 2|2 3 1 3 1 3 1 2 3 1 2 2 2 1 1|2 3 2 1 1 2 2 2 1 2 2 3 2 1 2|1 2 4 1 2 1 1 1 4 2 3 2 2 1 2|2 2 1 2 3 1 2 3 2 2 2 2 2 2 1|2 1 2 1 2 2 1 2 1 2 2 1 2 3 2|1 4 2 1 2 3 2 2 2 2 3 2 2 2 2|2 2 0 1 1 1 1 2 1 3 1 2 2 1 2|2 2 2 2 1 1 2 1 1 1 3 2 2 2 2|3 2 2 2 1 1 1 2 1 1 1 3 1 2 2|2 1 2 2 1 1 1 3 1 2 2 2 2 2 2|3 2 1 0 1 2 3 2 3 2 2 2 1 3 3|3 2 2 2 2 1 1 1 1 1 2 2 3 2 2|1 2 1 2 1 2 2 3 2 3 1 2 2 1 2|2 1 1 1 0 2 1 2 1 2 2 2 1 3 2|3 3 2 3 3 1 1 0 2 2 2 2 2 1 3|1 3 2 2 1 2 3 2 3 2 2 1 2 2 2|2 2 2 2 1 0 1 2 1 1 2 2 3 1 2|2 2 1 1 1 2 2 2 2 1 2 2 1 2 2|2 1 1 1 2 1 1 2 0 0 1 2 1 2 2|1 2 2 2 1 3 1 1 1 3 2 2 3 2 2|2 2 2 1 1 2 1 2 1 3 2 2 3 1 2|2 2 1 1 3 1 2 1 2 1 2 2 2 1 2|1 1 0 1 1 1 1 1 3 0 1 2 1 1 2|2 1 2 0 2 2 2 1 1 1 2 2 2 4 2|1 1 2 2 2 2 1 1 1 1 2 2 3 2 2|2 1 2 2 1 1 1 1 1 2 1 2 2 2 2

第49个最优解：
Iter = 335
Nfe = 52045
Fitness = 88.2936901427814
The number of total device = 960
The number of various devices = 64 64 64 64 64 64 64 64 64 64 64 64 64 64 64
The scheme of allocation = 2 3 2 3 8 10 2 3 5 11 2 5 11 3 4|2 8 4 5 1 1 1 3 2 1 13 6 1 5 5|2 2 7 2 8 3 6 2 2 1 3 7 2 16 4|1 7 2 1 6 2 2 3 11 3 2 1 1 0 4|2 1 3 3 1 1 1 1 4 1 2 3 3 1 2|3 4 2 2 1 3 1 2 1 1 4 2 2 3 3|2 1 6 2 3 2 6 2 2 4 1 3 2 2 2|2 2 2 2 1 2 2 3 2 2 1 1 2 3 1|3 2 2 1 3 2 2 3 1 2 1 2 4 1 3|2 1 1 1 1 2 2 2 1 1 2 2 2 1 1|2 2 1 2 1 1 0 2 2 1 2 2 2 1 0|2 3 2 1 2 0 1 1 1 0 2 2 2 1 1|2 2 1 2 3 1 3 2 3 2 2 1 1 0 3|2 1 3 3 1 1 4 2 2 2 1 2 1 1 1|2 3 2 5 1 2 3 2 0 1 1 2 2 1 3|2 1 2 1 1 3 1 2 2 1 2 3 2 1 6|3 1 2 1 1 2 1 1 1 2 2 1 2 3 2|2 1 1 2 1 2 1 2 1 3 0 1 2 1 2|2 1 1 2 1 2 1 2 1 2 2 1 2 1 1|1 1 1 1 1 3 2 2 1 2 1 1 0 3 1|1 2 1 3 2 1 1 2 0 2 1 2 1 1 1|2 0 1 2 2 1 3 2 2 4 1 1 2 0 0|2 1 1 2 2 1 3 2 2 3 2 2 1 2 1|1 2 1 1 1 3 2 2 2 2 2 1 2 2 2|2 1 2 3 1 2 1 3 2 0 1 1 1 1 1|2 0 1 1 1 1 2 1 1 2 2 1 1 2 2|2 1 1 1 2 1 1 1 1 1 0 1 2 1 1|2 2 4 1 0 2 1 1 2 2 2 1 2 2 2|2 2 1 0 2 1 2 2 2 1 1 1 1 1 0|3 4 1 1 2 1 3 2 0 1 2 2 1 1 1|2 1 1 2 1 3 2 1 2 1 2 1 2 1 3|2 1 2 5 2 2 1 3 3 2 2 2 2 2 1

第50个最优解：
Iter = 341
Nfe = 52984
Fitness = 88.35131659669868
The number of total device = 960
The number of various devices = 64 64 64 64 64 64 64 64 64 64 64 64 64 64 64
The scheme of allocation = 5 3 3 3 3 1 2 2 3 9 2 6 1 3 8|3 3 11 11 4 1 3 2 5 2 7 2 1 2 1|2 2 2 2 5 3 1 2 3 23 1 2 2 3 2|2 3 1 1 3 3 2 2 3 2 3 6 17 3 3|2 2 5 1 2 2 10 2 2 1 1 2 6 2 1|2 2 2 2 1 1 2 2 1 1 3 1 1 2 1|2 2 2 2 2 5 2 2 1 2 4 3 3 3 0|2 2 2 2 2 2 2 2 3 2 3 2 1 2 1|1 2 1 3 2 3 2 2 2 1 1 2 1 1 1|2 3 2 2 2 1 0 2 3 0 1 2 2 3 1|3 1 3 2 2 1 1 1 2 2 2 1 2 1 1|3 3 2 1 3 3 2 2 2 0 2 0 3 1 3|1 1 2 0 1 1 1 2 0 1 2 2 1 2 7|2 2 2 2 2 1 2 2 2 1 2 2 1 1 1|2 2 1 2 1 3 2 2 1 1 2 1 1 2 2|3 2 2 1 0 2 1 2 2 1 2 1 5 3 1|1 3 2 1 2 2 1 2 4 1 1 4 2 1 1|2 2 1 2 1 1 1 2 4 1 2 2 0 1 2|1 2 1 1 2 3 3 2 0 1 2 2 0 2 2|2 2 2 1 1 1 3 2 1 0 2 2 0 3 1|2 1 1 2 3 2 2 2 1 1 1 0 0 1 2|2 2 2 1 1 2 2 2 2 0 1 1 2 2 3|2 2 1 2 1 1 2 2 1 1 1 2 2 1 1|2 1 2 3 1 2 1 2 3 0 2 2 1 1 1|2 1 1 2 3 2 1 1 1 2 1 1 0 2 2|1 2 3 3 2 1 1 2 2 1 3 2 1 3 1|1 2 1 1 2 3 2 2 2 1 2 4 2 1 1|1 2 1 2 2 2 2 2 1 1 3 1 0 3 2|2 2 1 3 1 3 1 2 1 2 0 2 1 2 3|2 1 1 0 3 2 3 3 3 1 3 2 1 2 3|2 2 0 2 2 3 1 2 1 1 1 1 3 1 3|2 2 1 1 2 1 3 3 2 1 1 1 1 4 2

The final result:
fmax = 91.76093785703698
fmin = 86.13280333503039
fmean = 89.55804980336205
standard std = 1.1759980058260087
The number of total device = 960
The number of various devices = 64 64 64 64 64 64 64 64 64 64 64 64 64 64 64
The optimal allocation = 2 3 2 2 3 2 2 2 2 1 6 4 2 4 5|2 1 5 2 2 6 2 3 3 2 4 1 1 2 2|3 2 5 2 4 3 2 4 10 2 1 4 4 3 3|2 5 2 3 1 1 2 3 2 9 3 4 2 2 1|2 1 3 2 9 2 1 2 1 1 1 1 4 3 2|3 0 1 2 12 2 2 2 1 2 4 2 0 3 3|2 2 1 2 1 2 2 2 3 2 1 2 1 1 1|2 2 2 1 1 2 2 2 2 3 1 1 1 3 1|2 1 2 2 1 3 3 2 1 3 1 2 2 0 2|2 2 3 2 2 1 2 1 2 1 1 2 1 1 2|2 3 2 2 2 2 2 2 2 4 2 1 1 2 2|1 1 1 2 1 2 2 3 2 1 1 1 3 2 1|2 2 2 2 2 1 2 3 2 3 2 1 2 2 1|2 2 3 2 1 2 2 1 1 1 2 1 2 1 3|2 3 1 1 2 2 3 1 3 1 3 1 2 1 0|2 2 1 2 3 3 2 2 1 1 2 3 2 2 4|2 2 3 3 2 1 2 3 2 1 2 2 2 4 1|2 3 1 2 1 3 2 2 2 3 2 2 1 2 3|2 4 1 2 1 2 2 2 2 3 3 2 1 1 2|2 1 0 2 0 1 2 1 2 2 1 3 2 6 3|2 2 2 2 2 1 3 1 2 1 1 1 2 2 3|2 2 2 3 1 1 2 2 1 2 3 1 3 1 4|2 4 2 3 1 1 2 2 2 1 3 2 2 1 2|2 1 2 2 0 2 2 1 1 1 2 3 2 3 2|2 2 2 1 2 1 2 1 1 1 1 4 2 1 1|1 2 1 2 1 2 1 3 1 2 1 1 3 2 2|2 1 3 1 1 3 2 2 2 1 3 3 2 1 2|2 2 2 2 1 2 2 1 2 3 1 2 3 2 1|2 1 1 2 1 3 1 2 1 2 2 2 2 1 1|2 2 2 2 1 2 2 2 2 2 1 2 3 2 3|2 1 1 2 1 1 2 2 2 1 2 2 1 2 0|2 2 3 2 1 2 2 2 1 1 1 1 3 1 1
