第1个最优解：
Iter = 395
Nfe = 19762
Fitness = 8.419666531890888
The number of total device = 288
The number of various devices = 36 36 36 36 36 36 36 36
The scheme of allocation = 4 6 3 8 3 4 3 7|6 6 3 2 3 3 6 6|5 4 5 8 0 5 4 0|3 1 5 8 5 0 0 4|0 7 4 2 6 7 10 4|0 7 2 0 12 4 5 10|5 5 8 8 0 1 4 3|7 0 0 0 0 0 4 2|3 0 6 0 4 0 0 0|0 0 0 0 3 7 0 0|3 0 0 0 0 5 0 0|0 0 0 0 0 0 0 0|0 0 0 0 0 0 0 0|0 0 0 0 0 0 0 0|0 0 0 0 0 0 0 0|0 0 0 0 0 0 0 0|0 0 0 0 0 0 0 0|0 0 0 0 0 0 0 0

第2个最优解：
Iter = 389
Nfe = 19488
Fitness = 7.9678454032774475
The number of total device = 288
The number of various devices = 36 36 36 36 36 36 36 36
The scheme of allocation = 12 3 6 15 0 8 2 7|5 5 7 4 4 4 0 8|7 9 3 8 3 3 5 4|8 3 2 0 8 0 9 4|1 1 5 4 8 6 5 5|0 5 3 5 3 10 3 8|0 5 6 0 4 3 9 0|1 0 0 0 0 2 0 0|0 5 4 0 6 0 0 0|2 0 0 0 0 0 3 0|0 0 0 0 0 0 0 0|0 0 0 0 0 0 0 0|0 0 0 0 0 0 0 0|0 0 0 0 0 0 0 0|0 0 0 0 0 0 0 0|0 0 0 0 0 0 0 0|0 0 0 0 0 0 0 0|0 0 0 0 0 0 0 0

第3个最优解：
Iter = 393
Nfe = 19654
Fitness = 7.994945452891832
The number of total device = 288
The number of various devices = 36 36 36 36 36 36 36 36
The scheme of allocation = 3 9 4 6 7 4 3 3|5 5 14 5 5 2 11 4|2 3 4 8 9 17 10 5|2 6 7 2 4 3 2 9|4 3 3 12 4 6 0 13|5 3 4 3 6 0 4 2|3 4 0 0 1 0 5 0|0 0 0 0 0 0 1 0|7 3 0 0 0 1 0 0|5 0 0 0 0 0 0 0|0 0 0 0 0 3 0 0|0 0 0 0 0 0 0 0|0 0 0 0 0 0 0 0|0 0 0 0 0 0 0 0|0 0 0 0 0 0 0 0|0 0 0 0 0 0 0 0|0 0 0 0 0 0 0 0|0 0 0 0 0 0 0 0

第4个最优解：
Iter = 376
Nfe = 18808
Fitness = 8.150544248563023
The number of total device = 288
The number of various devices = 36 36 36 36 36 36 36 36
The scheme of allocation = 1 6 1 4 0 6 3 5|7 2 1 6 5 4 7 2|2 10 7 0 3 0 9 9|4 10 3 5 7 5 1 1|2 0 5 10 15 5 8 3|5 5 9 6 3 8 3 3|0 3 1 0 3 7 0 8|7 0 0 0 0 1 5 0|3 0 0 0 0 0 0 5|0 0 9 0 0 0 0 0|5 0 0 5 0 0 0 0|0 0 0 0 0 0 0 0|0 0 0 0 0 0 0 0|0 0 0 0 0 0 0 0|0 0 0 0 0 0 0 0|0 0 0 0 0 0 0 0|0 0 0 0 0 0 0 0|0 0 0 0 0 0 0 0

第5个最优解：
Iter = 372
Nfe = 18637
Fitness = 8.577871413200432
The number of total device = 288
The number of various devices = 36 36 36 36 36 36 36 36
The scheme of allocation = 4 3 2 5 3 6 2 8|3 4 6 6 9 6 3 8|2 5 1 3 0 0 4 4|2 7 5 0 7 10 7 5|5 0 0 10 6 1 2 8|4 8 6 0 0 9 5 3|4 3 0 8 9 0 3 0|9 0 2 0 0 0 5 0|3 0 5 0 0 4 5 0|0 6 0 0 2 0 0 0|0 0 0 0 0 0 0 0|0 0 3 1 0 0 0 0|0 0 0 0 0 0 0 0|0 0 6 0 0 0 0 0|0 0 0 0 0 0 0 0|0 0 0 0 0 0 0 0|0 0 0 3 0 0 0 0|0 0 0 0 0 0 0 0

第6个最优解：
Iter = 353
Nfe = 17663
Fitness = 8.1594021671997
The number of total device = 288
The number of various devices = 36 36 36 36 36 36 36 36
The scheme of allocation = 3 6 4 1 9 0 13 11|7 3 2 4 7 9 8 3|5 6 2 5 7 8 2 2|3 6 4 9 6 5 0 9|9 6 2 0 7 4 2 10|0 4 4 5 0 8 8 1|4 0 6 5 0 0 3 0|0 1 4 3 0 2 0 0|4 0 4 4 0 0 0 0|0 4 4 0 0 0 0 0|0 0 0 0 0 0 0 0|1 0 0 0 0 0 0 0|0 0 0 0 0 0 0 0|0 0 0 0 0 0 0 0|0 0 0 0 0 0 0 0|0 0 0 0 0 0 0 0|0 0 0 0 0 0 0 0|0 0 0 0 0 0 0 0

第7个最优解：
Iter = 399
Nfe = 19998
Fitness = 8.042525313996546
The number of total device = 288
The number of various devices = 36 36 36 36 36 36 36 36
The scheme of allocation = 5 7 3 5 5 4 3 3|3 7 3 3 6 6 5 2|4 3 2 2 8 2 6 0|5 10 5 16 5 9 7 6|13 0 9 6 0 8 6 3|6 3 5 0 2 6 5 3|0 6 5 4 10 1 4 6|0 0 4 0 0 0 0 6|0 0 0 0 0 0 0 7|0 0 0 0 0 0 0 0|0 0 0 0 0 0 0 0|0 0 0 0 0 0 0 0|0 0 0 0 0 0 0 0|0 0 0 0 0 0 0 0|0 0 0 0 0 0 0 0|0 0 0 0 0 0 0 0|0 0 0 0 0 0 0 0|0 0 0 0 0 0 0 0

第8个最优解：
Iter = 399
Nfe = 19955
Fitness = 8.22943897806728
The number of total device = 288
The number of various devices = 36 36 36 36 36 36 36 36
The scheme of allocation = 5 0 4 5 7 13 0 6|2 9 9 7 2 4 5 0|6 10 10 4 3 0 4 3|5 3 7 3 11 8 0 4|6 9 0 0 5 4 5 4|5 2 3 9 5 0 3 1|0 3 3 7 0 5 6 2|0 0 0 1 0 0 7 1|7 0 0 0 3 0 2 5|0 0 0 0 0 2 4 0|0 0 0 0 0 0 0 2|0 0 0 0 0 0 0 0|0 0 0 0 0 0 0 0|0 0 0 0 0 0 0 0|0 0 0 0 0 0 0 8|0 0 0 0 0 0 0 0|0 0 0 0 0 0 0 0|0 0 0 0 0 0 0 0

第9个最优解：
Iter = 394
Nfe = 19738
Fitness = 8.231268429972522
The number of total device = 288
The number of various devices = 36 36 36 36 36 36 36 36
The scheme of allocation = 3 5 6 4 0 3 5 2|2 2 7 5 2 5 4 9|1 6 5 10 16 6 6 0|6 0 3 4 6 5 12 6|8 13 1 5 6 11 4 9|6 7 2 1 6 1 4 1|5 3 8 5 0 4 1 9|0 0 2 0 0 0 0 0|5 0 2 0 0 0 0 0|0 0 0 2 0 1 0 0|0 0 0 0 0 0 0 0|0 0 0 0 0 0 0 0|0 0 0 0 0 0 0 0|0 0 0 0 0 0 0 0|0 0 0 0 0 0 0 0|0 0 0 0 0 0 0 0|0 0 0 0 0 0 0 0|0 0 0 0 0 0 0 0

第10个最优解：
Iter = 234
Nfe = 11716
Fitness = 8.319446483826564
The number of total device = 288
The number of various devices = 36 36 36 36 36 36 36 36
The scheme of allocation = 6 5 5 13 4 4 2 7|1 7 4 6 11 0 2 2|1 6 7 1 2 3 15 3|5 4 6 0 1 0 9 13|1 4 5 8 3 0 4 5|3 2 0 5 12 2 4 2|3 4 5 3 3 0 0 0|8 0 4 0 0 0 0 0|2 2 0 0 0 0 0 0|6 2 0 0 0 7 0 0|0 0 0 0 0 3 0 0|0 0 0 0 0 0 0 0|0 0 0 0 0 12 0 4|0 0 0 0 0 0 0 0|0 0 0 0 0 5 0 0|0 0 0 0 0 0 0 0|0 0 0 0 0 0 0 0|0 0 0 0 0 0 0 0

第11个最优解：
Iter = 397
Nfe = 19866
Fitness = 8.62706954598452
The number of total device = 288
The number of various devices = 36 36 36 36 36 36 36 36
The scheme of allocation = 1 7 4 0 4 0 9 3|10 7 3 13 10 4 6 2|9 7 6 2 4 5 6 0|6 3 7 3 4 2 5 3|3 9 2 2 4 3 3 6|2 0 4 6 3 6 7 2|0 3 7 7 5 6 0 5|1 0 3 0 0 0 0 0|4 0 0 0 0 0 0 2|0 0 0 3 0 3 0 0|0 0 0 0 2 7 0 1|0 0 0 0 0 0 0 2|0 0 0 0 0 0 0 10|0 0 0 0 0 0 0 0|0 0 0 0 0 0 0 0|0 0 0 0 0 0 0 0|0 0 0 0 0 0 0 0|0 0 0 0 0 0 0 0

第12个最优解：
Iter = 393
Nfe = 19689
Fitness = 8.2701337003191
The number of total device = 288
The number of various devices = 36 36 36 36 36 36 36 36
The scheme of allocation = 5 7 5 4 4 6 6 4|6 2 5 6 1 2 4 15|4 5 0 2 1 5 4 7|0 6 5 4 5 12 5 2|4 1 6 0 5 3 12 0|8 15 4 4 7 0 5 0|6 0 4 3 10 5 0 5|0 0 2 3 3 0 0 0|0 0 2 6 0 0 0 0|3 0 0 0 0 0 0 0|0 0 0 0 0 3 0 3|0 0 3 4 0 0 0 0|0 0 0 0 0 0 0 0|0 0 0 0 0 0 0 0|0 0 0 0 0 0 0 0|0 0 0 0 0 0 0 0|0 0 0 0 0 0 0 0|0 0 0 0 0 0 0 0

第13个最优解：
Iter = 381
Nfe = 19078
Fitness = 7.864615086998142
The number of total device = 288
The number of various devices = 36 36 36 36 36 36 36 36
The scheme of allocation = 3 10 5 9 1 2 2 0|3 7 5 7 11 4 6 7|7 0 5 2 3 7 10 2|4 3 8 10 5 9 3 5|9 10 3 5 11 6 6 7|4 6 5 3 5 8 9 2|6 0 0 0 0 0 0 2|0 0 5 0 0 0 0 0|0 0 0 0 0 0 0 3|0 0 0 0 0 0 0 3|0 0 0 0 0 0 0 0|0 0 0 0 0 0 0 2|0 0 0 0 0 0 0 3|0 0 0 0 0 0 0 0|0 0 0 0 0 0 0 0|0 0 0 0 0 0 0 0|0 0 0 0 0 0 0 0|0 0 0 0 0 0 0 0

第14个最优解：
Iter = 391
Nfe = 19558
Fitness = 8.58408810489102
The number of total device = 288
The number of various devices = 36 36 36 36 36 36 36 36
The scheme of allocation = 4 0 2 0 2 4 3 8|3 12 4 7 2 6 4 3|3 5 5 6 4 4 4 6|4 4 3 8 9 4 7 5|2 6 2 5 8 10 8 4|3 6 4 1 2 8 5 0|0 0 8 9 3 0 5 6|3 0 0 0 0 0 0 4|0 3 2 0 6 0 0 0|0 0 6 0 0 0 0 0|0 0 0 0 0 0 0 0|5 0 0 0 0 0 0 0|9 0 0 0 0 0 0 0|0 0 0 0 0 0 0 0|0 0 0 0 0 0 0 0|0 0 0 0 0 0 0 0|0 0 0 0 0 0 0 0|0 0 0 0 0 0 0 0

第15个最优解：
Iter = 338
Nfe = 16936
Fitness = 8.31593569235299
The number of total device = 288
The number of various devices = 36 36 36 36 36 36 36 36
The scheme of allocation = 4 2 3 8 4 8 4 1|5 3 1 3 6 1 4 4|2 6 6 4 8 9 3 8|3 5 4 3 8 4 8 7|1 3 8 0 10 6 4 7|10 5 1 5 0 3 0 3|4 5 9 11 0 3 0 6|0 0 0 0 0 0 13 0|4 7 4 0 0 2 0 0|3 0 0 2 0 0 0 0|0 0 0 0 0 0 0 0|0 0 0 0 0 0 0 0|0 0 0 0 0 0 0 0|0 0 0 0 0 0 0 0|0 0 0 0 0 0 0 0|0 0 0 0 0 0 0 0|0 0 0 0 0 0 0 0|0 0 0 0 0 0 0 0

第16个最优解：
Iter = 331
Nfe = 16553
Fitness = 8.062785825620862
The number of total device = 288
The number of various devices = 36 36 36 36 36 36 36 36
The scheme of allocation = 5 0 7 5 3 6 1 2|4 6 3 3 9 2 6 1|14 0 8 7 5 5 10 2|1 5 5 1 8 0 3 2|3 3 5 6 2 5 5 4|5 10 8 9 6 3 8 8|4 7 0 0 0 5 3 11|0 4 0 5 3 6 0 0|0 1 0 0 0 4 0 6|0 0 0 0 0 0 0 0|0 0 0 0 0 0 0 0|0 0 0 0 0 0 0 0|0 0 0 0 0 0 0 0|0 0 0 0 0 0 0 0|0 0 0 0 0 0 0 0|0 0 0 0 0 0 0 0|0 0 0 0 0 0 0 0|0 0 0 0 0 0 0 0

第17个最优解：
Iter = 342
Nfe = 17110
Fitness = 8.262304412032645
The number of total device = 288
The number of various devices = 36 36 36 36 36 36 36 36
The scheme of allocation = 2 4 1 7 4 6 2 17|4 4 2 8 5 8 2 10|6 0 1 0 5 5 0 1|8 12 16 5 5 14 7 3|3 6 5 0 1 3 7 4|2 4 4 0 3 0 5 0|4 5 0 8 6 0 3 0|1 1 1 8 4 0 0 1|0 0 1 0 0 0 7 0|0 0 5 0 1 0 1 0|0 0 0 0 2 0 0 0|0 0 0 0 0 0 2 0|6 0 0 0 0 0 0 0|0 0 0 0 0 0 0 0|0 0 0 0 0 0 0 0|0 0 0 0 0 0 0 0|0 0 0 0 0 0 0 0|0 0 0 0 0 0 0 0

第18个最优解：
Iter = 314
Nfe = 15737
Fitness = 8.251475351667944
The number of total device = 288
The number of various devices = 36 36 36 36 36 36 36 36
The scheme of allocation = 5 1 2 3 0 0 7 5|3 3 7 4 6 4 8 5|4 6 1 2 9 13 9 4|1 7 5 2 5 4 2 3|10 6 8 3 4 15 5 6|4 13 3 5 5 0 2 5|9 0 4 4 5 0 3 0|0 0 0 0 0 0 0 0|0 0 6 4 2 0 0 0|0 0 0 0 0 0 0 0|0 0 0 0 0 0 0 0|0 0 0 0 0 0 0 0|0 0 0 0 0 0 0 0|0 0 0 0 0 0 0 8|0 0 0 0 0 0 0 0|0 0 0 9 0 0 0 0|0 0 0 0 0 0 0 0|0 0 0 0 0 0 0 0

第19个最优解：
Iter = 337
Nfe = 16871
Fitness = 8.230544540188239
The number of total device = 288
The number of various devices = 36 36 36 36 36 36 36 36
The scheme of allocation = 0 0 2 0 3 6 10 1|3 3 1 16 4 9 2 6|2 9 3 8 2 2 7 4|5 4 9 3 6 4 7 7|0 0 9 0 0 8 1 1|2 16 10 0 12 2 0 6|8 4 2 3 7 5 6 8|1 0 0 4 2 0 3 0|7 0 0 0 0 0 0 0|1 0 0 2 0 0 0 1|2 0 0 0 0 0 0 2|0 0 0 0 0 0 0 0|3 0 0 0 0 0 0 0|0 0 0 0 0 0 0 0|0 0 0 0 0 0 0 0|0 0 0 0 0 0 0 0|2 0 0 0 0 0 0 0|0 0 0 0 0 0 0 0

第20个最优解：
Iter = 399
Nfe = 19981
Fitness = 8.450917810333141
The number of total device = 288
The number of various devices = 36 36 36 36 36 36 36 36
The scheme of allocation = 2 9 2 6 9 0 2 7|4 4 6 7 4 2 8 2|4 4 0 5 4 1 9 12|4 4 4 0 6 6 5 8|5 0 5 4 1 4 7 5|11 13 2 3 7 1 0 0|6 2 8 5 4 0 5 2|0 0 2 3 1 1 0 0|0 0 0 0 0 0 0 0|0 0 7 3 0 7 0 0|0 0 0 0 0 4 0 0|0 0 0 0 0 0 0 0|0 0 0 0 0 6 0 0|0 0 0 0 0 0 0 0|0 0 0 0 0 4 0 0|0 0 0 0 0 0 0 0|0 0 0 0 0 0 0 0|0 0 0 0 0 0 0 0

第21个最优解：
Iter = 399
Nfe = 19970
Fitness = 8.529839495607543
The number of total device = 288
The number of various devices = 36 36 36 36 36 36 36 36
The scheme of allocation = 7 3 3 2 7 11 4 6|5 7 2 6 8 4 9 4|3 7 4 7 3 5 4 6|4 2 3 6 2 13 5 4|3 11 4 8 5 0 6 1|8 5 4 4 0 3 6 4|4 1 0 0 11 0 2 4|2 0 1 0 0 0 0 4|0 0 8 3 0 0 0 3|0 0 0 0 0 0 0 0|0 0 0 0 0 0 0 0|0 0 0 0 0 0 0 0|0 0 4 0 0 0 0 0|0 0 0 0 0 0 0 0|0 0 3 0 0 0 0 0|0 0 0 0 0 0 0 0|0 0 0 0 0 0 0 0|0 0 0 0 0 0 0 0

第22个最优解：
Iter = 395
Nfe = 19760
Fitness = 8.19427555660531
The number of total device = 288
The number of various devices = 36 36 36 36 36 36 36 36
The scheme of allocation = 6 4 5 9 3 3 2 8|8 2 3 9 4 2 2 8|10 5 3 1 7 12 2 1|3 2 5 3 2 10 7 10|3 6 3 6 8 4 8 6|6 2 8 7 1 0 2 3|0 12 2 0 3 5 5 0|0 3 2 0 0 0 0 0|0 0 5 1 0 0 0 0|0 0 0 0 0 0 0 0|0 0 0 0 0 0 0 0|0 0 0 0 0 0 8 0|0 0 0 0 0 0 0 0|0 0 0 0 8 0 0 0|0 0 0 0 0 0 0 0|0 0 0 0 0 0 0 0|0 0 0 0 0 0 0 0|0 0 0 0 0 0 0 0

第23个最优解：
Iter = 390
Nfe = 19522
Fitness = 8.333174126375061
The number of total device = 288
The number of various devices = 36 36 36 36 36 36 36 36
The scheme of allocation = 4 4 2 2 5 5 9 4|3 5 3 10 7 6 4 3|7 7 3 8 7 2 3 3|4 0 12 6 7 1 2 5|7 4 2 0 0 5 3 5|4 9 4 0 0 6 4 0|0 2 3 0 5 9 2 8|0 0 0 10 0 0 3 8|7 0 0 0 0 0 2 0|0 0 0 0 5 0 0 0|0 5 7 0 0 2 4 0|0 0 0 0 0 0 0 0|0 0 0 0 0 0 0 0|0 0 0 0 0 0 0 0|0 0 0 0 0 0 0 0|0 0 0 0 0 0 0 0|0 0 0 0 0 0 0 0|0 0 0 0 0 0 0 0

第24个最优解：
Iter = 396
Nfe = 19849
Fitness = 8.48284714355563
The number of total device = 288
The number of various devices = 36 36 36 36 36 36 36 36
The scheme of allocation = 6 5 1 8 3 0 5 3|3 4 8 2 4 7 11 4|4 12 6 8 7 0 3 4|8 2 4 0 2 1 9 3|6 6 1 0 6 10 5 6|2 0 6 4 0 3 3 6|5 7 5 5 4 0 0 4|0 0 0 9 0 6 0 0|2 0 2 0 6 9 0 6|0 0 3 0 0 0 0 0|0 0 0 0 0 0 0 0|0 0 0 0 0 0 0 0|0 0 0 0 4 0 0 0|0 0 0 0 0 0 0 0|0 0 0 0 0 0 0 0|0 0 0 0 0 0 0 0|0 0 0 0 0 0 0 0|0 0 0 0 0 0 0 0

第25个最优解：
Iter = 392
Nfe = 19639
Fitness = 8.006011020211995
The number of total device = 288
The number of various devices = 36 36 36 36 36 36 36 36
The scheme of allocation = 1 2 4 3 0 9 4 4|4 6 7 7 6 8 1 7|5 5 2 5 5 4 10 5|2 6 4 13 5 4 6 4|8 17 3 2 10 9 4 6|7 0 2 3 0 2 4 1|9 0 5 3 0 0 4 4|0 0 0 0 0 0 3 5|0 0 9 0 10 0 0 0|0 0 0 0 0 0 0 0|0 0 0 0 0 0 0 0|0 0 0 0 0 0 0 0|0 0 0 0 0 0 0 0|0 0 0 0 0 0 0 0|0 0 0 0 0 0 0 0|0 0 0 0 0 0 0 0|0 0 0 0 0 0 0 0|0 0 0 0 0 0 0 0

第26个最优解：
Iter = 378
Nfe = 18917
Fitness = 8.1707825855913
The number of total device = 288
The number of various devices = 36 36 36 36 36 36 36 36
The scheme of allocation = 4 1 4 9 7 18 1 10|3 8 5 3 5 4 3 5|4 4 4 5 9 4 3 3|4 3 1 1 8 3 12 4|10 14 7 2 4 2 13 3|6 6 7 3 3 5 0 0|5 0 6 3 0 0 4 5|0 0 0 0 0 0 0 0|0 0 0 0 0 0 0 5|0 0 2 1 0 0 0 0|0 0 0 2 0 0 0 1|0 0 0 0 0 0 0 0|0 0 0 0 0 0 0 0|0 0 0 7 0 0 0 0|0 0 0 0 0 0 0 0|0 0 0 0 0 0 0 0|0 0 0 0 0 0 0 0|0 0 0 0 0 0 0 0

第27个最优解：
Iter = 393
Nfe = 19678
Fitness = 8.193437359700013
The number of total device = 288
The number of various devices = 36 36 36 36 36 36 36 36
The scheme of allocation = 0 7 2 7 6 4 7 7|6 1 5 7 3 2 2 6|8 7 5 9 0 11 5 11|5 11 2 6 4 4 6 5|5 3 6 0 6 4 3 4|5 7 4 5 4 6 6 1|4 0 4 2 1 5 7 2|0 0 0 0 12 0 0 0|0 0 8 0 0 0 0 0|0 0 0 0 0 0 0 0|0 0 0 0 0 0 0 0|0 0 0 0 0 0 0 0|3 0 0 0 0 0 0 0|0 0 0 0 0 0 0 0|0 0 0 0 0 0 0 0|0 0 0 0 0 0 0 0|0 0 0 0 0 0 0 0|0 0 0 0 0 0 0 0

第28个最优解：
Iter = 367
Nfe = 18385
Fitness = 8.334794252082027
The number of total device = 288
The number of various devices = 36 36 36 36 36 36 36 36
The scheme of allocation = 3 4 3 2 7 12 2 7|3 8 10 6 6 8 8 3|5 5 6 3 4 0 3 4|2 8 5 13 6 4 4 10|2 0 5 9 4 3 1 5|8 8 0 3 7 9 4 0|8 3 4 0 2 0 1 7|2 0 0 0 0 0 3 0|3 0 3 0 0 0 2 0|0 0 0 0 0 0 6 0|0 0 0 0 0 0 0 0|0 0 0 0 0 0 0 0|0 0 0 0 0 0 0 0|0 0 0 0 0 0 2 0|0 0 0 0 0 0 0 0|0 0 0 0 0 0 0 0|0 0 0 0 0 0 0 0|0 0 0 0 0 0 0 0

第29个最优解：
Iter = 397
Nfe = 19851
Fitness = 8.382843445596205
The number of total device = 288
The number of various devices = 36 36 36 36 36 36 36 36
The scheme of allocation = 5 7 6 3 6 3 7 7|7 12 3 10 6 9 9 5|2 0 0 4 2 3 0 1|6 1 8 2 5 2 5 3|3 6 0 6 4 6 3 4|5 4 7 0 8 0 2 4|8 0 3 3 5 0 5 7|0 6 3 0 0 0 5 0|0 0 6 3 0 5 0 0|0 0 0 0 0 3 0 0|0 0 0 1 0 5 0 5|0 0 0 4 0 0 0 0|0 0 0 0 0 0 0 0|0 0 0 0 0 0 0 0|0 0 0 0 0 0 0 0|0 0 0 0 0 0 0 0|0 0 0 0 0 0 0 0|0 0 0 0 0 0 0 0

第30个最优解：
Iter = 312
Nfe = 15615
Fitness = 8.352275977084904
The number of total device = 288
The number of various devices = 36 36 36 36 36 36 36 36
The scheme of allocation = 5 12 3 5 5 6 8 2|3 4 3 5 1 2 4 4|4 0 7 8 4 9 3 5|5 0 4 2 1 0 9 5|4 2 6 0 3 9 6 3|14 2 4 10 9 0 6 2|1 3 5 0 0 10 0 7|0 4 0 0 6 0 0 0|0 5 4 0 0 0 0 3|0 4 0 6 5 0 0 1|0 0 0 0 0 0 0 4|0 0 0 0 2 0 0 0|0 0 0 0 0 0 0 0|0 0 0 0 0 0 0 0|0 0 0 0 0 0 0 0|0 0 0 0 0 0 0 0|0 0 0 0 0 0 0 0|0 0 0 0 0 0 0 0

第31个最优解：
Iter = 392
Nfe = 19638
Fitness = 8.442227079295025
The number of total device = 288
The number of various devices = 36 36 36 36 36 36 36 36
The scheme of allocation = 8 5 5 7 5 0 1 9|1 7 6 3 8 7 6 8|5 4 2 4 2 6 6 3|6 6 4 0 4 4 9 5|2 8 4 8 6 9 6 4|4 1 3 10 2 6 0 4|10 5 4 4 1 4 8 3|0 0 3 0 0 0 0 0|0 0 5 0 4 0 0 0|0 0 0 0 4 0 0 0|0 0 0 0 0 0 0 0|0 0 0 0 0 0 0 0|0 0 0 0 0 0 0 0|0 0 0 0 0 0 0 0|0 0 0 0 0 0 0 0|0 0 0 0 0 0 0 0|0 0 0 0 0 0 0 0|0 0 0 0 0 0 0 0

第32个最优解：
Iter = 391
Nfe = 19559
Fitness = 8.251912344712284
The number of total device = 288
The number of various devices = 36 36 36 36 36 36 36 36
The scheme of allocation = 4 3 4 4 7 7 4 7|3 7 8 4 3 0 2 5|5 4 3 14 9 5 0 4|4 3 9 0 1 9 3 4|5 10 6 2 6 6 3 8|11 0 2 7 5 3 7 0|4 9 4 0 5 1 5 5|0 0 0 5 0 0 2 0|0 0 0 0 0 5 4 3|0 0 0 0 0 0 0 0|0 0 0 0 0 0 6 0|0 0 0 0 0 0 0 0|0 0 0 0 0 0 0 0|0 0 0 0 0 0 0 0|0 0 0 0 0 0 0 0|0 0 0 0 0 0 0 0|0 0 0 0 0 0 0 0|0 0 0 0 0 0 0 0

第33个最优解：
Iter = 366
Nfe = 18337
Fitness = 7.799570262166045
The number of total device = 288
The number of various devices = 36 36 36 36 36 36 36 36
The scheme of allocation = 3 6 2 8 5 0 6 3|6 1 8 3 7 6 5 7|3 2 12 5 3 2 5 0|12 3 6 9 0 12 2 12|8 8 5 5 9 10 7 5|4 8 1 3 2 0 4 4|0 8 2 3 4 6 7 4|0 0 0 0 0 0 0 1|0 0 0 0 0 0 0 0|0 0 0 0 6 0 0 0|0 0 0 0 0 0 0 0|0 0 0 0 0 0 0 0|0 0 0 0 0 0 0 0|0 0 0 0 0 0 0 0|0 0 0 0 0 0 0 0|0 0 0 0 0 0 0 0|0 0 0 0 0 0 0 0|0 0 0 0 0 0 0 0

第34个最优解：
Iter = 395
Nfe = 19763
Fitness = 8.165653201095436
The number of total device = 288
The number of various devices = 36 36 36 36 36 36 36 36
The scheme of allocation = 6 5 1 5 5 1 8 7|8 0 4 8 5 4 6 8|10 0 3 4 6 6 15 11|1 5 2 3 0 4 5 2|5 8 8 1 9 8 0 8|3 4 3 4 4 9 2 0|3 6 5 4 5 1 0 0|0 5 3 0 0 0 0 0|0 1 2 6 2 3 0 0|0 2 5 1 0 0 0 0|0 0 0 0 0 0 0 0|0 0 0 0 0 0 0 0|0 0 0 0 0 0 0 0|0 0 0 0 0 0 0 0|0 0 0 0 0 0 0 0|0 0 0 0 0 0 0 0|0 0 0 0 0 0 0 0|0 0 0 0 0 0 0 0

第35个最优解：
Iter = 226
Nfe = 11318
Fitness = 8.20090503151712
The number of total device = 288
The number of various devices = 36 36 36 36 36 36 36 36
The scheme of allocation = 4 7 10 4 1 2 3 8|4 3 1 9 5 3 4 6|4 5 5 3 2 1 8 3|5 6 7 0 14 14 2 2|5 1 1 9 6 4 8 3|9 9 9 4 4 12 9 3|5 0 3 7 4 0 2 6|0 0 0 0 0 0 0 3|0 0 0 0 0 0 0 2|0 0 0 0 0 0 0 0|0 0 0 0 0 0 0 0|0 1 0 0 0 0 0 0|0 0 0 0 0 0 0 0|0 4 0 0 0 0 0 0|0 0 0 0 0 0 0 0|0 0 0 0 0 0 0 0|0 0 0 0 0 0 0 0|0 0 0 0 0 0 0 0

第36个最优解：
Iter = 392
Nfe = 19618
Fitness = 8.30403007569051
The number of total device = 288
The number of various devices = 36 36 36 36 36 36 36 36
The scheme of allocation = 5 8 1 4 6 12 4 4|6 4 8 2 6 8 9 4|1 11 10 5 1 1 3 3|6 6 4 7 8 3 6 10|3 7 4 0 7 5 6 0|1 0 0 2 0 2 2 6|2 0 9 6 0 0 6 4|3 0 0 7 0 0 0 0|0 0 0 0 7 0 0 5|2 0 0 3 1 0 0 0|0 0 0 0 0 0 0 0|4 0 0 0 0 0 0 0|3 0 0 0 0 0 0 0|0 0 0 0 0 0 0 0|0 0 0 0 0 0 0 0|0 0 0 0 0 0 0 0|0 0 0 0 0 0 0 0|0 0 0 0 0 5 0 0

第37个最优解：
Iter = 381
Nfe = 19071
Fitness = 8.374408368603278
The number of total device = 288
The number of various devices = 36 36 36 36 36 36 36 36
The scheme of allocation = 3 6 8 2 5 10 2 4|5 2 9 5 4 1 2 5|9 19 3 4 4 7 2 6|4 0 3 0 8 5 8 3|7 0 5 4 7 4 3 11|1 1 3 2 4 5 4 0|3 8 5 10 4 4 1 7|0 0 0 0 0 0 5 0|4 0 0 0 0 0 6 0|0 0 0 0 0 0 3 0|0 0 0 0 0 0 0 0|0 0 0 9 0 0 0 0|0 0 0 0 0 0 0 0|0 0 0 0 0 0 0 0|0 0 0 0 0 0 0 0|0 0 0 0 0 0 0 0|0 0 0 0 0 0 0 0|0 0 0 0 0 0 0 0

第38个最优解：
Iter = 363
Nfe = 18192
Fitness = 8.459257570195708
The number of total device = 288
The number of various devices = 36 36 36 36 36 36 36 36
The scheme of allocation = 6 4 3 0 9 11 5 7|4 9 8 5 6 5 11 6|7 12 3 2 1 2 3 0|0 2 3 7 6 2 5 3|4 4 7 9 10 4 4 3|5 0 2 4 0 6 0 0|8 5 7 0 4 3 2 4|1 0 0 0 0 3 3 3|1 0 3 3 0 0 0 4|0 0 0 6 0 0 0 4|0 0 0 0 0 0 3 2|0 0 0 0 0 0 0 0|0 0 0 0 0 0 0 0|0 0 0 0 0 0 0 0|0 0 0 0 0 0 0 0|0 0 0 0 0 0 0 0|0 0 0 0 0 0 0 0|0 0 0 0 0 0 0 0

第39个最优解：
Iter = 352
Nfe = 17629
Fitness = 8.237248607229844
The number of total device = 288
The number of various devices = 36 36 36 36 36 36 36 36
The scheme of allocation = 2 6 4 5 5 1 6 6|5 1 5 11 5 7 7 2|5 3 6 8 5 4 3 1|6 7 4 4 5 11 16 7|3 6 3 6 1 5 0 3|12 4 5 0 3 0 3 4|3 6 8 1 12 5 0 2|0 3 1 1 0 0 0 4|0 0 0 0 0 3 0 7|0 0 0 0 0 0 1 0|0 0 0 0 0 0 0 0|0 0 0 0 0 0 0 0|0 0 0 0 0 0 0 0|0 0 0 0 0 0 0 0|0 0 0 0 0 0 0 0|0 0 0 0 0 0 0 0|0 0 0 0 0 0 0 0|0 0 0 0 0 0 0 0

第40个最优解：
Iter = 393
Nfe = 19691
Fitness = 7.999438568515754
The number of total device = 288
The number of various devices = 36 36 36 36 36 36 36 36
The scheme of allocation = 5 3 4 5 4 2 1 9|2 5 5 7 4 2 5 7|0 13 6 1 0 9 3 3|5 7 7 4 2 9 13 9|6 4 3 0 6 2 3 8|5 4 9 1 12 7 8 0|4 0 2 4 0 0 3 0|0 0 0 0 3 0 0 0|0 0 0 7 0 5 0 0|3 0 0 7 0 0 0 0|6 0 0 0 5 0 0 0|0 0 0 0 0 0 0 0|0 0 0 0 0 0 0 0|0 0 0 0 0 0 0 0|0 0 0 0 0 0 0 0|0 0 0 0 0 0 0 0|0 0 0 0 0 0 0 0|0 0 0 0 0 0 0 0

第41个最优解：
Iter = 398
Nfe = 19930
Fitness = 8.015227524477087
The number of total device = 288
The number of various devices = 36 36 36 36 36 36 36 36
The scheme of allocation = 3 4 5 5 9 5 3 3|6 10 4 3 11 5 7 5|4 3 2 16 8 3 5 5|7 6 3 1 6 2 7 3|8 3 13 4 2 7 7 3|5 6 1 0 0 7 2 5|3 4 0 7 0 7 5 5|0 0 0 0 0 0 0 5|0 0 0 0 0 0 0 0|0 0 8 0 0 0 0 2|0 0 0 0 0 0 0 0|0 0 0 0 0 0 0 0|0 0 0 0 0 0 0 0|0 0 0 0 0 0 0 0|0 0 0 0 0 0 0 0|0 0 0 0 0 0 0 0|0 0 0 0 0 0 0 0|0 0 0 0 0 0 0 0

第42个最优解：
Iter = 378
Nfe = 18900
Fitness = 8.312630328385136
The number of total device = 288
The number of various devices = 36 36 36 36 36 36 36 36
The scheme of allocation = 6 4 2 4 9 4 3 5|7 4 1 5 2 4 2 7|1 5 4 8 4 4 3 2|9 2 7 3 6 8 4 4|2 7 8 12 8 15 11 2|6 3 9 0 2 0 2 6|0 4 5 4 5 0 6 3|5 0 0 0 0 1 0 5|0 7 0 0 0 0 5 2|0 0 0 0 0 0 0 0|0 0 0 0 0 0 0 0|0 0 0 0 0 0 0 0|0 0 0 0 0 0 0 0|0 0 0 0 0 0 0 0|0 0 0 0 0 0 0 0|0 0 0 0 0 0 0 0|0 0 0 0 0 0 0 0|0 0 0 0 0 0 0 0

第43个最优解：
Iter = 336
Nfe = 16836
Fitness = 8.299273516356385
The number of total device = 288
The number of various devices = 36 36 36 36 36 36 36 36
The scheme of allocation = 1 9 10 3 8 7 10 6|7 0 9 3 4 1 1 4|0 8 2 10 12 3 4 2|3 7 1 0 6 5 11 5|4 2 2 2 0 6 3 9|5 4 2 7 3 2 0 4|5 6 1 0 3 5 7 4|0 0 4 4 0 0 0 2|7 0 0 3 0 7 0 0|4 0 0 0 0 0 0 0|0 0 5 0 0 0 0 0|0 0 0 4 0 0 0 0|0 0 0 0 0 0 0 0|0 0 0 0 0 0 0 0|0 0 0 0 0 0 0 0|0 0 0 0 0 0 0 0|0 0 0 0 0 0 0 0|0 0 0 0 0 0 0 0

第44个最优解：
Iter = 367
Nfe = 18371
Fitness = 8.105092453361525
The number of total device = 288
The number of various devices = 36 36 36 36 36 36 36 36
The scheme of allocation = 1 3 4 1 4 3 4 3|7 7 1 3 3 3 9 7|3 7 8 11 4 7 5 10|4 5 5 0 14 2 3 0|6 4 0 3 6 16 7 7|4 10 7 2 3 2 4 3|6 0 0 10 2 0 4 6|0 0 0 6 0 3 0 0|0 0 8 0 0 0 0 0|5 0 3 0 0 0 0 0|0 0 0 0 0 0 0 0|0 0 0 0 0 0 0 0|0 0 0 0 0 0 0 0|0 0 0 0 0 0 0 0|0 0 0 0 0 0 0 0|0 0 0 0 0 0 0 0|0 0 0 0 0 0 0 0|0 0 0 0 0 0 0 0

第45个最优解：
Iter = 394
Nfe = 19719
Fitness = 8.101450675303262
The number of total device = 288
The number of various devices = 36 36 36 36 36 36 36 36
The scheme of allocation = 5 4 5 10 2 11 2 7|4 4 2 3 5 6 5 9|4 2 1 7 2 2 3 9|0 5 3 0 0 5 5 0|9 6 6 13 13 4 2 3|6 0 0 0 5 0 10 3|8 6 8 3 5 0 4 5|0 0 0 0 0 3 0 0|0 8 7 0 4 5 4 0|0 0 4 0 0 0 0 0|0 1 0 0 0 0 0 0|0 0 0 0 0 0 1 0|0 0 0 0 0 0 0 0|0 0 0 0 0 0 0 0|0 0 0 0 0 0 0 0|0 0 0 0 0 0 0 0|0 0 0 0 0 0 0 0|0 0 0 0 0 0 0 0

第46个最优解：
Iter = 384
Nfe = 19207
Fitness = 8.22495031714198
The number of total device = 288
The number of various devices = 36 36 36 36 36 36 36 36
The scheme of allocation = 1 4 4 7 3 8 7 2|7 4 1 7 4 4 6 6|6 0 12 2 3 5 8 2|2 3 1 5 4 6 9 7|11 6 4 8 5 0 0 2|4 7 10 4 1 7 6 11|3 4 4 3 3 5 0 4|0 0 0 0 7 1 0 2|2 8 0 0 0 0 0 0|0 0 0 0 0 0 0 0|0 0 0 0 6 0 0 0|0 0 0 0 0 0 0 0|0 0 0 0 0 0 0 0|0 0 0 0 0 0 0 0|0 0 0 0 0 0 0 0|0 0 0 0 0 0 0 0|0 0 0 0 0 0 0 0|0 0 0 0 0 0 0 0

第47个最优解：
Iter = 394
Nfe = 19706
Fitness = 8.169189367426018
The number of total device = 288
The number of various devices = 36 36 36 36 36 36 36 36
The scheme of allocation = 7 10 3 5 9 11 4 4|8 6 5 2 7 14 10 11|2 1 3 2 2 3 1 1|3 3 9 8 6 1 5 3|4 5 12 7 5 5 2 6|6 3 4 6 7 0 2 6|2 8 0 0 0 2 3 5|0 0 0 0 0 0 0 0|0 0 0 0 0 0 3 0|1 0 0 0 0 0 0 0|0 0 0 0 0 0 6 0|0 0 0 0 0 0 0 0|0 0 0 0 0 0 0 0|3 0 0 6 0 0 0 0|0 0 0 0 0 0 0 0|0 0 0 0 0 0 0 0|0 0 0 0 0 0 0 0|0 0 0 0 0 0 0 0

第48个最优解：
Iter = 385
Nfe = 19292
Fitness = 8.340947243382669
The number of total device = 288
The number of various devices = 36 36 36 36 36 36 36 36
The scheme of allocation = 2 2 7 7 2 7 3 6|2 0 4 5 2 8 2 5|7 3 3 9 4 11 6 4|5 6 4 0 10 4 3 5|5 4 0 0 8 0 6 8|6 2 4 3 8 4 3 4|0 2 3 5 2 2 0 4|0 7 0 7 0 0 0 0|9 4 3 0 0 0 13 0|0 6 8 0 0 0 0 0|0 0 0 0 0 0 0 0|0 0 0 0 0 0 0 0|0 0 0 0 0 0 0 0|0 0 0 0 0 0 0 0|0 0 0 0 0 0 0 0|0 0 0 0 0 0 0 0|0 0 0 0 0 0 0 0|0 0 0 0 0 0 0 0

第49个最优解：
Iter = 349
Nfe = 17455
Fitness = 8.290668552168187
The number of total device = 288
The number of various devices = 36 36 36 36 36 36 36 36
The scheme of allocation = 4 7 6 6 3 10 4 2|4 3 2 2 5 6 1 2|4 6 5 11 2 3 3 0|4 5 3 0 7 9 3 0|5 0 9 8 10 3 2 5|3 4 10 0 3 5 9 10|6 2 0 0 5 0 8 9|0 9 1 3 1 0 2 0|0 0 0 0 0 0 0 8|0 0 0 0 0 0 4 0|6 0 0 0 0 0 0 0|0 0 0 0 0 0 0 0|0 0 0 0 0 0 0 0|0 0 0 6 0 0 0 0|0 0 0 0 0 0 0 0|0 0 0 0 0 0 0 0|0 0 0 0 0 0 0 0|0 0 0 0 0 0 0 0

第50个最优解：
Iter = 369
Nfe = 18467
Fitness = 7.869158215824492
The number of total device = 288
The number of various devices = 36 36 36 36 36 36 36 36
The scheme of allocation = 3 5 7 3 7 6 4 2|7 1 2 6 14 6 7 4|8 5 3 9 5 0 4 3|6 7 3 8 4 2 8 5|0 13 3 4 6 18 4 4|5 0 5 0 0 1 2 7|7 0 7 6 0 1 7 5|0 0 3 0 0 0 0 0|0 5 0 0 0 0 0 6|0 0 3 0 0 0 0 0|0 0 0 0 0 0 0 0|0 0 0 0 0 2 0 0|0 0 0 0 0 0 0 0|0 0 0 0 0 0 0 0|0 0 0 0 0 0 0 0|0 0 0 0 0 0 0 0|0 0 0 0 0 0 0 0|0 0 0 0 0 0 0 0

The final result:
fmax = 8.62706954598452
fmin = 7.799570262166045
fmean = 8.239126895170653
standard std = 0.18696326676554112
The number of total device = 288
The number of various devices = 36 36 36 36 36 36 36 36
The optimal allocation = 1 7 4 0 4 0 9 3|10 7 3 13 10 4 6 2|9 7 6 2 4 5 6 0|6 3 7 3 4 2 5 3|3 9 2 2 4 3 3 6|2 0 4 6 3 6 7 2|0 3 7 7 5 6 0 5|1 0 3 0 0 0 0 0|4 0 0 0 0 0 0 2|0 0 0 3 0 3 0 0|0 0 0 0 2 7 0 1|0 0 0 0 0 0 0 2|0 0 0 0 0 0 0 10|0 0 0 0 0 0 0 0|0 0 0 0 0 0 0 0|0 0 0 0 0 0 0 0|0 0 0 0 0 0 0 0|0 0 0 0 0 0 0 0
