第1个最优解：
Iter = 142
Nfe = 15762
Fitness = 96.9975782261625
The number of total device = 960
The number of various devices = 64 64 64 64 64 64 64 64 64 64 64 64 64 64 64
The scheme of allocation = 2 2 2 2 2 2 2 2 2 2 2 2 2 2 2|2 2 2 2 2 2 2 2 2 2 2 2 2 2 2|2 2 2 2 2 2 2 2 2 2 2 2 2 2 2|2 2 2 2 2 2 2 2 2 2 2 2 2 2 2|2 2 2 2 2 2 2 2 2 2 2 2 2 2 2|2 2 2 2 2 2 2 2 2 2 2 2 2 2 2|2 2 2 2 2 2 2 2 2 2 2 2 2 2 2|2 2 2 2 2 2 2 2 2 2 2 2 2 2 2|2 2 2 2 2 2 2 2 2 2 2 3 2 2 2|2 2 2 2 2 2 2 2 2 2 2 2 2 2 2|2 2 2 2 2 2 2 2 2 2 2 2 2 2 2|2 2 2 2 2 2 2 2 2 2 2 2 2 2 2|2 2 2 2 2 2 2 2 2 2 2 2 2 2 2|2 2 2 2 2 2 2 2 2 2 2 2 2 2 2|2 2 2 2 2 2 2 2 2 2 2 2 2 2 2|2 2 2 2 2 2 2 2 2 2 2 2 2 2 2|2 2 2 2 2 2 2 2 2 2 2 2 2 2 2|2 2 2 2 2 2 2 2 2 2 2 2 2 2 2|2 2 2 2 2 2 2 2 2 2 2 2 2 2 2|2 2 2 2 2 2 2 2 2 2 2 2 2 2 2|2 2 2 2 2 2 2 2 2 2 2 3 3 2 2|2 2 2 2 2 2 2 2 2 2 2 2 2 2 2|2 2 2 2 2 2 2 2 2 2 2 2 2 2 2|2 2 2 2 2 2 2 2 2 2 2 2 2 2 2|2 2 2 2 2 2 2 2 2 2 2 1 1 2 2|2 2 2 2 2 2 2 2 2 2 2 1 2 2 2|2 2 2 2 2 2 2 2 2 2 2 2 2 2 2|2 2 2 2 2 2 2 2 2 2 2 2 2 2 2|2 2 2 2 2 2 2 2 2 2 2 2 2 2 2|2 2 2 2 2 2 2 2 2 2 2 2 2 2 2|2 2 2 2 2 2 2 2 2 2 2 2 2 2 2|2 2 2 2 2 2 2 2 2 2 2 2 2 2 2

第2个最优解：
Iter = 126
Nfe = 13837
Fitness = 96.99542516232441
The number of total device = 960
The number of various devices = 64 64 64 64 64 64 64 64 64 64 64 64 64 64 64
The scheme of allocation = 2 2 2 2 2 2 2 2 2 2 2 2 2 2 2|2 2 2 2 2 2 2 2 2 2 2 2 2 2 2|2 2 2 2 2 2 2 2 2 2 2 2 2 2 2|2 2 2 2 2 2 2 2 2 2 2 2 2 2 2|2 2 2 2 2 2 2 2 2 2 2 2 2 2 2|2 2 2 2 2 2 2 2 2 2 2 2 2 2 2|2 2 2 2 2 2 2 2 2 2 2 2 2 2 2|2 2 2 2 2 2 2 2 2 2 2 2 2 2 2|2 2 2 2 2 2 2 2 2 2 2 3 2 2 2|2 2 2 2 2 2 2 2 2 2 2 2 2 2 2|2 2 2 2 2 2 2 2 2 2 2 2 2 2 2|2 2 2 2 2 2 2 2 2 2 2 2 2 2 2|2 2 2 2 2 2 2 2 2 2 2 2 2 2 2|2 2 2 2 2 2 2 2 2 2 2 2 2 2 2|2 2 2 2 2 2 2 2 2 2 2 2 2 2 2|2 2 2 2 2 2 2 2 2 2 2 2 2 2 2|2 2 2 2 2 2 2 2 2 2 2 2 2 2 2|2 2 2 2 2 2 2 2 2 2 2 2 2 2 2|2 2 2 2 2 2 2 2 2 2 2 2 2 2 2|2 2 2 2 2 2 2 2 2 2 2 2 2 2 2|2 2 2 2 2 2 3 2 2 2 2 3 2 2 2|2 2 2 2 2 2 2 2 2 2 2 2 2 2 2|2 2 2 2 2 2 2 2 2 2 2 2 2 2 2|2 2 2 2 2 2 2 2 2 2 2 2 2 2 2|2 2 2 2 2 2 1 2 2 2 2 1 2 2 2|2 2 2 2 2 2 2 2 2 2 2 1 2 2 2|2 2 2 2 2 2 2 2 2 2 2 2 2 2 2|2 2 2 2 2 2 2 2 2 2 2 2 2 2 2|2 2 2 2 2 2 2 2 2 2 2 2 2 2 2|2 2 2 2 2 2 2 2 2 2 2 2 2 2 2|2 2 2 2 2 2 2 2 2 2 2 2 2 2 2|2 2 2 2 2 2 2 2 2 2 2 2 2 2 2

第3个最优解：
Iter = 135
Nfe = 14697
Fitness = 96.99422731902129
The number of total device = 960
The number of various devices = 64 64 64 64 64 64 64 64 64 64 64 64 64 64 64
The scheme of allocation = 2 2 2 2 2 2 2 2 2 2 2 2 2 2 2|2 2 2 2 2 2 2 2 2 2 2 2 2 2 2|2 2 2 2 2 2 2 2 2 2 2 2 2 2 2|2 2 2 2 2 2 2 2 2 2 2 2 2 2 2|2 2 2 2 2 2 2 2 2 2 2 2 2 2 2|2 2 2 2 2 2 2 2 2 2 2 2 2 2 2|2 2 2 2 2 2 2 2 2 2 2 2 2 2 2|2 2 2 2 2 2 2 2 2 2 2 2 2 2 2|2 2 2 2 2 2 2 2 2 2 2 3 2 2 2|2 2 2 2 2 2 2 2 2 2 2 2 2 2 2|2 2 2 2 2 2 2 2 2 2 2 2 2 2 2|2 2 2 2 2 2 2 2 2 2 2 2 2 2 2|2 2 2 2 2 2 2 2 2 2 2 2 2 2 2|2 2 2 2 2 2 2 2 2 2 2 2 2 2 2|2 2 2 2 2 2 2 2 2 2 2 2 2 2 2|2 2 2 2 2 2 2 2 2 2 2 2 2 2 2|2 2 2 2 2 2 2 2 2 2 2 2 2 2 3|2 2 2 2 2 2 2 2 2 2 2 2 2 2 2|2 2 2 2 2 2 2 2 2 2 2 2 2 2 1|2 2 2 2 2 2 2 2 2 2 2 2 2 2 2|2 2 2 2 2 2 2 2 2 2 2 3 2 2 2|2 2 2 2 2 2 2 2 2 2 2 2 2 2 2|2 2 2 2 2 2 2 2 2 2 2 2 2 2 2|2 2 2 2 2 2 2 2 2 2 2 2 2 2 2|2 2 2 2 2 2 2 2 2 2 2 1 2 2 2|2 2 2 2 2 2 2 2 2 2 2 1 2 2 2|2 2 2 2 2 2 2 2 2 2 2 2 2 2 2|2 2 2 2 2 2 2 2 2 2 2 2 2 2 2|2 2 2 2 2 2 2 2 2 2 2 2 2 2 2|2 2 2 2 2 2 2 2 2 2 2 2 2 2 2|2 2 2 2 2 2 2 2 2 2 2 2 2 2 2|2 2 2 2 2 2 2 2 2 2 2 2 2 2 2

第4个最优解：
Iter = 78
Nfe = 8617
Fitness = 96.98768880587068
The number of total device = 960
The number of various devices = 64 64 64 64 64 64 64 64 64 64 64 64 64 64 64
The scheme of allocation = 2 2 2 2 2 2 2 2 2 2 2 2 2 2 2|2 2 2 2 2 2 2 2 2 2 2 2 2 2 2|2 2 2 2 2 2 2 2 2 2 2 2 2 2 2|2 2 2 2 2 2 2 2 2 2 2 2 2 2 2|2 2 2 2 2 2 2 2 2 2 2 2 2 2 2|2 2 2 2 2 2 2 2 2 2 2 2 2 2 2|2 2 2 2 2 2 2 2 2 2 2 2 2 2 2|2 2 2 2 2 2 2 2 2 2 2 2 2 2 2|2 2 2 2 2 2 2 2 2 2 2 2 2 2 2|2 2 2 2 2 2 2 2 2 2 2 2 2 2 2|2 2 2 2 2 2 2 2 2 2 2 2 2 2 2|2 2 2 2 2 2 2 2 2 2 2 2 2 2 2|2 2 2 2 2 2 2 2 2 2 2 2 2 2 2|2 2 2 2 2 2 2 2 2 2 2 2 2 2 2|2 2 2 2 2 2 2 2 2 2 2 2 2 2 2|2 2 2 2 2 2 2 2 2 2 2 2 2 2 2|2 2 2 2 2 2 2 2 2 2 2 2 2 2 2|2 2 2 2 2 2 2 2 2 2 2 2 2 2 2|2 2 2 2 2 2 2 2 2 2 2 2 2 2 2|2 2 2 2 2 2 2 2 2 2 2 2 2 2 2|2 2 2 2 2 2 2 2 2 2 2 2 2 2 2|2 2 2 2 2 2 2 2 2 2 2 2 2 2 2|2 2 2 2 2 2 2 2 2 2 2 2 2 2 2|2 2 2 2 2 2 2 2 2 2 2 2 2 2 2|2 2 2 2 2 2 2 2 2 2 2 2 2 2 2|2 2 2 2 2 2 2 2 2 2 2 2 2 2 2|2 2 2 2 2 2 2 2 2 2 2 2 2 2 2|2 2 2 2 2 2 2 2 2 2 2 2 2 2 2|2 2 2 2 2 2 2 2 2 2 2 2 2 2 2|2 2 2 2 2 2 2 2 2 2 2 2 2 2 2|2 2 2 2 2 2 2 2 2 2 2 2 2 2 2|2 2 2 2 2 2 2 2 2 2 2 2 2 2 2

第5个最优解：
Iter = 77
Nfe = 8535
Fitness = 96.99053376745246
The number of total device = 960
The number of various devices = 64 64 64 64 64 64 64 64 64 64 64 64 64 64 64
The scheme of allocation = 2 2 2 2 2 2 2 2 2 2 2 2 2 2 2|2 2 2 2 2 2 2 2 2 2 2 2 2 2 2|2 2 2 2 2 2 2 2 2 2 2 2 2 2 2|2 2 2 2 2 2 2 2 2 2 2 2 2 2 2|2 2 2 2 2 2 2 2 2 2 2 2 2 2 2|2 2 2 2 2 2 2 2 2 2 2 2 2 2 2|2 2 2 2 2 2 2 2 2 2 2 2 2 2 2|2 2 2 2 2 2 2 2 2 2 2 2 2 2 2|2 2 2 2 2 2 2 2 2 2 2 2 2 2 2|2 2 2 2 2 2 2 2 2 2 2 2 2 2 2|2 2 2 2 2 2 2 2 2 2 2 2 2 2 2|2 2 2 2 2 2 2 2 2 2 2 2 2 2 2|2 2 2 2 2 2 2 2 2 2 2 2 2 2 2|2 2 2 2 2 2 2 2 2 2 2 2 2 2 2|2 2 2 2 2 2 2 2 2 2 2 2 2 2 2|2 2 2 2 2 2 2 2 2 2 2 2 2 2 2|2 2 2 2 2 2 2 2 2 2 2 2 2 2 2|2 2 2 2 2 2 2 2 2 2 2 2 2 2 2|2 2 2 2 2 2 2 2 2 2 2 2 2 2 2|2 2 2 2 2 2 2 2 2 2 2 2 2 2 2|2 2 2 2 2 2 2 2 2 2 2 3 2 2 2|2 2 2 2 2 2 2 2 2 2 2 2 2 2 2|2 2 2 2 2 2 2 2 2 2 2 2 2 2 2|2 2 2 2 2 2 2 2 2 2 2 2 2 2 2|2 2 2 2 2 2 2 2 2 2 2 2 2 2 2|2 2 2 2 2 2 2 2 2 2 2 1 2 2 2|2 2 2 2 2 2 2 2 2 2 2 2 2 2 2|2 2 2 2 2 2 2 2 2 2 2 2 2 2 2|2 2 2 2 2 2 2 2 2 2 2 2 2 2 2|2 2 2 2 2 2 2 2 2 2 2 2 2 2 2|2 2 2 2 2 2 2 2 2 2 2 2 2 2 2|2 2 2 2 2 2 2 2 2 2 2 2 2 2 2

第6个最优解：
Iter = 36
Nfe = 3989
Fitness = 96.98768880587068
The number of total device = 960
The number of various devices = 64 64 64 64 64 64 64 64 64 64 64 64 64 64 64
The scheme of allocation = 2 2 2 2 2 2 2 2 2 2 2 2 2 2 2|2 2 2 2 2 2 2 2 2 2 2 2 2 2 2|2 2 2 2 2 2 2 2 2 2 2 2 2 2 2|2 2 2 2 2 2 2 2 2 2 2 2 2 2 2|2 2 2 2 2 2 2 2 2 2 2 2 2 2 2|2 2 2 2 2 2 2 2 2 2 2 2 2 2 2|2 2 2 2 2 2 2 2 2 2 2 2 2 2 2|2 2 2 2 2 2 2 2 2 2 2 2 2 2 2|2 2 2 2 2 2 2 2 2 2 2 2 2 2 2|2 2 2 2 2 2 2 2 2 2 2 2 2 2 2|2 2 2 2 2 2 2 2 2 2 2 2 2 2 2|2 2 2 2 2 2 2 2 2 2 2 2 2 2 2|2 2 2 2 2 2 2 2 2 2 2 2 2 2 2|2 2 2 2 2 2 2 2 2 2 2 2 2 2 2|2 2 2 2 2 2 2 2 2 2 2 2 2 2 2|2 2 2 2 2 2 2 2 2 2 2 2 2 2 2|2 2 2 2 2 2 2 2 2 2 2 2 2 2 2|2 2 2 2 2 2 2 2 2 2 2 2 2 2 2|2 2 2 2 2 2 2 2 2 2 2 2 2 2 2|2 2 2 2 2 2 2 2 2 2 2 2 2 2 2|2 2 2 2 2 2 2 2 2 2 2 2 2 2 2|2 2 2 2 2 2 2 2 2 2 2 2 2 2 2|2 2 2 2 2 2 2 2 2 2 2 2 2 2 2|2 2 2 2 2 2 2 2 2 2 2 2 2 2 2|2 2 2 2 2 2 2 2 2 2 2 2 2 2 2|2 2 2 2 2 2 2 2 2 2 2 2 2 2 2|2 2 2 2 2 2 2 2 2 2 2 2 2 2 2|2 2 2 2 2 2 2 2 2 2 2 2 2 2 2|2 2 2 2 2 2 2 2 2 2 2 2 2 2 2|2 2 2 2 2 2 2 2 2 2 2 2 2 2 2|2 2 2 2 2 2 2 2 2 2 2 2 2 2 2|2 2 2 2 2 2 2 2 2 2 2 2 2 2 2

第7个最优解：
Iter = 59
Nfe = 6582
Fitness = 96.98768880587068
The number of total device = 960
The number of various devices = 64 64 64 64 64 64 64 64 64 64 64 64 64 64 64
The scheme of allocation = 2 2 2 2 2 2 2 2 2 2 2 2 2 2 2|2 2 2 2 2 2 2 2 2 2 2 2 2 2 2|2 2 2 2 2 2 2 2 2 2 2 2 2 2 2|2 2 2 2 2 2 2 2 2 2 2 2 2 2 2|2 2 2 2 2 2 2 2 2 2 2 2 2 2 2|2 2 2 2 2 2 2 2 2 2 2 2 2 2 2|2 2 2 2 2 2 2 2 2 2 2 2 2 2 2|2 2 2 2 2 2 2 2 2 2 2 2 2 2 2|2 2 2 2 2 2 2 2 2 2 2 2 2 2 2|2 2 2 2 2 2 2 2 2 2 2 2 2 2 2|2 2 2 2 2 2 2 2 2 2 2 2 2 2 2|2 2 2 2 2 2 2 2 2 2 2 2 2 2 2|2 2 2 2 2 2 2 2 2 2 2 2 2 2 2|2 2 2 2 2 2 2 2 2 2 2 2 2 2 2|2 2 2 2 2 2 2 2 2 2 2 2 2 2 2|2 2 2 2 2 2 2 2 2 2 2 2 2 2 2|2 2 2 2 2 2 2 2 2 2 2 2 2 2 2|2 2 2 2 2 2 2 2 2 2 2 2 2 2 2|2 2 2 2 2 2 2 2 2 2 2 2 2 2 2|2 2 2 2 2 2 2 2 2 2 2 2 2 2 2|2 2 2 2 2 2 2 2 2 2 2 2 2 2 2|2 2 2 2 2 2 2 2 2 2 2 2 2 2 2|2 2 2 2 2 2 2 2 2 2 2 2 2 2 2|2 2 2 2 2 2 2 2 2 2 2 2 2 2 2|2 2 2 2 2 2 2 2 2 2 2 2 2 2 2|2 2 2 2 2 2 2 2 2 2 2 2 2 2 2|2 2 2 2 2 2 2 2 2 2 2 2 2 2 2|2 2 2 2 2 2 2 2 2 2 2 2 2 2 2|2 2 2 2 2 2 2 2 2 2 2 2 2 2 2|2 2 2 2 2 2 2 2 2 2 2 2 2 2 2|2 2 2 2 2 2 2 2 2 2 2 2 2 2 2|2 2 2 2 2 2 2 2 2 2 2 2 2 2 2

第8个最优解：
Iter = 117
Nfe = 12884
Fitness = 96.98768880587068
The number of total device = 960
The number of various devices = 64 64 64 64 64 64 64 64 64 64 64 64 64 64 64
The scheme of allocation = 2 2 2 2 2 2 2 2 2 2 2 2 2 2 2|2 2 2 2 2 2 2 2 2 2 2 2 2 2 2|2 2 2 2 2 2 2 2 2 2 2 2 2 2 2|2 2 2 2 2 2 2 2 2 2 2 2 2 2 2|2 2 2 2 2 2 2 2 2 2 2 2 2 2 2|2 2 2 2 2 2 2 2 2 2 2 2 2 2 2|2 2 2 2 2 2 2 2 2 2 2 2 2 2 2|2 2 2 2 2 2 2 2 2 2 2 2 2 2 2|2 2 2 2 2 2 2 2 2 2 2 2 2 2 2|2 2 2 2 2 2 2 2 2 2 2 2 2 2 2|2 2 2 2 2 2 2 2 2 2 2 2 2 2 2|2 2 2 2 2 2 2 2 2 2 2 2 2 2 2|2 2 2 2 2 2 2 2 2 2 2 2 2 2 2|2 2 2 2 2 2 2 2 2 2 2 2 2 2 2|2 2 2 2 2 2 2 2 2 2 2 2 2 2 2|2 2 2 2 2 2 2 2 2 2 2 2 2 2 2|2 2 2 2 2 2 2 2 2 2 2 2 2 2 2|2 2 2 2 2 2 2 2 2 2 2 2 2 2 2|2 2 2 2 2 2 2 2 2 2 2 2 2 2 2|2 2 2 2 2 2 2 2 2 2 2 2 2 2 2|2 2 2 2 2 2 2 2 2 2 2 2 2 2 2|2 2 2 2 2 2 2 2 2 2 2 2 2 2 2|2 2 2 2 2 2 2 2 2 2 2 2 2 2 2|2 2 2 2 2 2 2 2 2 2 2 2 2 2 2|2 2 2 2 2 2 2 2 2 2 2 2 2 2 2|2 2 2 2 2 2 2 2 2 2 2 2 2 2 2|2 2 2 2 2 2 2 2 2 2 2 2 2 2 2|2 2 2 2 2 2 2 2 2 2 2 2 2 2 2|2 2 2 2 2 2 2 2 2 2 2 2 2 2 2|2 2 2 2 2 2 2 2 2 2 2 2 2 2 2|2 2 2 2 2 2 2 2 2 2 2 2 2 2 2|2 2 2 2 2 2 2 2 2 2 2 2 2 2 2

第9个最优解：
Iter = 114
Nfe = 12745
Fitness = 96.98768880587068
The number of total device = 960
The number of various devices = 64 64 64 64 64 64 64 64 64 64 64 64 64 64 64
The scheme of allocation = 2 2 2 2 2 2 2 2 2 2 2 2 2 2 2|2 2 2 2 2 2 2 2 2 2 2 2 2 2 2|2 2 2 2 2 2 2 2 2 2 2 2 2 2 2|2 2 2 2 2 2 2 2 2 2 2 2 2 2 2|2 2 2 2 2 2 2 2 2 2 2 2 2 2 2|2 2 2 2 2 2 2 2 2 2 2 2 2 2 2|2 2 2 2 2 2 2 2 2 2 2 2 2 2 2|2 2 2 2 2 2 2 2 2 2 2 2 2 2 2|2 2 2 2 2 2 2 2 2 2 2 2 2 2 2|2 2 2 2 2 2 2 2 2 2 2 2 2 2 2|2 2 2 2 2 2 2 2 2 2 2 2 2 2 2|2 2 2 2 2 2 2 2 2 2 2 2 2 2 2|2 2 2 2 2 2 2 2 2 2 2 2 2 2 2|2 2 2 2 2 2 2 2 2 2 2 2 2 2 2|2 2 2 2 2 2 2 2 2 2 2 2 2 2 2|2 2 2 2 2 2 2 2 2 2 2 2 2 2 2|2 2 2 2 2 2 2 2 2 2 2 2 2 2 2|2 2 2 2 2 2 2 2 2 2 2 2 2 2 2|2 2 2 2 2 2 2 2 2 2 2 2 2 2 2|2 2 2 2 2 2 2 2 2 2 2 2 2 2 2|2 2 2 2 2 2 2 2 2 2 2 2 2 2 2|2 2 2 2 2 2 2 2 2 2 2 2 2 2 2|2 2 2 2 2 2 2 2 2 2 2 2 2 2 2|2 2 2 2 2 2 2 2 2 2 2 2 2 2 2|2 2 2 2 2 2 2 2 2 2 2 2 2 2 2|2 2 2 2 2 2 2 2 2 2 2 2 2 2 2|2 2 2 2 2 2 2 2 2 2 2 2 2 2 2|2 2 2 2 2 2 2 2 2 2 2 2 2 2 2|2 2 2 2 2 2 2 2 2 2 2 2 2 2 2|2 2 2 2 2 2 2 2 2 2 2 2 2 2 2|2 2 2 2 2 2 2 2 2 2 2 2 2 2 2|2 2 2 2 2 2 2 2 2 2 2 2 2 2 2

第10个最优解：
Iter = 71
Nfe = 7899
Fitness = 96.9913822257827
The number of total device = 960
The number of various devices = 64 64 64 64 64 64 64 64 64 64 64 64 64 64 64
The scheme of allocation = 2 2 2 2 2 2 2 2 2 2 2 2 2 2 2|2 2 2 2 2 2 2 2 2 2 2 2 2 2 2|2 2 2 2 2 2 2 2 2 2 2 2 2 2 2|2 2 2 2 2 2 2 2 2 2 2 2 2 2 2|2 2 2 2 2 2 2 2 2 2 2 2 2 2 2|2 2 2 2 2 2 2 2 2 2 2 2 2 2 2|2 2 2 2 2 2 2 2 2 2 2 2 2 2 2|2 2 2 2 2 2 2 2 2 2 2 2 2 2 2|2 2 2 2 2 2 2 2 2 2 2 2 2 2 2|2 2 2 2 2 2 2 2 2 2 2 2 2 2 2|2 2 2 2 2 2 2 2 2 2 2 2 2 2 2|2 2 2 2 2 2 2 2 2 2 2 2 2 2 2|2 2 2 2 2 2 2 2 2 2 2 2 2 2 2|2 2 2 2 2 2 2 2 2 2 2 2 2 2 2|2 2 2 2 2 2 2 2 2 2 2 2 2 2 2|2 2 2 2 2 2 2 2 2 2 2 2 2 2 2|2 2 2 2 2 2 2 2 2 2 2 2 2 2 2|2 2 2 2 2 2 2 2 2 2 2 2 2 2 2|2 2 2 2 2 2 2 2 2 2 2 2 2 2 2|2 2 2 2 2 2 2 2 2 2 2 2 2 2 2|2 2 2 2 2 2 2 2 2 2 2 2 3 2 2|2 2 2 2 2 2 2 2 2 2 2 2 2 2 2|2 2 2 2 2 2 2 2 2 2 2 2 2 2 2|2 2 2 2 2 2 2 2 2 2 2 2 2 2 2|2 2 2 2 2 2 2 2 2 2 2 2 1 2 2|2 2 2 2 2 2 2 2 2 2 2 2 2 2 2|2 2 2 2 2 2 2 2 2 2 2 2 2 2 2|2 2 2 2 2 2 2 2 2 2 2 2 2 2 2|2 2 2 2 2 2 2 2 2 2 2 2 2 2 2|2 2 2 2 2 2 2 2 2 2 2 2 2 2 2|2 2 2 2 2 2 2 2 2 2 2 2 2 2 2|2 2 2 2 2 2 2 2 2 2 2 2 2 2 2

第11个最优解：
Iter = 122
Nfe = 13445
Fitness = 96.98768880587068
The number of total device = 960
The number of various devices = 64 64 64 64 64 64 64 64 64 64 64 64 64 64 64
The scheme of allocation = 2 2 2 2 2 2 2 2 2 2 2 2 2 2 2|2 2 2 2 2 2 2 2 2 2 2 2 2 2 2|2 2 2 2 2 2 2 2 2 2 2 2 2 2 2|2 2 2 2 2 2 2 2 2 2 2 2 2 2 2|2 2 2 2 2 2 2 2 2 2 2 2 2 2 2|2 2 2 2 2 2 2 2 2 2 2 2 2 2 2|2 2 2 2 2 2 2 2 2 2 2 2 2 2 2|2 2 2 2 2 2 2 2 2 2 2 2 2 2 2|2 2 2 2 2 2 2 2 2 2 2 2 2 2 2|2 2 2 2 2 2 2 2 2 2 2 2 2 2 2|2 2 2 2 2 2 2 2 2 2 2 2 2 2 2|2 2 2 2 2 2 2 2 2 2 2 2 2 2 2|2 2 2 2 2 2 2 2 2 2 2 2 2 2 2|2 2 2 2 2 2 2 2 2 2 2 2 2 2 2|2 2 2 2 2 2 2 2 2 2 2 2 2 2 2|2 2 2 2 2 2 2 2 2 2 2 2 2 2 2|2 2 2 2 2 2 2 2 2 2 2 2 2 2 2|2 2 2 2 2 2 2 2 2 2 2 2 2 2 2|2 2 2 2 2 2 2 2 2 2 2 2 2 2 2|2 2 2 2 2 2 2 2 2 2 2 2 2 2 2|2 2 2 2 2 2 2 2 2 2 2 2 2 2 2|2 2 2 2 2 2 2 2 2 2 2 2 2 2 2|2 2 2 2 2 2 2 2 2 2 2 2 2 2 2|2 2 2 2 2 2 2 2 2 2 2 2 2 2 2|2 2 2 2 2 2 2 2 2 2 2 2 2 2 2|2 2 2 2 2 2 2 2 2 2 2 2 2 2 2|2 2 2 2 2 2 2 2 2 2 2 2 2 2 2|2 2 2 2 2 2 2 2 2 2 2 2 2 2 2|2 2 2 2 2 2 2 2 2 2 2 2 2 2 2|2 2 2 2 2 2 2 2 2 2 2 2 2 2 2|2 2 2 2 2 2 2 2 2 2 2 2 2 2 2|2 2 2 2 2 2 2 2 2 2 2 2 2 2 2

第12个最优解：
Iter = 81
Nfe = 9069
Fitness = 96.98768880587068
The number of total device = 960
The number of various devices = 64 64 64 64 64 64 64 64 64 64 64 64 64 64 64
The scheme of allocation = 2 2 2 2 2 2 2 2 2 2 2 2 2 2 2|2 2 2 2 2 2 2 2 2 2 2 2 2 2 2|2 2 2 2 2 2 2 2 2 2 2 2 2 2 2|2 2 2 2 2 2 2 2 2 2 2 2 2 2 2|2 2 2 2 2 2 2 2 2 2 2 2 2 2 2|2 2 2 2 2 2 2 2 2 2 2 2 2 2 2|2 2 2 2 2 2 2 2 2 2 2 2 2 2 2|2 2 2 2 2 2 2 2 2 2 2 2 2 2 2|2 2 2 2 2 2 2 2 2 2 2 2 2 2 2|2 2 2 2 2 2 2 2 2 2 2 2 2 2 2|2 2 2 2 2 2 2 2 2 2 2 2 2 2 2|2 2 2 2 2 2 2 2 2 2 2 2 2 2 2|2 2 2 2 2 2 2 2 2 2 2 2 2 2 2|2 2 2 2 2 2 2 2 2 2 2 2 2 2 2|2 2 2 2 2 2 2 2 2 2 2 2 2 2 2|2 2 2 2 2 2 2 2 2 2 2 2 2 2 2|2 2 2 2 2 2 2 2 2 2 2 2 2 2 2|2 2 2 2 2 2 2 2 2 2 2 2 2 2 2|2 2 2 2 2 2 2 2 2 2 2 2 2 2 2|2 2 2 2 2 2 2 2 2 2 2 2 2 2 2|2 2 2 2 2 2 2 2 2 2 2 2 2 2 2|2 2 2 2 2 2 2 2 2 2 2 2 2 2 2|2 2 2 2 2 2 2 2 2 2 2 2 2 2 2|2 2 2 2 2 2 2 2 2 2 2 2 2 2 2|2 2 2 2 2 2 2 2 2 2 2 2 2 2 2|2 2 2 2 2 2 2 2 2 2 2 2 2 2 2|2 2 2 2 2 2 2 2 2 2 2 2 2 2 2|2 2 2 2 2 2 2 2 2 2 2 2 2 2 2|2 2 2 2 2 2 2 2 2 2 2 2 2 2 2|2 2 2 2 2 2 2 2 2 2 2 2 2 2 2|2 2 2 2 2 2 2 2 2 2 2 2 2 2 2|2 2 2 2 2 2 2 2 2 2 2 2 2 2 2

第13个最优解：
Iter = 92
Nfe = 10196
Fitness = 96.98768880587068
The number of total device = 960
The number of various devices = 64 64 64 64 64 64 64 64 64 64 64 64 64 64 64
The scheme of allocation = 2 2 2 2 2 2 2 2 2 2 2 2 2 2 2|2 2 2 2 2 2 2 2 2 2 2 2 2 2 2|2 2 2 2 2 2 2 2 2 2 2 2 2 2 2|2 2 2 2 2 2 2 2 2 2 2 2 2 2 2|2 2 2 2 2 2 2 2 2 2 2 2 2 2 2|2 2 2 2 2 2 2 2 2 2 2 2 2 2 2|2 2 2 2 2 2 2 2 2 2 2 2 2 2 2|2 2 2 2 2 2 2 2 2 2 2 2 2 2 2|2 2 2 2 2 2 2 2 2 2 2 2 2 2 2|2 2 2 2 2 2 2 2 2 2 2 2 2 2 2|2 2 2 2 2 2 2 2 2 2 2 2 2 2 2|2 2 2 2 2 2 2 2 2 2 2 2 2 2 2|2 2 2 2 2 2 2 2 2 2 2 2 2 2 2|2 2 2 2 2 2 2 2 2 2 2 2 2 2 2|2 2 2 2 2 2 2 2 2 2 2 2 2 2 2|2 2 2 2 2 2 2 2 2 2 2 2 2 2 2|2 2 2 2 2 2 2 2 2 2 2 2 2 2 2|2 2 2 2 2 2 2 2 2 2 2 2 2 2 2|2 2 2 2 2 2 2 2 2 2 2 2 2 2 2|2 2 2 2 2 2 2 2 2 2 2 2 2 2 2|2 2 2 2 2 2 2 2 2 2 2 2 2 2 2|2 2 2 2 2 2 2 2 2 2 2 2 2 2 2|2 2 2 2 2 2 2 2 2 2 2 2 2 2 2|2 2 2 2 2 2 2 2 2 2 2 2 2 2 2|2 2 2 2 2 2 2 2 2 2 2 2 2 2 2|2 2 2 2 2 2 2 2 2 2 2 2 2 2 2|2 2 2 2 2 2 2 2 2 2 2 2 2 2 2|2 2 2 2 2 2 2 2 2 2 2 2 2 2 2|2 2 2 2 2 2 2 2 2 2 2 2 2 2 2|2 2 2 2 2 2 2 2 2 2 2 2 2 2 2|2 2 2 2 2 2 2 2 2 2 2 2 2 2 2|2 2 2 2 2 2 2 2 2 2 2 2 2 2 2

第14个最优解：
Iter = 83
Nfe = 9265
Fitness = 96.9913822257827
The number of total device = 960
The number of various devices = 64 64 64 64 64 64 64 64 64 64 64 64 64 64 64
The scheme of allocation = 2 2 2 2 2 2 2 2 2 2 2 2 2 2 2|2 2 2 2 2 2 2 2 2 2 2 2 2 2 2|2 2 2 2 2 2 2 2 2 2 2 2 2 2 2|2 2 2 2 2 2 2 2 2 2 2 2 2 2 2|2 2 2 2 2 2 2 2 2 2 2 2 2 2 2|2 2 2 2 2 2 2 2 2 2 2 2 2 2 2|2 2 2 2 2 2 2 2 2 2 2 2 2 2 2|2 2 2 2 2 2 2 2 2 2 2 2 2 2 2|2 2 2 2 2 2 2 2 2 2 2 2 2 2 2|2 2 2 2 2 2 2 2 2 2 2 2 2 2 2|2 2 2 2 2 2 2 2 2 2 2 2 2 2 2|2 2 2 2 2 2 2 2 2 2 2 2 2 2 2|2 2 2 2 2 2 2 2 2 2 2 2 2 2 2|2 2 2 2 2 2 2 2 2 2 2 2 2 2 2|2 2 2 2 2 2 2 2 2 2 2 2 2 2 2|2 2 2 2 2 2 2 2 2 2 2 2 2 2 2|2 2 2 2 2 2 2 2 2 2 2 2 2 2 2|2 2 2 2 2 2 2 2 2 2 2 2 2 2 2|2 2 2 2 2 2 2 2 2 2 2 2 2 2 2|2 2 2 2 2 2 2 2 2 2 2 2 2 2 2|2 2 2 2 2 2 2 2 2 2 2 2 3 2 2|2 2 2 2 2 2 2 2 2 2 2 2 2 2 2|2 2 2 2 2 2 2 2 2 2 2 2 2 2 2|2 2 2 2 2 2 2 2 2 2 2 2 2 2 2|2 2 2 2 2 2 2 2 2 2 2 2 1 2 2|2 2 2 2 2 2 2 2 2 2 2 2 2 2 2|2 2 2 2 2 2 2 2 2 2 2 2 2 2 2|2 2 2 2 2 2 2 2 2 2 2 2 2 2 2|2 2 2 2 2 2 2 2 2 2 2 2 2 2 2|2 2 2 2 2 2 2 2 2 2 2 2 2 2 2|2 2 2 2 2 2 2 2 2 2 2 2 2 2 2|2 2 2 2 2 2 2 2 2 2 2 2 2 2 2

第15个最优解：
Iter = 66
Nfe = 7357
Fitness = 96.99110915943074
The number of total device = 960
The number of various devices = 64 64 64 64 64 64 64 64 64 64 64 64 64 64 64
The scheme of allocation = 2 2 2 2 2 2 2 2 2 2 2 2 2 2 2|2 2 2 2 2 2 2 2 2 2 2 2 2 2 2|2 2 2 2 2 2 2 2 2 2 2 2 2 2 2|2 2 2 2 2 2 2 2 2 2 2 2 2 2 2|2 2 2 2 2 1 2 2 2 2 2 2 2 2 2|2 2 2 2 2 2 2 2 2 2 2 2 2 2 2|2 2 2 2 2 2 2 2 2 2 2 2 2 2 2|2 2 2 2 2 2 2 2 2 2 2 2 2 2 2|2 2 2 2 2 2 2 2 2 2 2 2 2 2 2|2 2 2 2 2 2 2 2 2 2 2 2 2 2 2|2 2 2 2 2 2 2 2 2 2 2 2 2 2 2|2 2 2 2 2 2 2 2 2 2 2 2 2 2 2|2 2 2 2 2 2 2 2 2 2 2 2 2 2 2|2 2 2 2 2 2 2 2 2 2 2 2 2 2 2|2 2 2 2 2 2 2 2 2 2 2 2 2 2 2|2 2 2 2 2 2 2 2 2 2 2 2 2 2 2|2 2 2 2 2 3 2 2 2 2 2 2 2 2 2|2 2 2 2 2 2 2 2 2 2 2 2 2 2 2|2 2 2 2 2 2 2 2 2 2 2 2 2 2 2|2 2 2 2 2 2 2 2 2 2 2 2 2 2 2|2 2 2 2 2 2 2 2 2 2 2 2 2 2 2|2 2 2 2 2 2 2 2 2 2 2 2 2 2 2|2 2 2 2 2 2 2 2 2 2 2 2 2 2 2|2 2 2 2 2 2 2 2 2 2 2 2 2 2 2|2 2 2 2 2 2 2 2 2 2 2 2 2 2 2|2 2 2 2 2 2 2 2 2 2 2 2 2 2 2|2 2 2 2 2 2 2 2 2 2 2 2 2 2 2|2 2 2 2 2 2 2 2 2 2 2 2 2 2 2|2 2 2 2 2 2 2 2 2 2 2 2 2 2 2|2 2 2 2 2 2 2 2 2 2 2 2 2 2 2|2 2 2 2 2 2 2 2 2 2 2 2 2 2 2|2 2 2 2 2 2 2 2 2 2 2 2 2 2 2

第16个最优解：
Iter = 87
Nfe = 9509
Fitness = 96.99388480625048
The number of total device = 960
The number of various devices = 64 64 64 64 64 64 64 64 64 64 64 64 64 64 64
The scheme of allocation = 2 2 2 2 2 2 2 2 2 2 2 2 2 2 2|2 2 2 2 2 2 2 2 2 2 2 2 2 2 2|2 2 2 2 2 2 2 2 2 2 2 2 2 2 2|2 2 2 2 2 2 2 2 2 2 2 2 2 2 2|2 2 2 2 2 2 2 2 2 2 2 2 2 2 2|2 2 2 2 2 2 2 2 2 2 2 2 2 2 2|2 2 2 2 2 2 2 2 2 2 2 2 2 2 2|2 2 2 2 2 2 2 2 2 2 2 2 2 2 2|2 2 2 2 2 2 2 2 2 2 2 3 2 2 2|2 2 2 2 2 2 2 2 2 2 2 2 2 2 2|2 2 2 2 2 2 2 2 2 2 2 2 2 2 2|2 2 2 2 2 2 2 2 2 2 2 2 2 2 2|2 2 2 2 2 2 2 2 2 2 2 2 2 2 2|2 2 2 2 2 2 2 2 2 2 2 2 2 2 2|2 2 2 2 2 2 2 2 2 2 2 2 2 2 2|2 2 2 2 2 2 2 2 2 2 2 2 2 2 2|2 2 2 2 2 2 2 2 2 2 2 2 2 2 2|2 2 2 2 2 2 2 2 2 2 2 2 2 2 2|2 2 2 2 2 2 2 2 2 2 2 2 2 2 2|2 2 2 2 2 2 2 2 2 2 2 2 2 2 2|2 2 2 2 2 2 2 2 2 2 2 3 2 2 2|2 2 2 2 2 2 2 2 2 2 2 2 2 2 2|2 2 2 2 2 2 2 2 2 2 2 2 2 2 2|2 2 2 2 2 2 2 2 2 2 2 2 2 2 2|2 2 2 2 2 2 2 2 2 2 2 1 2 2 2|2 2 2 2 2 2 2 2 2 2 2 1 2 2 2|2 2 2 2 2 2 2 2 2 2 2 2 2 2 2|2 2 2 2 2 2 2 2 2 2 2 2 2 2 2|2 2 2 2 2 2 2 2 2 2 2 2 2 2 2|2 2 2 2 2 2 2 2 2 2 2 2 2 2 2|2 2 2 2 2 2 2 2 2 2 2 2 2 2 2|2 2 2 2 2 2 2 2 2 2 2 2 2 2 2

第17个最优解：
Iter = 58
Nfe = 6517
Fitness = 96.98768880587068
The number of total device = 960
The number of various devices = 64 64 64 64 64 64 64 64 64 64 64 64 64 64 64
The scheme of allocation = 2 2 2 2 2 2 2 2 2 2 2 2 2 2 2|2 2 2 2 2 2 2 2 2 2 2 2 2 2 2|2 2 2 2 2 2 2 2 2 2 2 2 2 2 2|2 2 2 2 2 2 2 2 2 2 2 2 2 2 2|2 2 2 2 2 2 2 2 2 2 2 2 2 2 2|2 2 2 2 2 2 2 2 2 2 2 2 2 2 2|2 2 2 2 2 2 2 2 2 2 2 2 2 2 2|2 2 2 2 2 2 2 2 2 2 2 2 2 2 2|2 2 2 2 2 2 2 2 2 2 2 2 2 2 2|2 2 2 2 2 2 2 2 2 2 2 2 2 2 2|2 2 2 2 2 2 2 2 2 2 2 2 2 2 2|2 2 2 2 2 2 2 2 2 2 2 2 2 2 2|2 2 2 2 2 2 2 2 2 2 2 2 2 2 2|2 2 2 2 2 2 2 2 2 2 2 2 2 2 2|2 2 2 2 2 2 2 2 2 2 2 2 2 2 2|2 2 2 2 2 2 2 2 2 2 2 2 2 2 2|2 2 2 2 2 2 2 2 2 2 2 2 2 2 2|2 2 2 2 2 2 2 2 2 2 2 2 2 2 2|2 2 2 2 2 2 2 2 2 2 2 2 2 2 2|2 2 2 2 2 2 2 2 2 2 2 2 2 2 2|2 2 2 2 2 2 2 2 2 2 2 2 2 2 2|2 2 2 2 2 2 2 2 2 2 2 2 2 2 2|2 2 2 2 2 2 2 2 2 2 2 2 2 2 2|2 2 2 2 2 2 2 2 2 2 2 2 2 2 2|2 2 2 2 2 2 2 2 2 2 2 2 2 2 2|2 2 2 2 2 2 2 2 2 2 2 2 2 2 2|2 2 2 2 2 2 2 2 2 2 2 2 2 2 2|2 2 2 2 2 2 2 2 2 2 2 2 2 2 2|2 2 2 2 2 2 2 2 2 2 2 2 2 2 2|2 2 2 2 2 2 2 2 2 2 2 2 2 2 2|2 2 2 2 2 2 2 2 2 2 2 2 2 2 2|2 2 2 2 2 2 2 2 2 2 2 2 2 2 2

第18个最优解：
Iter = 75
Nfe = 8393
Fitness = 96.98768880587068
The number of total device = 960
The number of various devices = 64 64 64 64 64 64 64 64 64 64 64 64 64 64 64
The scheme of allocation = 2 2 2 2 2 2 2 2 2 2 2 2 2 2 2|2 2 2 2 2 2 2 2 2 2 2 2 2 2 2|2 2 2 2 2 2 2 2 2 2 2 2 2 2 2|2 2 2 2 2 2 2 2 2 2 2 2 2 2 2|2 2 2 2 2 2 2 2 2 2 2 2 2 2 2|2 2 2 2 2 2 2 2 2 2 2 2 2 2 2|2 2 2 2 2 2 2 2 2 2 2 2 2 2 2|2 2 2 2 2 2 2 2 2 2 2 2 2 2 2|2 2 2 2 2 2 2 2 2 2 2 2 2 2 2|2 2 2 2 2 2 2 2 2 2 2 2 2 2 2|2 2 2 2 2 2 2 2 2 2 2 2 2 2 2|2 2 2 2 2 2 2 2 2 2 2 2 2 2 2|2 2 2 2 2 2 2 2 2 2 2 2 2 2 2|2 2 2 2 2 2 2 2 2 2 2 2 2 2 2|2 2 2 2 2 2 2 2 2 2 2 2 2 2 2|2 2 2 2 2 2 2 2 2 2 2 2 2 2 2|2 2 2 2 2 2 2 2 2 2 2 2 2 2 2|2 2 2 2 2 2 2 2 2 2 2 2 2 2 2|2 2 2 2 2 2 2 2 2 2 2 2 2 2 2|2 2 2 2 2 2 2 2 2 2 2 2 2 2 2|2 2 2 2 2 2 2 2 2 2 2 2 2 2 2|2 2 2 2 2 2 2 2 2 2 2 2 2 2 2|2 2 2 2 2 2 2 2 2 2 2 2 2 2 2|2 2 2 2 2 2 2 2 2 2 2 2 2 2 2|2 2 2 2 2 2 2 2 2 2 2 2 2 2 2|2 2 2 2 2 2 2 2 2 2 2 2 2 2 2|2 2 2 2 2 2 2 2 2 2 2 2 2 2 2|2 2 2 2 2 2 2 2 2 2 2 2 2 2 2|2 2 2 2 2 2 2 2 2 2 2 2 2 2 2|2 2 2 2 2 2 2 2 2 2 2 2 2 2 2|2 2 2 2 2 2 2 2 2 2 2 2 2 2 2|2 2 2 2 2 2 2 2 2 2 2 2 2 2 2

第19个最优解：
Iter = 92
Nfe = 10103
Fitness = 96.98768880587068
The number of total device = 960
The number of various devices = 64 64 64 64 64 64 64 64 64 64 64 64 64 64 64
The scheme of allocation = 2 2 2 2 2 2 2 2 2 2 2 2 2 2 2|2 2 2 2 2 2 2 2 2 2 2 2 2 2 2|2 2 2 2 2 2 2 2 2 2 2 2 2 2 2|2 2 2 2 2 2 2 2 2 2 2 2 2 2 2|2 2 2 2 2 2 2 2 2 2 2 2 2 2 2|2 2 2 2 2 2 2 2 2 2 2 2 2 2 2|2 2 2 2 2 2 2 2 2 2 2 2 2 2 2|2 2 2 2 2 2 2 2 2 2 2 2 2 2 2|2 2 2 2 2 2 2 2 2 2 2 2 2 2 2|2 2 2 2 2 2 2 2 2 2 2 2 2 2 2|2 2 2 2 2 2 2 2 2 2 2 2 2 2 2|2 2 2 2 2 2 2 2 2 2 2 2 2 2 2|2 2 2 2 2 2 2 2 2 2 2 2 2 2 2|2 2 2 2 2 2 2 2 2 2 2 2 2 2 2|2 2 2 2 2 2 2 2 2 2 2 2 2 2 2|2 2 2 2 2 2 2 2 2 2 2 2 2 2 2|2 2 2 2 2 2 2 2 2 2 2 2 2 2 2|2 2 2 2 2 2 2 2 2 2 2 2 2 2 2|2 2 2 2 2 2 2 2 2 2 2 2 2 2 2|2 2 2 2 2 2 2 2 2 2 2 2 2 2 2|2 2 2 2 2 2 2 2 2 2 2 2 2 2 2|2 2 2 2 2 2 2 2 2 2 2 2 2 2 2|2 2 2 2 2 2 2 2 2 2 2 2 2 2 2|2 2 2 2 2 2 2 2 2 2 2 2 2 2 2|2 2 2 2 2 2 2 2 2 2 2 2 2 2 2|2 2 2 2 2 2 2 2 2 2 2 2 2 2 2|2 2 2 2 2 2 2 2 2 2 2 2 2 2 2|2 2 2 2 2 2 2 2 2 2 2 2 2 2 2|2 2 2 2 2 2 2 2 2 2 2 2 2 2 2|2 2 2 2 2 2 2 2 2 2 2 2 2 2 2|2 2 2 2 2 2 2 2 2 2 2 2 2 2 2|2 2 2 2 2 2 2 2 2 2 2 2 2 2 2

第20个最优解：
Iter = 59
Nfe = 6573
Fitness = 96.98768880587068
The number of total device = 960
The number of various devices = 64 64 64 64 64 64 64 64 64 64 64 64 64 64 64
The scheme of allocation = 2 2 2 2 2 2 2 2 2 2 2 2 2 2 2|2 2 2 2 2 2 2 2 2 2 2 2 2 2 2|2 2 2 2 2 2 2 2 2 2 2 2 2 2 2|2 2 2 2 2 2 2 2 2 2 2 2 2 2 2|2 2 2 2 2 2 2 2 2 2 2 2 2 2 2|2 2 2 2 2 2 2 2 2 2 2 2 2 2 2|2 2 2 2 2 2 2 2 2 2 2 2 2 2 2|2 2 2 2 2 2 2 2 2 2 2 2 2 2 2|2 2 2 2 2 2 2 2 2 2 2 2 2 2 2|2 2 2 2 2 2 2 2 2 2 2 2 2 2 2|2 2 2 2 2 2 2 2 2 2 2 2 2 2 2|2 2 2 2 2 2 2 2 2 2 2 2 2 2 2|2 2 2 2 2 2 2 2 2 2 2 2 2 2 2|2 2 2 2 2 2 2 2 2 2 2 2 2 2 2|2 2 2 2 2 2 2 2 2 2 2 2 2 2 2|2 2 2 2 2 2 2 2 2 2 2 2 2 2 2|2 2 2 2 2 2 2 2 2 2 2 2 2 2 2|2 2 2 2 2 2 2 2 2 2 2 2 2 2 2|2 2 2 2 2 2 2 2 2 2 2 2 2 2 2|2 2 2 2 2 2 2 2 2 2 2 2 2 2 2|2 2 2 2 2 2 2 2 2 2 2 2 2 2 2|2 2 2 2 2 2 2 2 2 2 2 2 2 2 2|2 2 2 2 2 2 2 2 2 2 2 2 2 2 2|2 2 2 2 2 2 2 2 2 2 2 2 2 2 2|2 2 2 2 2 2 2 2 2 2 2 2 2 2 2|2 2 2 2 2 2 2 2 2 2 2 2 2 2 2|2 2 2 2 2 2 2 2 2 2 2 2 2 2 2|2 2 2 2 2 2 2 2 2 2 2 2 2 2 2|2 2 2 2 2 2 2 2 2 2 2 2 2 2 2|2 2 2 2 2 2 2 2 2 2 2 2 2 2 2|2 2 2 2 2 2 2 2 2 2 2 2 2 2 2|2 2 2 2 2 2 2 2 2 2 2 2 2 2 2

第21个最优解：
Iter = 40
Nfe = 4491
Fitness = 96.98768880587068
The number of total device = 960
The number of various devices = 64 64 64 64 64 64 64 64 64 64 64 64 64 64 64
The scheme of allocation = 2 2 2 2 2 2 2 2 2 2 2 2 2 2 2|2 2 2 2 2 2 2 2 2 2 2 2 2 2 2|2 2 2 2 2 2 2 2 2 2 2 2 2 2 2|2 2 2 2 2 2 2 2 2 2 2 2 2 2 2|2 2 2 2 2 2 2 2 2 2 2 2 2 2 2|2 2 2 2 2 2 2 2 2 2 2 2 2 2 2|2 2 2 2 2 2 2 2 2 2 2 2 2 2 2|2 2 2 2 2 2 2 2 2 2 2 2 2 2 2|2 2 2 2 2 2 2 2 2 2 2 2 2 2 2|2 2 2 2 2 2 2 2 2 2 2 2 2 2 2|2 2 2 2 2 2 2 2 2 2 2 2 2 2 2|2 2 2 2 2 2 2 2 2 2 2 2 2 2 2|2 2 2 2 2 2 2 2 2 2 2 2 2 2 2|2 2 2 2 2 2 2 2 2 2 2 2 2 2 2|2 2 2 2 2 2 2 2 2 2 2 2 2 2 2|2 2 2 2 2 2 2 2 2 2 2 2 2 2 2|2 2 2 2 2 2 2 2 2 2 2 2 2 2 2|2 2 2 2 2 2 2 2 2 2 2 2 2 2 2|2 2 2 2 2 2 2 2 2 2 2 2 2 2 2|2 2 2 2 2 2 2 2 2 2 2 2 2 2 2|2 2 2 2 2 2 2 2 2 2 2 2 2 2 2|2 2 2 2 2 2 2 2 2 2 2 2 2 2 2|2 2 2 2 2 2 2 2 2 2 2 2 2 2 2|2 2 2 2 2 2 2 2 2 2 2 2 2 2 2|2 2 2 2 2 2 2 2 2 2 2 2 2 2 2|2 2 2 2 2 2 2 2 2 2 2 2 2 2 2|2 2 2 2 2 2 2 2 2 2 2 2 2 2 2|2 2 2 2 2 2 2 2 2 2 2 2 2 2 2|2 2 2 2 2 2 2 2 2 2 2 2 2 2 2|2 2 2 2 2 2 2 2 2 2 2 2 2 2 2|2 2 2 2 2 2 2 2 2 2 2 2 2 2 2|2 2 2 2 2 2 2 2 2 2 2 2 2 2 2

第22个最优解：
Iter = 63
Nfe = 6932
Fitness = 96.98768880587068
The number of total device = 960
The number of various devices = 64 64 64 64 64 64 64 64 64 64 64 64 64 64 64
The scheme of allocation = 2 2 2 2 2 2 2 2 2 2 2 2 2 2 2|2 2 2 2 2 2 2 2 2 2 2 2 2 2 2|2 2 2 2 2 2 2 2 2 2 2 2 2 2 2|2 2 2 2 2 2 2 2 2 2 2 2 2 2 2|2 2 2 2 2 2 2 2 2 2 2 2 2 2 2|2 2 2 2 2 2 2 2 2 2 2 2 2 2 2|2 2 2 2 2 2 2 2 2 2 2 2 2 2 2|2 2 2 2 2 2 2 2 2 2 2 2 2 2 2|2 2 2 2 2 2 2 2 2 2 2 2 2 2 2|2 2 2 2 2 2 2 2 2 2 2 2 2 2 2|2 2 2 2 2 2 2 2 2 2 2 2 2 2 2|2 2 2 2 2 2 2 2 2 2 2 2 2 2 2|2 2 2 2 2 2 2 2 2 2 2 2 2 2 2|2 2 2 2 2 2 2 2 2 2 2 2 2 2 2|2 2 2 2 2 2 2 2 2 2 2 2 2 2 2|2 2 2 2 2 2 2 2 2 2 2 2 2 2 2|2 2 2 2 2 2 2 2 2 2 2 2 2 2 2|2 2 2 2 2 2 2 2 2 2 2 2 2 2 2|2 2 2 2 2 2 2 2 2 2 2 2 2 2 2|2 2 2 2 2 2 2 2 2 2 2 2 2 2 2|2 2 2 2 2 2 2 2 2 2 2 2 2 2 2|2 2 2 2 2 2 2 2 2 2 2 2 2 2 2|2 2 2 2 2 2 2 2 2 2 2 2 2 2 2|2 2 2 2 2 2 2 2 2 2 2 2 2 2 2|2 2 2 2 2 2 2 2 2 2 2 2 2 2 2|2 2 2 2 2 2 2 2 2 2 2 2 2 2 2|2 2 2 2 2 2 2 2 2 2 2 2 2 2 2|2 2 2 2 2 2 2 2 2 2 2 2 2 2 2|2 2 2 2 2 2 2 2 2 2 2 2 2 2 2|2 2 2 2 2 2 2 2 2 2 2 2 2 2 2|2 2 2 2 2 2 2 2 2 2 2 2 2 2 2|2 2 2 2 2 2 2 2 2 2 2 2 2 2 2

第23个最优解：
Iter = 88
Nfe = 9781
Fitness = 96.98768880587068
The number of total device = 960
The number of various devices = 64 64 64 64 64 64 64 64 64 64 64 64 64 64 64
The scheme of allocation = 2 2 2 2 2 2 2 2 2 2 2 2 2 2 2|2 2 2 2 2 2 2 2 2 2 2 2 2 2 2|2 2 2 2 2 2 2 2 2 2 2 2 2 2 2|2 2 2 2 2 2 2 2 2 2 2 2 2 2 2|2 2 2 2 2 2 2 2 2 2 2 2 2 2 2|2 2 2 2 2 2 2 2 2 2 2 2 2 2 2|2 2 2 2 2 2 2 2 2 2 2 2 2 2 2|2 2 2 2 2 2 2 2 2 2 2 2 2 2 2|2 2 2 2 2 2 2 2 2 2 2 2 2 2 2|2 2 2 2 2 2 2 2 2 2 2 2 2 2 2|2 2 2 2 2 2 2 2 2 2 2 2 2 2 2|2 2 2 2 2 2 2 2 2 2 2 2 2 2 2|2 2 2 2 2 2 2 2 2 2 2 2 2 2 2|2 2 2 2 2 2 2 2 2 2 2 2 2 2 2|2 2 2 2 2 2 2 2 2 2 2 2 2 2 2|2 2 2 2 2 2 2 2 2 2 2 2 2 2 2|2 2 2 2 2 2 2 2 2 2 2 2 2 2 2|2 2 2 2 2 2 2 2 2 2 2 2 2 2 2|2 2 2 2 2 2 2 2 2 2 2 2 2 2 2|2 2 2 2 2 2 2 2 2 2 2 2 2 2 2|2 2 2 2 2 2 2 2 2 2 2 2 2 2 2|2 2 2 2 2 2 2 2 2 2 2 2 2 2 2|2 2 2 2 2 2 2 2 2 2 2 2 2 2 2|2 2 2 2 2 2 2 2 2 2 2 2 2 2 2|2 2 2 2 2 2 2 2 2 2 2 2 2 2 2|2 2 2 2 2 2 2 2 2 2 2 2 2 2 2|2 2 2 2 2 2 2 2 2 2 2 2 2 2 2|2 2 2 2 2 2 2 2 2 2 2 2 2 2 2|2 2 2 2 2 2 2 2 2 2 2 2 2 2 2|2 2 2 2 2 2 2 2 2 2 2 2 2 2 2|2 2 2 2 2 2 2 2 2 2 2 2 2 2 2|2 2 2 2 2 2 2 2 2 2 2 2 2 2 2

第24个最优解：
Iter = 78
Nfe = 8829
Fitness = 96.99388480625048
The number of total device = 960
The number of various devices = 64 64 64 64 64 64 64 64 64 64 64 64 64 64 64
The scheme of allocation = 2 2 2 2 2 2 2 2 2 2 2 2 2 2 2|2 2 2 2 2 2 2 2 2 2 2 2 2 2 2|2 2 2 2 2 2 2 2 2 2 2 2 2 2 2|2 2 2 2 2 2 2 2 2 2 2 2 2 2 2|2 2 2 2 2 2 2 2 2 2 2 2 2 2 2|2 2 2 2 2 2 2 2 2 2 2 2 2 2 2|2 2 2 2 2 2 2 2 2 2 2 2 2 2 2|2 2 2 2 2 2 2 2 2 2 2 2 2 2 2|2 2 2 2 2 2 2 2 2 2 2 3 2 2 2|2 2 2 2 2 2 2 2 2 2 2 2 2 2 2|2 2 2 2 2 2 2 2 2 2 2 2 2 2 2|2 2 2 2 2 2 2 2 2 2 2 2 2 2 2|2 2 2 2 2 2 2 2 2 2 2 2 2 2 2|2 2 2 2 2 2 2 2 2 2 2 2 2 2 2|2 2 2 2 2 2 2 2 2 2 2 2 2 2 2|2 2 2 2 2 2 2 2 2 2 2 2 2 2 2|2 2 2 2 2 2 2 2 2 2 2 2 2 2 2|2 2 2 2 2 2 2 2 2 2 2 2 2 2 2|2 2 2 2 2 2 2 2 2 2 2 2 2 2 2|2 2 2 2 2 2 2 2 2 2 2 2 2 2 2|2 2 2 2 2 2 2 2 2 2 2 3 2 2 2|2 2 2 2 2 2 2 2 2 2 2 2 2 2 2|2 2 2 2 2 2 2 2 2 2 2 2 2 2 2|2 2 2 2 2 2 2 2 2 2 2 2 2 2 2|2 2 2 2 2 2 2 2 2 2 2 1 2 2 2|2 2 2 2 2 2 2 2 2 2 2 1 2 2 2|2 2 2 2 2 2 2 2 2 2 2 2 2 2 2|2 2 2 2 2 2 2 2 2 2 2 2 2 2 2|2 2 2 2 2 2 2 2 2 2 2 2 2 2 2|2 2 2 2 2 2 2 2 2 2 2 2 2 2 2|2 2 2 2 2 2 2 2 2 2 2 2 2 2 2|2 2 2 2 2 2 2 2 2 2 2 2 2 2 2

第25个最优解：
Iter = 61
Nfe = 6687
Fitness = 96.98922916194459
The number of total device = 960
The number of various devices = 64 64 64 64 64 64 64 64 64 64 64 64 64 64 64
The scheme of allocation = 2 2 2 2 2 2 2 2 2 2 2 2 2 2 2|2 2 2 2 2 2 2 2 2 2 2 2 2 2 2|2 2 2 2 2 2 2 2 2 2 2 2 2 2 2|2 2 2 2 2 2 2 2 2 2 2 2 2 2 2|2 2 2 2 2 2 2 2 2 2 2 2 2 2 2|2 2 2 2 2 2 2 2 2 2 2 2 2 2 2|2 2 2 2 2 2 2 2 2 2 2 2 2 2 2|2 2 2 2 2 2 2 2 2 2 2 2 2 2 2|2 2 2 2 2 2 2 2 2 2 2 2 2 2 2|2 2 2 2 2 2 2 2 2 2 2 2 2 2 2|2 2 2 2 2 2 2 2 2 2 2 2 2 2 2|2 2 2 2 2 2 2 2 2 2 2 2 2 2 2|2 2 2 2 2 2 2 2 2 2 2 2 2 2 2|2 2 2 2 2 2 2 2 2 2 2 2 2 2 2|2 2 2 2 2 2 2 2 2 2 2 2 2 2 2|2 2 2 2 2 2 2 2 2 2 2 2 2 2 2|2 2 2 2 2 2 2 2 2 2 2 2 2 2 2|2 2 2 2 2 2 2 2 2 2 2 2 2 2 2|2 2 2 2 2 2 2 2 2 2 2 2 2 2 2|2 2 2 2 2 2 2 2 2 2 2 2 2 2 2|2 2 2 2 2 2 3 2 2 2 2 2 2 2 2|2 2 2 2 2 2 2 2 2 2 2 2 2 2 2|2 2 2 2 2 2 2 2 2 2 2 2 2 2 2|2 2 2 2 2 2 2 2 2 2 2 2 2 2 2|2 2 2 2 2 2 1 2 2 2 2 2 2 2 2|2 2 2 2 2 2 2 2 2 2 2 2 2 2 2|2 2 2 2 2 2 2 2 2 2 2 2 2 2 2|2 2 2 2 2 2 2 2 2 2 2 2 2 2 2|2 2 2 2 2 2 2 2 2 2 2 2 2 2 2|2 2 2 2 2 2 2 2 2 2 2 2 2 2 2|2 2 2 2 2 2 2 2 2 2 2 2 2 2 2|2 2 2 2 2 2 2 2 2 2 2 2 2 2 2

第26个最优解：
Iter = 52
Nfe = 5849
Fitness = 96.98768880587068
The number of total device = 960
The number of various devices = 64 64 64 64 64 64 64 64 64 64 64 64 64 64 64
The scheme of allocation = 2 2 2 2 2 2 2 2 2 2 2 2 2 2 2|2 2 2 2 2 2 2 2 2 2 2 2 2 2 2|2 2 2 2 2 2 2 2 2 2 2 2 2 2 2|2 2 2 2 2 2 2 2 2 2 2 2 2 2 2|2 2 2 2 2 2 2 2 2 2 2 2 2 2 2|2 2 2 2 2 2 2 2 2 2 2 2 2 2 2|2 2 2 2 2 2 2 2 2 2 2 2 2 2 2|2 2 2 2 2 2 2 2 2 2 2 2 2 2 2|2 2 2 2 2 2 2 2 2 2 2 2 2 2 2|2 2 2 2 2 2 2 2 2 2 2 2 2 2 2|2 2 2 2 2 2 2 2 2 2 2 2 2 2 2|2 2 2 2 2 2 2 2 2 2 2 2 2 2 2|2 2 2 2 2 2 2 2 2 2 2 2 2 2 2|2 2 2 2 2 2 2 2 2 2 2 2 2 2 2|2 2 2 2 2 2 2 2 2 2 2 2 2 2 2|2 2 2 2 2 2 2 2 2 2 2 2 2 2 2|2 2 2 2 2 2 2 2 2 2 2 2 2 2 2|2 2 2 2 2 2 2 2 2 2 2 2 2 2 2|2 2 2 2 2 2 2 2 2 2 2 2 2 2 2|2 2 2 2 2 2 2 2 2 2 2 2 2 2 2|2 2 2 2 2 2 2 2 2 2 2 2 2 2 2|2 2 2 2 2 2 2 2 2 2 2 2 2 2 2|2 2 2 2 2 2 2 2 2 2 2 2 2 2 2|2 2 2 2 2 2 2 2 2 2 2 2 2 2 2|2 2 2 2 2 2 2 2 2 2 2 2 2 2 2|2 2 2 2 2 2 2 2 2 2 2 2 2 2 2|2 2 2 2 2 2 2 2 2 2 2 2 2 2 2|2 2 2 2 2 2 2 2 2 2 2 2 2 2 2|2 2 2 2 2 2 2 2 2 2 2 2 2 2 2|2 2 2 2 2 2 2 2 2 2 2 2 2 2 2|2 2 2 2 2 2 2 2 2 2 2 2 2 2 2|2 2 2 2 2 2 2 2 2 2 2 2 2 2 2

第27个最优解：
Iter = 68
Nfe = 7540
Fitness = 96.98768880587068
The number of total device = 960
The number of various devices = 64 64 64 64 64 64 64 64 64 64 64 64 64 64 64
The scheme of allocation = 2 2 2 2 2 2 2 2 2 2 2 2 2 2 2|2 2 2 2 2 2 2 2 2 2 2 2 2 2 2|2 2 2 2 2 2 2 2 2 2 2 2 2 2 2|2 2 2 2 2 2 2 2 2 2 2 2 2 2 2|2 2 2 2 2 2 2 2 2 2 2 2 2 2 2|2 2 2 2 2 2 2 2 2 2 2 2 2 2 2|2 2 2 2 2 2 2 2 2 2 2 2 2 2 2|2 2 2 2 2 2 2 2 2 2 2 2 2 2 2|2 2 2 2 2 2 2 2 2 2 2 2 2 2 2|2 2 2 2 2 2 2 2 2 2 2 2 2 2 2|2 2 2 2 2 2 2 2 2 2 2 2 2 2 2|2 2 2 2 2 2 2 2 2 2 2 2 2 2 2|2 2 2 2 2 2 2 2 2 2 2 2 2 2 2|2 2 2 2 2 2 2 2 2 2 2 2 2 2 2|2 2 2 2 2 2 2 2 2 2 2 2 2 2 2|2 2 2 2 2 2 2 2 2 2 2 2 2 2 2|2 2 2 2 2 2 2 2 2 2 2 2 2 2 2|2 2 2 2 2 2 2 2 2 2 2 2 2 2 2|2 2 2 2 2 2 2 2 2 2 2 2 2 2 2|2 2 2 2 2 2 2 2 2 2 2 2 2 2 2|2 2 2 2 2 2 2 2 2 2 2 2 2 2 2|2 2 2 2 2 2 2 2 2 2 2 2 2 2 2|2 2 2 2 2 2 2 2 2 2 2 2 2 2 2|2 2 2 2 2 2 2 2 2 2 2 2 2 2 2|2 2 2 2 2 2 2 2 2 2 2 2 2 2 2|2 2 2 2 2 2 2 2 2 2 2 2 2 2 2|2 2 2 2 2 2 2 2 2 2 2 2 2 2 2|2 2 2 2 2 2 2 2 2 2 2 2 2 2 2|2 2 2 2 2 2 2 2 2 2 2 2 2 2 2|2 2 2 2 2 2 2 2 2 2 2 2 2 2 2|2 2 2 2 2 2 2 2 2 2 2 2 2 2 2|2 2 2 2 2 2 2 2 2 2 2 2 2 2 2

第28个最优解：
Iter = 72
Nfe = 8153
Fitness = 96.98792279024049
The number of total device = 960
The number of various devices = 64 64 64 64 64 64 64 64 64 64 64 64 64 64 64
The scheme of allocation = 2 2 2 2 2 2 2 2 2 2 2 2 2 2 2|2 2 2 2 2 2 2 2 2 2 2 2 2 2 2|2 2 2 2 2 2 2 2 2 2 2 2 2 2 2|2 2 2 2 2 2 2 2 2 2 2 2 2 2 2|2 2 2 2 2 2 2 2 2 2 2 2 2 2 2|2 2 2 2 2 2 2 2 2 2 2 2 2 2 2|2 2 2 2 2 2 2 2 2 2 2 2 2 2 2|2 2 2 2 2 2 2 2 2 2 2 2 2 2 2|2 2 2 2 2 2 2 2 2 2 2 2 2 2 2|2 2 2 2 2 2 2 2 2 2 2 2 2 2 2|2 2 2 2 2 2 2 2 2 2 2 2 2 2 2|2 2 2 2 2 2 2 2 2 2 2 2 2 2 2|2 2 2 2 2 2 2 2 2 2 2 2 2 2 2|2 2 2 2 2 2 2 2 2 2 2 2 2 2 2|2 2 2 2 2 2 2 2 2 2 2 2 2 2 2|2 2 2 2 2 2 2 2 2 2 2 2 2 2 2|2 2 2 2 2 2 2 2 2 2 2 2 2 2 2|2 2 2 2 2 2 2 2 2 2 2 2 2 2 2|2 2 2 2 2 2 2 2 2 2 2 2 2 2 2|2 2 2 2 2 2 2 2 2 2 2 2 2 2 2|2 2 2 2 2 2 3 2 2 2 2 2 2 2 2|2 2 2 2 2 2 2 2 2 2 2 2 2 2 2|2 2 2 2 2 2 2 2 2 2 2 2 2 2 2|2 2 2 2 2 2 2 2 2 2 2 2 2 2 2|2 2 2 2 2 2 2 2 2 2 2 2 2 2 2|2 2 2 2 2 2 1 2 2 2 2 2 2 2 2|2 2 2 2 2 2 2 2 2 2 2 2 2 2 2|2 2 2 2 2 2 2 2 2 2 2 2 2 2 2|2 2 2 2 2 2 2 2 2 2 2 2 2 2 2|2 2 2 2 2 2 2 2 2 2 2 2 2 2 2|2 2 2 2 2 2 2 2 2 2 2 2 2 2 2|2 2 2 2 2 2 2 2 2 2 2 2 2 2 2

第29个最优解：
Iter = 80
Nfe = 8935
Fitness = 96.99388480625048
The number of total device = 960
The number of various devices = 64 64 64 64 64 64 64 64 64 64 64 64 64 64 64
The scheme of allocation = 2 2 2 2 2 2 2 2 2 2 2 2 2 2 2|2 2 2 2 2 2 2 2 2 2 2 2 2 2 2|2 2 2 2 2 2 2 2 2 2 2 2 2 2 2|2 2 2 2 2 2 2 2 2 2 2 2 2 2 2|2 2 2 2 2 2 2 2 2 2 2 2 2 2 2|2 2 2 2 2 2 2 2 2 2 2 2 2 2 2|2 2 2 2 2 2 2 2 2 2 2 2 2 2 2|2 2 2 2 2 2 2 2 2 2 2 2 2 2 2|2 2 2 2 2 2 2 2 2 2 2 3 2 2 2|2 2 2 2 2 2 2 2 2 2 2 2 2 2 2|2 2 2 2 2 2 2 2 2 2 2 2 2 2 2|2 2 2 2 2 2 2 2 2 2 2 2 2 2 2|2 2 2 2 2 2 2 2 2 2 2 2 2 2 2|2 2 2 2 2 2 2 2 2 2 2 2 2 2 2|2 2 2 2 2 2 2 2 2 2 2 2 2 2 2|2 2 2 2 2 2 2 2 2 2 2 2 2 2 2|2 2 2 2 2 2 2 2 2 2 2 2 2 2 2|2 2 2 2 2 2 2 2 2 2 2 2 2 2 2|2 2 2 2 2 2 2 2 2 2 2 2 2 2 2|2 2 2 2 2 2 2 2 2 2 2 2 2 2 2|2 2 2 2 2 2 2 2 2 2 2 3 2 2 2|2 2 2 2 2 2 2 2 2 2 2 2 2 2 2|2 2 2 2 2 2 2 2 2 2 2 2 2 2 2|2 2 2 2 2 2 2 2 2 2 2 2 2 2 2|2 2 2 2 2 2 2 2 2 2 2 1 2 2 2|2 2 2 2 2 2 2 2 2 2 2 1 2 2 2|2 2 2 2 2 2 2 2 2 2 2 2 2 2 2|2 2 2 2 2 2 2 2 2 2 2 2 2 2 2|2 2 2 2 2 2 2 2 2 2 2 2 2 2 2|2 2 2 2 2 2 2 2 2 2 2 2 2 2 2|2 2 2 2 2 2 2 2 2 2 2 2 2 2 2|2 2 2 2 2 2 2 2 2 2 2 2 2 2 2

第30个最优解：
Iter = 81
Nfe = 8973
Fitness = 96.98768880587068
The number of total device = 960
The number of various devices = 64 64 64 64 64 64 64 64 64 64 64 64 64 64 64
The scheme of allocation = 2 2 2 2 2 2 2 2 2 2 2 2 2 2 2|2 2 2 2 2 2 2 2 2 2 2 2 2 2 2|2 2 2 2 2 2 2 2 2 2 2 2 2 2 2|2 2 2 2 2 2 2 2 2 2 2 2 2 2 2|2 2 2 2 2 2 2 2 2 2 2 2 2 2 2|2 2 2 2 2 2 2 2 2 2 2 2 2 2 2|2 2 2 2 2 2 2 2 2 2 2 2 2 2 2|2 2 2 2 2 2 2 2 2 2 2 2 2 2 2|2 2 2 2 2 2 2 2 2 2 2 2 2 2 2|2 2 2 2 2 2 2 2 2 2 2 2 2 2 2|2 2 2 2 2 2 2 2 2 2 2 2 2 2 2|2 2 2 2 2 2 2 2 2 2 2 2 2 2 2|2 2 2 2 2 2 2 2 2 2 2 2 2 2 2|2 2 2 2 2 2 2 2 2 2 2 2 2 2 2|2 2 2 2 2 2 2 2 2 2 2 2 2 2 2|2 2 2 2 2 2 2 2 2 2 2 2 2 2 2|2 2 2 2 2 2 2 2 2 2 2 2 2 2 2|2 2 2 2 2 2 2 2 2 2 2 2 2 2 2|2 2 2 2 2 2 2 2 2 2 2 2 2 2 2|2 2 2 2 2 2 2 2 2 2 2 2 2 2 2|2 2 2 2 2 2 2 2 2 2 2 2 2 2 2|2 2 2 2 2 2 2 2 2 2 2 2 2 2 2|2 2 2 2 2 2 2 2 2 2 2 2 2 2 2|2 2 2 2 2 2 2 2 2 2 2 2 2 2 2|2 2 2 2 2 2 2 2 2 2 2 2 2 2 2|2 2 2 2 2 2 2 2 2 2 2 2 2 2 2|2 2 2 2 2 2 2 2 2 2 2 2 2 2 2|2 2 2 2 2 2 2 2 2 2 2 2 2 2 2|2 2 2 2 2 2 2 2 2 2 2 2 2 2 2|2 2 2 2 2 2 2 2 2 2 2 2 2 2 2|2 2 2 2 2 2 2 2 2 2 2 2 2 2 2|2 2 2 2 2 2 2 2 2 2 2 2 2 2 2

第31个最优解：
Iter = 92
Nfe = 10197
Fitness = 96.98882025145743
The number of total device = 960
The number of various devices = 64 64 64 64 64 64 64 64 64 64 64 64 64 64 64
The scheme of allocation = 2 2 2 2 2 2 2 2 2 2 2 2 2 2 2|2 2 2 2 2 2 2 2 2 2 2 2 2 2 2|2 2 2 2 2 2 2 2 2 2 2 2 2 2 2|2 2 2 2 2 2 2 2 2 2 2 2 2 2 2|2 2 2 2 2 2 2 2 2 2 2 2 2 2 2|2 2 2 2 2 2 2 2 2 2 2 2 2 2 2|2 2 2 2 2 2 2 2 2 2 2 2 2 2 2|2 2 2 2 2 2 2 2 2 2 2 2 2 2 2|2 2 2 2 2 2 2 2 2 2 2 2 2 2 2|2 2 2 2 2 2 2 2 2 2 2 2 2 2 2|2 2 2 2 2 2 2 2 2 2 2 2 2 2 2|2 2 2 2 2 2 2 2 2 2 2 2 2 2 2|2 2 2 2 2 2 2 2 2 2 2 2 2 2 2|2 2 2 2 2 2 2 2 2 2 2 2 2 2 2|2 2 2 2 2 2 2 2 2 2 2 2 2 2 2|2 2 2 2 2 2 2 2 2 2 2 2 2 2 2|2 2 2 2 2 2 2 2 2 2 2 2 2 2 2|2 2 2 2 2 2 2 2 2 2 2 2 2 2 2|2 2 2 2 2 2 2 2 2 2 2 2 2 2 2|2 2 2 2 2 2 2 2 2 2 2 2 2 2 2|2 2 2 2 2 2 3 2 2 2 2 2 2 2 2|2 2 2 2 2 2 2 2 2 2 2 2 2 2 2|2 2 2 2 2 2 2 2 2 2 2 2 2 2 2|2 2 2 2 2 2 2 2 2 2 2 2 2 2 2|2 2 2 2 2 2 2 2 2 2 2 2 2 2 2|2 2 2 2 2 2 2 2 2 2 2 2 2 2 2|2 2 2 2 2 2 2 2 2 2 2 2 2 2 2|2 2 2 2 2 2 2 2 2 2 2 2 2 2 2|2 2 2 2 2 2 1 2 2 2 2 2 2 2 2|2 2 2 2 2 2 2 2 2 2 2 2 2 2 2|2 2 2 2 2 2 2 2 2 2 2 2 2 2 2|2 2 2 2 2 2 2 2 2 2 2 2 2 2 2

第32个最优解：
Iter = 63
Nfe = 6920
Fitness = 96.98768880587068
The number of total device = 960
The number of various devices = 64 64 64 64 64 64 64 64 64 64 64 64 64 64 64
The scheme of allocation = 2 2 2 2 2 2 2 2 2 2 2 2 2 2 2|2 2 2 2 2 2 2 2 2 2 2 2 2 2 2|2 2 2 2 2 2 2 2 2 2 2 2 2 2 2|2 2 2 2 2 2 2 2 2 2 2 2 2 2 2|2 2 2 2 2 2 2 2 2 2 2 2 2 2 2|2 2 2 2 2 2 2 2 2 2 2 2 2 2 2|2 2 2 2 2 2 2 2 2 2 2 2 2 2 2|2 2 2 2 2 2 2 2 2 2 2 2 2 2 2|2 2 2 2 2 2 2 2 2 2 2 2 2 2 2|2 2 2 2 2 2 2 2 2 2 2 2 2 2 2|2 2 2 2 2 2 2 2 2 2 2 2 2 2 2|2 2 2 2 2 2 2 2 2 2 2 2 2 2 2|2 2 2 2 2 2 2 2 2 2 2 2 2 2 2|2 2 2 2 2 2 2 2 2 2 2 2 2 2 2|2 2 2 2 2 2 2 2 2 2 2 2 2 2 2|2 2 2 2 2 2 2 2 2 2 2 2 2 2 2|2 2 2 2 2 2 2 2 2 2 2 2 2 2 2|2 2 2 2 2 2 2 2 2 2 2 2 2 2 2|2 2 2 2 2 2 2 2 2 2 2 2 2 2 2|2 2 2 2 2 2 2 2 2 2 2 2 2 2 2|2 2 2 2 2 2 2 2 2 2 2 2 2 2 2|2 2 2 2 2 2 2 2 2 2 2 2 2 2 2|2 2 2 2 2 2 2 2 2 2 2 2 2 2 2|2 2 2 2 2 2 2 2 2 2 2 2 2 2 2|2 2 2 2 2 2 2 2 2 2 2 2 2 2 2|2 2 2 2 2 2 2 2 2 2 2 2 2 2 2|2 2 2 2 2 2 2 2 2 2 2 2 2 2 2|2 2 2 2 2 2 2 2 2 2 2 2 2 2 2|2 2 2 2 2 2 2 2 2 2 2 2 2 2 2|2 2 2 2 2 2 2 2 2 2 2 2 2 2 2|2 2 2 2 2 2 2 2 2 2 2 2 2 2 2|2 2 2 2 2 2 2 2 2 2 2 2 2 2 2

第33个最优解：
Iter = 110
Nfe = 12215
Fitness = 96.98768880587068
The number of total device = 960
The number of various devices = 64 64 64 64 64 64 64 64 64 64 64 64 64 64 64
The scheme of allocation = 2 2 2 2 2 2 2 2 2 2 2 2 2 2 2|2 2 2 2 2 2 2 2 2 2 2 2 2 2 2|2 2 2 2 2 2 2 2 2 2 2 2 2 2 2|2 2 2 2 2 2 2 2 2 2 2 2 2 2 2|2 2 2 2 2 2 2 2 2 2 2 2 2 2 2|2 2 2 2 2 2 2 2 2 2 2 2 2 2 2|2 2 2 2 2 2 2 2 2 2 2 2 2 2 2|2 2 2 2 2 2 2 2 2 2 2 2 2 2 2|2 2 2 2 2 2 2 2 2 2 2 2 2 2 2|2 2 2 2 2 2 2 2 2 2 2 2 2 2 2|2 2 2 2 2 2 2 2 2 2 2 2 2 2 2|2 2 2 2 2 2 2 2 2 2 2 2 2 2 2|2 2 2 2 2 2 2 2 2 2 2 2 2 2 2|2 2 2 2 2 2 2 2 2 2 2 2 2 2 2|2 2 2 2 2 2 2 2 2 2 2 2 2 2 2|2 2 2 2 2 2 2 2 2 2 2 2 2 2 2|2 2 2 2 2 2 2 2 2 2 2 2 2 2 2|2 2 2 2 2 2 2 2 2 2 2 2 2 2 2|2 2 2 2 2 2 2 2 2 2 2 2 2 2 2|2 2 2 2 2 2 2 2 2 2 2 2 2 2 2|2 2 2 2 2 2 2 2 2 2 2 2 2 2 2|2 2 2 2 2 2 2 2 2 2 2 2 2 2 2|2 2 2 2 2 2 2 2 2 2 2 2 2 2 2|2 2 2 2 2 2 2 2 2 2 2 2 2 2 2|2 2 2 2 2 2 2 2 2 2 2 2 2 2 2|2 2 2 2 2 2 2 2 2 2 2 2 2 2 2|2 2 2 2 2 2 2 2 2 2 2 2 2 2 2|2 2 2 2 2 2 2 2 2 2 2 2 2 2 2|2 2 2 2 2 2 2 2 2 2 2 2 2 2 2|2 2 2 2 2 2 2 2 2 2 2 2 2 2 2|2 2 2 2 2 2 2 2 2 2 2 2 2 2 2|2 2 2 2 2 2 2 2 2 2 2 2 2 2 2

第34个最优解：
Iter = 37
Nfe = 4145
Fitness = 96.98768880587068
The number of total device = 960
The number of various devices = 64 64 64 64 64 64 64 64 64 64 64 64 64 64 64
The scheme of allocation = 2 2 2 2 2 2 2 2 2 2 2 2 2 2 2|2 2 2 2 2 2 2 2 2 2 2 2 2 2 2|2 2 2 2 2 2 2 2 2 2 2 2 2 2 2|2 2 2 2 2 2 2 2 2 2 2 2 2 2 2|2 2 2 2 2 2 2 2 2 2 2 2 2 2 2|2 2 2 2 2 2 2 2 2 2 2 2 2 2 2|2 2 2 2 2 2 2 2 2 2 2 2 2 2 2|2 2 2 2 2 2 2 2 2 2 2 2 2 2 2|2 2 2 2 2 2 2 2 2 2 2 2 2 2 2|2 2 2 2 2 2 2 2 2 2 2 2 2 2 2|2 2 2 2 2 2 2 2 2 2 2 2 2 2 2|2 2 2 2 2 2 2 2 2 2 2 2 2 2 2|2 2 2 2 2 2 2 2 2 2 2 2 2 2 2|2 2 2 2 2 2 2 2 2 2 2 2 2 2 2|2 2 2 2 2 2 2 2 2 2 2 2 2 2 2|2 2 2 2 2 2 2 2 2 2 2 2 2 2 2|2 2 2 2 2 2 2 2 2 2 2 2 2 2 2|2 2 2 2 2 2 2 2 2 2 2 2 2 2 2|2 2 2 2 2 2 2 2 2 2 2 2 2 2 2|2 2 2 2 2 2 2 2 2 2 2 2 2 2 2|2 2 2 2 2 2 2 2 2 2 2 2 2 2 2|2 2 2 2 2 2 2 2 2 2 2 2 2 2 2|2 2 2 2 2 2 2 2 2 2 2 2 2 2 2|2 2 2 2 2 2 2 2 2 2 2 2 2 2 2|2 2 2 2 2 2 2 2 2 2 2 2 2 2 2|2 2 2 2 2 2 2 2 2 2 2 2 2 2 2|2 2 2 2 2 2 2 2 2 2 2 2 2 2 2|2 2 2 2 2 2 2 2 2 2 2 2 2 2 2|2 2 2 2 2 2 2 2 2 2 2 2 2 2 2|2 2 2 2 2 2 2 2 2 2 2 2 2 2 2|2 2 2 2 2 2 2 2 2 2 2 2 2 2 2|2 2 2 2 2 2 2 2 2 2 2 2 2 2 2

第35个最优解：
Iter = 67
Nfe = 7453
Fitness = 96.98768880587068
The number of total device = 960
The number of various devices = 64 64 64 64 64 64 64 64 64 64 64 64 64 64 64
The scheme of allocation = 2 2 2 2 2 2 2 2 2 2 2 2 2 2 2|2 2 2 2 2 2 2 2 2 2 2 2 2 2 2|2 2 2 2 2 2 2 2 2 2 2 2 2 2 2|2 2 2 2 2 2 2 2 2 2 2 2 2 2 2|2 2 2 2 2 2 2 2 2 2 2 2 2 2 2|2 2 2 2 2 2 2 2 2 2 2 2 2 2 2|2 2 2 2 2 2 2 2 2 2 2 2 2 2 2|2 2 2 2 2 2 2 2 2 2 2 2 2 2 2|2 2 2 2 2 2 2 2 2 2 2 2 2 2 2|2 2 2 2 2 2 2 2 2 2 2 2 2 2 2|2 2 2 2 2 2 2 2 2 2 2 2 2 2 2|2 2 2 2 2 2 2 2 2 2 2 2 2 2 2|2 2 2 2 2 2 2 2 2 2 2 2 2 2 2|2 2 2 2 2 2 2 2 2 2 2 2 2 2 2|2 2 2 2 2 2 2 2 2 2 2 2 2 2 2|2 2 2 2 2 2 2 2 2 2 2 2 2 2 2|2 2 2 2 2 2 2 2 2 2 2 2 2 2 2|2 2 2 2 2 2 2 2 2 2 2 2 2 2 2|2 2 2 2 2 2 2 2 2 2 2 2 2 2 2|2 2 2 2 2 2 2 2 2 2 2 2 2 2 2|2 2 2 2 2 2 2 2 2 2 2 2 2 2 2|2 2 2 2 2 2 2 2 2 2 2 2 2 2 2|2 2 2 2 2 2 2 2 2 2 2 2 2 2 2|2 2 2 2 2 2 2 2 2 2 2 2 2 2 2|2 2 2 2 2 2 2 2 2 2 2 2 2 2 2|2 2 2 2 2 2 2 2 2 2 2 2 2 2 2|2 2 2 2 2 2 2 2 2 2 2 2 2 2 2|2 2 2 2 2 2 2 2 2 2 2 2 2 2 2|2 2 2 2 2 2 2 2 2 2 2 2 2 2 2|2 2 2 2 2 2 2 2 2 2 2 2 2 2 2|2 2 2 2 2 2 2 2 2 2 2 2 2 2 2|2 2 2 2 2 2 2 2 2 2 2 2 2 2 2

第36个最优解：
Iter = 77
Nfe = 8481
Fitness = 96.98768880587068
The number of total device = 960
The number of various devices = 64 64 64 64 64 64 64 64 64 64 64 64 64 64 64
The scheme of allocation = 2 2 2 2 2 2 2 2 2 2 2 2 2 2 2|2 2 2 2 2 2 2 2 2 2 2 2 2 2 2|2 2 2 2 2 2 2 2 2 2 2 2 2 2 2|2 2 2 2 2 2 2 2 2 2 2 2 2 2 2|2 2 2 2 2 2 2 2 2 2 2 2 2 2 2|2 2 2 2 2 2 2 2 2 2 2 2 2 2 2|2 2 2 2 2 2 2 2 2 2 2 2 2 2 2|2 2 2 2 2 2 2 2 2 2 2 2 2 2 2|2 2 2 2 2 2 2 2 2 2 2 2 2 2 2|2 2 2 2 2 2 2 2 2 2 2 2 2 2 2|2 2 2 2 2 2 2 2 2 2 2 2 2 2 2|2 2 2 2 2 2 2 2 2 2 2 2 2 2 2|2 2 2 2 2 2 2 2 2 2 2 2 2 2 2|2 2 2 2 2 2 2 2 2 2 2 2 2 2 2|2 2 2 2 2 2 2 2 2 2 2 2 2 2 2|2 2 2 2 2 2 2 2 2 2 2 2 2 2 2|2 2 2 2 2 2 2 2 2 2 2 2 2 2 2|2 2 2 2 2 2 2 2 2 2 2 2 2 2 2|2 2 2 2 2 2 2 2 2 2 2 2 2 2 2|2 2 2 2 2 2 2 2 2 2 2 2 2 2 2|2 2 2 2 2 2 2 2 2 2 2 2 2 2 2|2 2 2 2 2 2 2 2 2 2 2 2 2 2 2|2 2 2 2 2 2 2 2 2 2 2 2 2 2 2|2 2 2 2 2 2 2 2 2 2 2 2 2 2 2|2 2 2 2 2 2 2 2 2 2 2 2 2 2 2|2 2 2 2 2 2 2 2 2 2 2 2 2 2 2|2 2 2 2 2 2 2 2 2 2 2 2 2 2 2|2 2 2 2 2 2 2 2 2 2 2 2 2 2 2|2 2 2 2 2 2 2 2 2 2 2 2 2 2 2|2 2 2 2 2 2 2 2 2 2 2 2 2 2 2|2 2 2 2 2 2 2 2 2 2 2 2 2 2 2|2 2 2 2 2 2 2 2 2 2 2 2 2 2 2

第37个最优解：
Iter = 42
Nfe = 4697
Fitness = 96.98768880587068
The number of total device = 960
The number of various devices = 64 64 64 64 64 64 64 64 64 64 64 64 64 64 64
The scheme of allocation = 2 2 2 2 2 2 2 2 2 2 2 2 2 2 2|2 2 2 2 2 2 2 2 2 2 2 2 2 2 2|2 2 2 2 2 2 2 2 2 2 2 2 2 2 2|2 2 2 2 2 2 2 2 2 2 2 2 2 2 2|2 2 2 2 2 2 2 2 2 2 2 2 2 2 2|2 2 2 2 2 2 2 2 2 2 2 2 2 2 2|2 2 2 2 2 2 2 2 2 2 2 2 2 2 2|2 2 2 2 2 2 2 2 2 2 2 2 2 2 2|2 2 2 2 2 2 2 2 2 2 2 2 2 2 2|2 2 2 2 2 2 2 2 2 2 2 2 2 2 2|2 2 2 2 2 2 2 2 2 2 2 2 2 2 2|2 2 2 2 2 2 2 2 2 2 2 2 2 2 2|2 2 2 2 2 2 2 2 2 2 2 2 2 2 2|2 2 2 2 2 2 2 2 2 2 2 2 2 2 2|2 2 2 2 2 2 2 2 2 2 2 2 2 2 2|2 2 2 2 2 2 2 2 2 2 2 2 2 2 2|2 2 2 2 2 2 2 2 2 2 2 2 2 2 2|2 2 2 2 2 2 2 2 2 2 2 2 2 2 2|2 2 2 2 2 2 2 2 2 2 2 2 2 2 2|2 2 2 2 2 2 2 2 2 2 2 2 2 2 2|2 2 2 2 2 2 2 2 2 2 2 2 2 2 2|2 2 2 2 2 2 2 2 2 2 2 2 2 2 2|2 2 2 2 2 2 2 2 2 2 2 2 2 2 2|2 2 2 2 2 2 2 2 2 2 2 2 2 2 2|2 2 2 2 2 2 2 2 2 2 2 2 2 2 2|2 2 2 2 2 2 2 2 2 2 2 2 2 2 2|2 2 2 2 2 2 2 2 2 2 2 2 2 2 2|2 2 2 2 2 2 2 2 2 2 2 2 2 2 2|2 2 2 2 2 2 2 2 2 2 2 2 2 2 2|2 2 2 2 2 2 2 2 2 2 2 2 2 2 2|2 2 2 2 2 2 2 2 2 2 2 2 2 2 2|2 2 2 2 2 2 2 2 2 2 2 2 2 2 2

第38个最优解：
Iter = 78
Nfe = 8639
Fitness = 96.98922916194459
The number of total device = 960
The number of various devices = 64 64 64 64 64 64 64 64 64 64 64 64 64 64 64
The scheme of allocation = 2 2 2 2 2 2 2 2 2 2 2 2 2 2 2|2 2 2 2 2 2 2 2 2 2 2 2 2 2 2|2 2 2 2 2 2 2 2 2 2 2 2 2 2 2|2 2 2 2 2 2 2 2 2 2 2 2 2 2 2|2 2 2 2 2 2 2 2 2 2 2 2 2 2 2|2 2 2 2 2 2 2 2 2 2 2 2 2 2 2|2 2 2 2 2 2 2 2 2 2 2 2 2 2 2|2 2 2 2 2 2 2 2 2 2 2 2 2 2 2|2 2 2 2 2 2 2 2 2 2 2 2 2 2 2|2 2 2 2 2 2 2 2 2 2 2 2 2 2 2|2 2 2 2 2 2 2 2 2 2 2 2 2 2 2|2 2 2 2 2 2 2 2 2 2 2 2 2 2 2|2 2 2 2 2 2 2 2 2 2 2 2 2 2 2|2 2 2 2 2 2 2 2 2 2 2 2 2 2 2|2 2 2 2 2 2 2 2 2 2 2 2 2 2 2|2 2 2 2 2 2 2 2 2 2 2 2 2 2 2|2 2 2 2 2 2 2 2 2 2 2 2 2 2 2|2 2 2 2 2 2 2 2 2 2 2 2 2 2 2|2 2 2 2 2 2 2 2 2 2 2 2 2 2 2|2 2 2 2 2 2 2 2 2 2 2 2 2 2 2|2 2 2 2 2 2 3 2 2 2 2 2 2 2 2|2 2 2 2 2 2 2 2 2 2 2 2 2 2 2|2 2 2 2 2 2 2 2 2 2 2 2 2 2 2|2 2 2 2 2 2 2 2 2 2 2 2 2 2 2|2 2 2 2 2 2 1 2 2 2 2 2 2 2 2|2 2 2 2 2 2 2 2 2 2 2 2 2 2 2|2 2 2 2 2 2 2 2 2 2 2 2 2 2 2|2 2 2 2 2 2 2 2 2 2 2 2 2 2 2|2 2 2 2 2 2 2 2 2 2 2 2 2 2 2|2 2 2 2 2 2 2 2 2 2 2 2 2 2 2|2 2 2 2 2 2 2 2 2 2 2 2 2 2 2|2 2 2 2 2 2 2 2 2 2 2 2 2 2 2

第39个最优解：
Iter = 76
Nfe = 8357
Fitness = 96.98768880587068
The number of total device = 960
The number of various devices = 64 64 64 64 64 64 64 64 64 64 64 64 64 64 64
The scheme of allocation = 2 2 2 2 2 2 2 2 2 2 2 2 2 2 2|2 2 2 2 2 2 2 2 2 2 2 2 2 2 2|2 2 2 2 2 2 2 2 2 2 2 2 2 2 2|2 2 2 2 2 2 2 2 2 2 2 2 2 2 2|2 2 2 2 2 2 2 2 2 2 2 2 2 2 2|2 2 2 2 2 2 2 2 2 2 2 2 2 2 2|2 2 2 2 2 2 2 2 2 2 2 2 2 2 2|2 2 2 2 2 2 2 2 2 2 2 2 2 2 2|2 2 2 2 2 2 2 2 2 2 2 2 2 2 2|2 2 2 2 2 2 2 2 2 2 2 2 2 2 2|2 2 2 2 2 2 2 2 2 2 2 2 2 2 2|2 2 2 2 2 2 2 2 2 2 2 2 2 2 2|2 2 2 2 2 2 2 2 2 2 2 2 2 2 2|2 2 2 2 2 2 2 2 2 2 2 2 2 2 2|2 2 2 2 2 2 2 2 2 2 2 2 2 2 2|2 2 2 2 2 2 2 2 2 2 2 2 2 2 2|2 2 2 2 2 2 2 2 2 2 2 2 2 2 2|2 2 2 2 2 2 2 2 2 2 2 2 2 2 2|2 2 2 2 2 2 2 2 2 2 2 2 2 2 2|2 2 2 2 2 2 2 2 2 2 2 2 2 2 2|2 2 2 2 2 2 2 2 2 2 2 2 2 2 2|2 2 2 2 2 2 2 2 2 2 2 2 2 2 2|2 2 2 2 2 2 2 2 2 2 2 2 2 2 2|2 2 2 2 2 2 2 2 2 2 2 2 2 2 2|2 2 2 2 2 2 2 2 2 2 2 2 2 2 2|2 2 2 2 2 2 2 2 2 2 2 2 2 2 2|2 2 2 2 2 2 2 2 2 2 2 2 2 2 2|2 2 2 2 2 2 2 2 2 2 2 2 2 2 2|2 2 2 2 2 2 2 2 2 2 2 2 2 2 2|2 2 2 2 2 2 2 2 2 2 2 2 2 2 2|2 2 2 2 2 2 2 2 2 2 2 2 2 2 2|2 2 2 2 2 2 2 2 2 2 2 2 2 2 2

第40个最优解：
Iter = 42
Nfe = 4693
Fitness = 96.98768880587068
The number of total device = 960
The number of various devices = 64 64 64 64 64 64 64 64 64 64 64 64 64 64 64
The scheme of allocation = 2 2 2 2 2 2 2 2 2 2 2 2 2 2 2|2 2 2 2 2 2 2 2 2 2 2 2 2 2 2|2 2 2 2 2 2 2 2 2 2 2 2 2 2 2|2 2 2 2 2 2 2 2 2 2 2 2 2 2 2|2 2 2 2 2 2 2 2 2 2 2 2 2 2 2|2 2 2 2 2 2 2 2 2 2 2 2 2 2 2|2 2 2 2 2 2 2 2 2 2 2 2 2 2 2|2 2 2 2 2 2 2 2 2 2 2 2 2 2 2|2 2 2 2 2 2 2 2 2 2 2 2 2 2 2|2 2 2 2 2 2 2 2 2 2 2 2 2 2 2|2 2 2 2 2 2 2 2 2 2 2 2 2 2 2|2 2 2 2 2 2 2 2 2 2 2 2 2 2 2|2 2 2 2 2 2 2 2 2 2 2 2 2 2 2|2 2 2 2 2 2 2 2 2 2 2 2 2 2 2|2 2 2 2 2 2 2 2 2 2 2 2 2 2 2|2 2 2 2 2 2 2 2 2 2 2 2 2 2 2|2 2 2 2 2 2 2 2 2 2 2 2 2 2 2|2 2 2 2 2 2 2 2 2 2 2 2 2 2 2|2 2 2 2 2 2 2 2 2 2 2 2 2 2 2|2 2 2 2 2 2 2 2 2 2 2 2 2 2 2|2 2 2 2 2 2 2 2 2 2 2 2 2 2 2|2 2 2 2 2 2 2 2 2 2 2 2 2 2 2|2 2 2 2 2 2 2 2 2 2 2 2 2 2 2|2 2 2 2 2 2 2 2 2 2 2 2 2 2 2|2 2 2 2 2 2 2 2 2 2 2 2 2 2 2|2 2 2 2 2 2 2 2 2 2 2 2 2 2 2|2 2 2 2 2 2 2 2 2 2 2 2 2 2 2|2 2 2 2 2 2 2 2 2 2 2 2 2 2 2|2 2 2 2 2 2 2 2 2 2 2 2 2 2 2|2 2 2 2 2 2 2 2 2 2 2 2 2 2 2|2 2 2 2 2 2 2 2 2 2 2 2 2 2 2|2 2 2 2 2 2 2 2 2 2 2 2 2 2 2

第41个最优解：
Iter = 78
Nfe = 8538
Fitness = 96.99268986892024
The number of total device = 960
The number of various devices = 64 64 64 64 64 64 64 64 64 64 64 64 64 64 64
The scheme of allocation = 2 2 2 2 2 2 2 2 2 2 2 2 2 2 2|2 2 2 2 2 2 2 2 2 2 2 2 2 2 2|2 2 2 2 2 2 2 2 2 2 2 2 2 2 2|2 2 2 2 2 2 2 2 2 2 2 2 2 2 2|2 2 2 2 2 2 2 2 2 2 2 2 2 2 2|2 2 2 2 2 2 2 2 2 2 2 2 2 2 2|2 2 2 2 2 2 2 2 2 2 2 2 2 2 2|2 2 2 2 2 2 2 2 2 2 2 2 2 2 2|2 2 2 2 2 2 2 2 2 2 2 2 2 2 2|2 2 2 2 2 2 2 2 2 2 2 2 2 2 2|2 2 2 2 2 2 2 2 2 2 2 2 2 2 2|2 2 2 2 2 2 2 2 2 2 2 2 2 2 2|2 2 2 2 2 2 2 2 2 2 2 2 2 2 2|2 2 2 2 2 2 2 2 2 2 2 2 2 2 2|2 2 2 2 2 2 2 2 2 2 2 2 2 2 2|2 2 2 2 2 2 2 2 2 2 2 2 2 2 2|2 2 2 2 2 2 2 2 2 2 2 2 2 2 2|2 2 2 2 2 2 2 2 2 2 2 2 2 2 2|2 2 2 2 2 2 2 2 2 2 2 2 2 2 2|2 2 2 2 2 2 2 2 2 2 2 2 2 2 2|2 2 2 2 2 2 2 2 2 2 2 3 2 2 2|2 2 2 2 2 2 2 2 2 2 2 2 2 2 2|2 2 2 2 2 2 2 2 2 2 2 2 2 2 2|2 2 2 2 2 2 2 2 2 2 2 2 2 2 2|2 2 2 2 2 2 2 2 2 2 2 1 2 2 2|2 2 2 2 2 2 2 2 2 2 2 2 2 2 2|2 2 2 2 2 2 2 2 2 2 2 2 2 2 2|2 2 2 2 2 2 2 2 2 2 2 2 2 2 2|2 2 2 2 2 2 2 2 2 2 2 2 2 2 2|2 2 2 2 2 2 2 2 2 2 2 2 2 2 2|2 2 2 2 2 2 2 2 2 2 2 2 2 2 2|2 2 2 2 2 2 2 2 2 2 2 2 2 2 2

第42个最优解：
Iter = 68
Nfe = 7550
Fitness = 96.98768880587068
The number of total device = 960
The number of various devices = 64 64 64 64 64 64 64 64 64 64 64 64 64 64 64
The scheme of allocation = 2 2 2 2 2 2 2 2 2 2 2 2 2 2 2|2 2 2 2 2 2 2 2 2 2 2 2 2 2 2|2 2 2 2 2 2 2 2 2 2 2 2 2 2 2|2 2 2 2 2 2 2 2 2 2 2 2 2 2 2|2 2 2 2 2 2 2 2 2 2 2 2 2 2 2|2 2 2 2 2 2 2 2 2 2 2 2 2 2 2|2 2 2 2 2 2 2 2 2 2 2 2 2 2 2|2 2 2 2 2 2 2 2 2 2 2 2 2 2 2|2 2 2 2 2 2 2 2 2 2 2 2 2 2 2|2 2 2 2 2 2 2 2 2 2 2 2 2 2 2|2 2 2 2 2 2 2 2 2 2 2 2 2 2 2|2 2 2 2 2 2 2 2 2 2 2 2 2 2 2|2 2 2 2 2 2 2 2 2 2 2 2 2 2 2|2 2 2 2 2 2 2 2 2 2 2 2 2 2 2|2 2 2 2 2 2 2 2 2 2 2 2 2 2 2|2 2 2 2 2 2 2 2 2 2 2 2 2 2 2|2 2 2 2 2 2 2 2 2 2 2 2 2 2 2|2 2 2 2 2 2 2 2 2 2 2 2 2 2 2|2 2 2 2 2 2 2 2 2 2 2 2 2 2 2|2 2 2 2 2 2 2 2 2 2 2 2 2 2 2|2 2 2 2 2 2 2 2 2 2 2 2 2 2 2|2 2 2 2 2 2 2 2 2 2 2 2 2 2 2|2 2 2 2 2 2 2 2 2 2 2 2 2 2 2|2 2 2 2 2 2 2 2 2 2 2 2 2 2 2|2 2 2 2 2 2 2 2 2 2 2 2 2 2 2|2 2 2 2 2 2 2 2 2 2 2 2 2 2 2|2 2 2 2 2 2 2 2 2 2 2 2 2 2 2|2 2 2 2 2 2 2 2 2 2 2 2 2 2 2|2 2 2 2 2 2 2 2 2 2 2 2 2 2 2|2 2 2 2 2 2 2 2 2 2 2 2 2 2 2|2 2 2 2 2 2 2 2 2 2 2 2 2 2 2|2 2 2 2 2 2 2 2 2 2 2 2 2 2 2

第43个最优解：
Iter = 78
Nfe = 8555
Fitness = 96.98922916194459
The number of total device = 960
The number of various devices = 64 64 64 64 64 64 64 64 64 64 64 64 64 64 64
The scheme of allocation = 2 2 2 2 2 2 2 2 2 2 2 2 2 2 2|2 2 2 2 2 2 2 2 2 2 2 2 2 2 2|2 2 2 2 2 2 2 2 2 2 2 2 2 2 2|2 2 2 2 2 2 2 2 2 2 2 2 2 2 2|2 2 2 2 2 2 2 2 2 2 2 2 2 2 2|2 2 2 2 2 2 2 2 2 2 2 2 2 2 2|2 2 2 2 2 2 2 2 2 2 2 2 2 2 2|2 2 2 2 2 2 2 2 2 2 2 2 2 2 2|2 2 2 2 2 2 2 2 2 2 2 2 2 2 2|2 2 2 2 2 2 2 2 2 2 2 2 2 2 2|2 2 2 2 2 2 2 2 2 2 2 2 2 2 2|2 2 2 2 2 2 2 2 2 2 2 2 2 2 2|2 2 2 2 2 2 2 2 2 2 2 2 2 2 2|2 2 2 2 2 2 2 2 2 2 2 2 2 2 2|2 2 2 2 2 2 2 2 2 2 2 2 2 2 2|2 2 2 2 2 2 2 2 2 2 2 2 2 2 2|2 2 2 2 2 2 2 2 2 2 2 2 2 2 2|2 2 2 2 2 2 2 2 2 2 2 2 2 2 2|2 2 2 2 2 2 2 2 2 2 2 2 2 2 2|2 2 2 2 2 2 2 2 2 2 2 2 2 2 2|2 2 2 2 2 2 3 2 2 2 2 2 2 2 2|2 2 2 2 2 2 2 2 2 2 2 2 2 2 2|2 2 2 2 2 2 2 2 2 2 2 2 2 2 2|2 2 2 2 2 2 2 2 2 2 2 2 2 2 2|2 2 2 2 2 2 1 2 2 2 2 2 2 2 2|2 2 2 2 2 2 2 2 2 2 2 2 2 2 2|2 2 2 2 2 2 2 2 2 2 2 2 2 2 2|2 2 2 2 2 2 2 2 2 2 2 2 2 2 2|2 2 2 2 2 2 2 2 2 2 2 2 2 2 2|2 2 2 2 2 2 2 2 2 2 2 2 2 2 2|2 2 2 2 2 2 2 2 2 2 2 2 2 2 2|2 2 2 2 2 2 2 2 2 2 2 2 2 2 2

第44个最优解：
Iter = 93
Nfe = 10200
Fitness = 96.9913822257827
The number of total device = 960
The number of various devices = 64 64 64 64 64 64 64 64 64 64 64 64 64 64 64
The scheme of allocation = 2 2 2 2 2 2 2 2 2 2 2 2 2 2 2|2 2 2 2 2 2 2 2 2 2 2 2 2 2 2|2 2 2 2 2 2 2 2 2 2 2 2 2 2 2|2 2 2 2 2 2 2 2 2 2 2 2 2 2 2|2 2 2 2 2 2 2 2 2 2 2 2 2 2 2|2 2 2 2 2 2 2 2 2 2 2 2 2 2 2|2 2 2 2 2 2 2 2 2 2 2 2 2 2 2|2 2 2 2 2 2 2 2 2 2 2 2 2 2 2|2 2 2 2 2 2 2 2 2 2 2 2 2 2 2|2 2 2 2 2 2 2 2 2 2 2 2 2 2 2|2 2 2 2 2 2 2 2 2 2 2 2 2 2 2|2 2 2 2 2 2 2 2 2 2 2 2 2 2 2|2 2 2 2 2 2 2 2 2 2 2 2 2 2 2|2 2 2 2 2 2 2 2 2 2 2 2 2 2 2|2 2 2 2 2 2 2 2 2 2 2 2 2 2 2|2 2 2 2 2 2 2 2 2 2 2 2 2 2 2|2 2 2 2 2 2 2 2 2 2 2 2 2 2 2|2 2 2 2 2 2 2 2 2 2 2 2 2 2 2|2 2 2 2 2 2 2 2 2 2 2 2 2 2 2|2 2 2 2 2 2 2 2 2 2 2 2 2 2 2|2 2 2 2 2 2 2 2 2 2 2 2 3 2 2|2 2 2 2 2 2 2 2 2 2 2 2 2 2 2|2 2 2 2 2 2 2 2 2 2 2 2 2 2 2|2 2 2 2 2 2 2 2 2 2 2 2 2 2 2|2 2 2 2 2 2 2 2 2 2 2 2 1 2 2|2 2 2 2 2 2 2 2 2 2 2 2 2 2 2|2 2 2 2 2 2 2 2 2 2 2 2 2 2 2|2 2 2 2 2 2 2 2 2 2 2 2 2 2 2|2 2 2 2 2 2 2 2 2 2 2 2 2 2 2|2 2 2 2 2 2 2 2 2 2 2 2 2 2 2|2 2 2 2 2 2 2 2 2 2 2 2 2 2 2|2 2 2 2 2 2 2 2 2 2 2 2 2 2 2

第45个最优解：
Iter = 65
Nfe = 7209
Fitness = 96.98768880587068
The number of total device = 960
The number of various devices = 64 64 64 64 64 64 64 64 64 64 64 64 64 64 64
The scheme of allocation = 2 2 2 2 2 2 2 2 2 2 2 2 2 2 2|2 2 2 2 2 2 2 2 2 2 2 2 2 2 2|2 2 2 2 2 2 2 2 2 2 2 2 2 2 2|2 2 2 2 2 2 2 2 2 2 2 2 2 2 2|2 2 2 2 2 2 2 2 2 2 2 2 2 2 2|2 2 2 2 2 2 2 2 2 2 2 2 2 2 2|2 2 2 2 2 2 2 2 2 2 2 2 2 2 2|2 2 2 2 2 2 2 2 2 2 2 2 2 2 2|2 2 2 2 2 2 2 2 2 2 2 2 2 2 2|2 2 2 2 2 2 2 2 2 2 2 2 2 2 2|2 2 2 2 2 2 2 2 2 2 2 2 2 2 2|2 2 2 2 2 2 2 2 2 2 2 2 2 2 2|2 2 2 2 2 2 2 2 2 2 2 2 2 2 2|2 2 2 2 2 2 2 2 2 2 2 2 2 2 2|2 2 2 2 2 2 2 2 2 2 2 2 2 2 2|2 2 2 2 2 2 2 2 2 2 2 2 2 2 2|2 2 2 2 2 2 2 2 2 2 2 2 2 2 2|2 2 2 2 2 2 2 2 2 2 2 2 2 2 2|2 2 2 2 2 2 2 2 2 2 2 2 2 2 2|2 2 2 2 2 2 2 2 2 2 2 2 2 2 2|2 2 2 2 2 2 2 2 2 2 2 2 2 2 2|2 2 2 2 2 2 2 2 2 2 2 2 2 2 2|2 2 2 2 2 2 2 2 2 2 2 2 2 2 2|2 2 2 2 2 2 2 2 2 2 2 2 2 2 2|2 2 2 2 2 2 2 2 2 2 2 2 2 2 2|2 2 2 2 2 2 2 2 2 2 2 2 2 2 2|2 2 2 2 2 2 2 2 2 2 2 2 2 2 2|2 2 2 2 2 2 2 2 2 2 2 2 2 2 2|2 2 2 2 2 2 2 2 2 2 2 2 2 2 2|2 2 2 2 2 2 2 2 2 2 2 2 2 2 2|2 2 2 2 2 2 2 2 2 2 2 2 2 2 2|2 2 2 2 2 2 2 2 2 2 2 2 2 2 2

第46个最优解：
Iter = 71
Nfe = 7709
Fitness = 96.98768880587068
The number of total device = 960
The number of various devices = 64 64 64 64 64 64 64 64 64 64 64 64 64 64 64
The scheme of allocation = 2 2 2 2 2 2 2 2 2 2 2 2 2 2 2|2 2 2 2 2 2 2 2 2 2 2 2 2 2 2|2 2 2 2 2 2 2 2 2 2 2 2 2 2 2|2 2 2 2 2 2 2 2 2 2 2 2 2 2 2|2 2 2 2 2 2 2 2 2 2 2 2 2 2 2|2 2 2 2 2 2 2 2 2 2 2 2 2 2 2|2 2 2 2 2 2 2 2 2 2 2 2 2 2 2|2 2 2 2 2 2 2 2 2 2 2 2 2 2 2|2 2 2 2 2 2 2 2 2 2 2 2 2 2 2|2 2 2 2 2 2 2 2 2 2 2 2 2 2 2|2 2 2 2 2 2 2 2 2 2 2 2 2 2 2|2 2 2 2 2 2 2 2 2 2 2 2 2 2 2|2 2 2 2 2 2 2 2 2 2 2 2 2 2 2|2 2 2 2 2 2 2 2 2 2 2 2 2 2 2|2 2 2 2 2 2 2 2 2 2 2 2 2 2 2|2 2 2 2 2 2 2 2 2 2 2 2 2 2 2|2 2 2 2 2 2 2 2 2 2 2 2 2 2 2|2 2 2 2 2 2 2 2 2 2 2 2 2 2 2|2 2 2 2 2 2 2 2 2 2 2 2 2 2 2|2 2 2 2 2 2 2 2 2 2 2 2 2 2 2|2 2 2 2 2 2 2 2 2 2 2 2 2 2 2|2 2 2 2 2 2 2 2 2 2 2 2 2 2 2|2 2 2 2 2 2 2 2 2 2 2 2 2 2 2|2 2 2 2 2 2 2 2 2 2 2 2 2 2 2|2 2 2 2 2 2 2 2 2 2 2 2 2 2 2|2 2 2 2 2 2 2 2 2 2 2 2 2 2 2|2 2 2 2 2 2 2 2 2 2 2 2 2 2 2|2 2 2 2 2 2 2 2 2 2 2 2 2 2 2|2 2 2 2 2 2 2 2 2 2 2 2 2 2 2|2 2 2 2 2 2 2 2 2 2 2 2 2 2 2|2 2 2 2 2 2 2 2 2 2 2 2 2 2 2|2 2 2 2 2 2 2 2 2 2 2 2 2 2 2

第47个最优解：
Iter = 110
Nfe = 12169
Fitness = 96.9913822257827
The number of total device = 960
The number of various devices = 64 64 64 64 64 64 64 64 64 64 64 64 64 64 64
The scheme of allocation = 2 2 2 2 2 2 2 2 2 2 2 2 2 2 2|2 2 2 2 2 2 2 2 2 2 2 2 2 2 2|2 2 2 2 2 2 2 2 2 2 2 2 2 2 2|2 2 2 2 2 2 2 2 2 2 2 2 2 2 2|2 2 2 2 2 2 2 2 2 2 2 2 2 2 2|2 2 2 2 2 2 2 2 2 2 2 2 2 2 2|2 2 2 2 2 2 2 2 2 2 2 2 2 2 2|2 2 2 2 2 2 2 2 2 2 2 2 2 2 2|2 2 2 2 2 2 2 2 2 2 2 2 2 2 2|2 2 2 2 2 2 2 2 2 2 2 2 2 2 2|2 2 2 2 2 2 2 2 2 2 2 2 2 2 2|2 2 2 2 2 2 2 2 2 2 2 2 2 2 2|2 2 2 2 2 2 2 2 2 2 2 2 2 2 2|2 2 2 2 2 2 2 2 2 2 2 2 2 2 2|2 2 2 2 2 2 2 2 2 2 2 2 2 2 2|2 2 2 2 2 2 2 2 2 2 2 2 2 2 2|2 2 2 2 2 2 2 2 2 2 2 2 2 2 2|2 2 2 2 2 2 2 2 2 2 2 2 2 2 2|2 2 2 2 2 2 2 2 2 2 2 2 2 2 2|2 2 2 2 2 2 2 2 2 2 2 2 2 2 2|2 2 2 2 2 2 2 2 2 2 2 2 3 2 2|2 2 2 2 2 2 2 2 2 2 2 2 2 2 2|2 2 2 2 2 2 2 2 2 2 2 2 2 2 2|2 2 2 2 2 2 2 2 2 2 2 2 2 2 2|2 2 2 2 2 2 2 2 2 2 2 2 1 2 2|2 2 2 2 2 2 2 2 2 2 2 2 2 2 2|2 2 2 2 2 2 2 2 2 2 2 2 2 2 2|2 2 2 2 2 2 2 2 2 2 2 2 2 2 2|2 2 2 2 2 2 2 2 2 2 2 2 2 2 2|2 2 2 2 2 2 2 2 2 2 2 2 2 2 2|2 2 2 2 2 2 2 2 2 2 2 2 2 2 2|2 2 2 2 2 2 2 2 2 2 2 2 2 2 2

第48个最优解：
Iter = 55
Nfe = 5988
Fitness = 96.98768880587068
The number of total device = 960
The number of various devices = 64 64 64 64 64 64 64 64 64 64 64 64 64 64 64
The scheme of allocation = 2 2 2 2 2 2 2 2 2 2 2 2 2 2 2|2 2 2 2 2 2 2 2 2 2 2 2 2 2 2|2 2 2 2 2 2 2 2 2 2 2 2 2 2 2|2 2 2 2 2 2 2 2 2 2 2 2 2 2 2|2 2 2 2 2 2 2 2 2 2 2 2 2 2 2|2 2 2 2 2 2 2 2 2 2 2 2 2 2 2|2 2 2 2 2 2 2 2 2 2 2 2 2 2 2|2 2 2 2 2 2 2 2 2 2 2 2 2 2 2|2 2 2 2 2 2 2 2 2 2 2 2 2 2 2|2 2 2 2 2 2 2 2 2 2 2 2 2 2 2|2 2 2 2 2 2 2 2 2 2 2 2 2 2 2|2 2 2 2 2 2 2 2 2 2 2 2 2 2 2|2 2 2 2 2 2 2 2 2 2 2 2 2 2 2|2 2 2 2 2 2 2 2 2 2 2 2 2 2 2|2 2 2 2 2 2 2 2 2 2 2 2 2 2 2|2 2 2 2 2 2 2 2 2 2 2 2 2 2 2|2 2 2 2 2 2 2 2 2 2 2 2 2 2 2|2 2 2 2 2 2 2 2 2 2 2 2 2 2 2|2 2 2 2 2 2 2 2 2 2 2 2 2 2 2|2 2 2 2 2 2 2 2 2 2 2 2 2 2 2|2 2 2 2 2 2 2 2 2 2 2 2 2 2 2|2 2 2 2 2 2 2 2 2 2 2 2 2 2 2|2 2 2 2 2 2 2 2 2 2 2 2 2 2 2|2 2 2 2 2 2 2 2 2 2 2 2 2 2 2|2 2 2 2 2 2 2 2 2 2 2 2 2 2 2|2 2 2 2 2 2 2 2 2 2 2 2 2 2 2|2 2 2 2 2 2 2 2 2 2 2 2 2 2 2|2 2 2 2 2 2 2 2 2 2 2 2 2 2 2|2 2 2 2 2 2 2 2 2 2 2 2 2 2 2|2 2 2 2 2 2 2 2 2 2 2 2 2 2 2|2 2 2 2 2 2 2 2 2 2 2 2 2 2 2|2 2 2 2 2 2 2 2 2 2 2 2 2 2 2

第49个最优解：
Iter = 82
Nfe = 9171
Fitness = 96.98768880587068
The number of total device = 960
The number of various devices = 64 64 64 64 64 64 64 64 64 64 64 64 64 64 64
The scheme of allocation = 2 2 2 2 2 2 2 2 2 2 2 2 2 2 2|2 2 2 2 2 2 2 2 2 2 2 2 2 2 2|2 2 2 2 2 2 2 2 2 2 2 2 2 2 2|2 2 2 2 2 2 2 2 2 2 2 2 2 2 2|2 2 2 2 2 2 2 2 2 2 2 2 2 2 2|2 2 2 2 2 2 2 2 2 2 2 2 2 2 2|2 2 2 2 2 2 2 2 2 2 2 2 2 2 2|2 2 2 2 2 2 2 2 2 2 2 2 2 2 2|2 2 2 2 2 2 2 2 2 2 2 2 2 2 2|2 2 2 2 2 2 2 2 2 2 2 2 2 2 2|2 2 2 2 2 2 2 2 2 2 2 2 2 2 2|2 2 2 2 2 2 2 2 2 2 2 2 2 2 2|2 2 2 2 2 2 2 2 2 2 2 2 2 2 2|2 2 2 2 2 2 2 2 2 2 2 2 2 2 2|2 2 2 2 2 2 2 2 2 2 2 2 2 2 2|2 2 2 2 2 2 2 2 2 2 2 2 2 2 2|2 2 2 2 2 2 2 2 2 2 2 2 2 2 2|2 2 2 2 2 2 2 2 2 2 2 2 2 2 2|2 2 2 2 2 2 2 2 2 2 2 2 2 2 2|2 2 2 2 2 2 2 2 2 2 2 2 2 2 2|2 2 2 2 2 2 2 2 2 2 2 2 2 2 2|2 2 2 2 2 2 2 2 2 2 2 2 2 2 2|2 2 2 2 2 2 2 2 2 2 2 2 2 2 2|2 2 2 2 2 2 2 2 2 2 2 2 2 2 2|2 2 2 2 2 2 2 2 2 2 2 2 2 2 2|2 2 2 2 2 2 2 2 2 2 2 2 2 2 2|2 2 2 2 2 2 2 2 2 2 2 2 2 2 2|2 2 2 2 2 2 2 2 2 2 2 2 2 2 2|2 2 2 2 2 2 2 2 2 2 2 2 2 2 2|2 2 2 2 2 2 2 2 2 2 2 2 2 2 2|2 2 2 2 2 2 2 2 2 2 2 2 2 2 2|2 2 2 2 2 2 2 2 2 2 2 2 2 2 2

第50个最优解：
Iter = 74
Nfe = 8249
Fitness = 96.98768880587068
The number of total device = 960
The number of various devices = 64 64 64 64 64 64 64 64 64 64 64 64 64 64 64
The scheme of allocation = 2 2 2 2 2 2 2 2 2 2 2 2 2 2 2|2 2 2 2 2 2 2 2 2 2 2 2 2 2 2|2 2 2 2 2 2 2 2 2 2 2 2 2 2 2|2 2 2 2 2 2 2 2 2 2 2 2 2 2 2|2 2 2 2 2 2 2 2 2 2 2 2 2 2 2|2 2 2 2 2 2 2 2 2 2 2 2 2 2 2|2 2 2 2 2 2 2 2 2 2 2 2 2 2 2|2 2 2 2 2 2 2 2 2 2 2 2 2 2 2|2 2 2 2 2 2 2 2 2 2 2 2 2 2 2|2 2 2 2 2 2 2 2 2 2 2 2 2 2 2|2 2 2 2 2 2 2 2 2 2 2 2 2 2 2|2 2 2 2 2 2 2 2 2 2 2 2 2 2 2|2 2 2 2 2 2 2 2 2 2 2 2 2 2 2|2 2 2 2 2 2 2 2 2 2 2 2 2 2 2|2 2 2 2 2 2 2 2 2 2 2 2 2 2 2|2 2 2 2 2 2 2 2 2 2 2 2 2 2 2|2 2 2 2 2 2 2 2 2 2 2 2 2 2 2|2 2 2 2 2 2 2 2 2 2 2 2 2 2 2|2 2 2 2 2 2 2 2 2 2 2 2 2 2 2|2 2 2 2 2 2 2 2 2 2 2 2 2 2 2|2 2 2 2 2 2 2 2 2 2 2 2 2 2 2|2 2 2 2 2 2 2 2 2 2 2 2 2 2 2|2 2 2 2 2 2 2 2 2 2 2 2 2 2 2|2 2 2 2 2 2 2 2 2 2 2 2 2 2 2|2 2 2 2 2 2 2 2 2 2 2 2 2 2 2|2 2 2 2 2 2 2 2 2 2 2 2 2 2 2|2 2 2 2 2 2 2 2 2 2 2 2 2 2 2|2 2 2 2 2 2 2 2 2 2 2 2 2 2 2|2 2 2 2 2 2 2 2 2 2 2 2 2 2 2|2 2 2 2 2 2 2 2 2 2 2 2 2 2 2|2 2 2 2 2 2 2 2 2 2 2 2 2 2 2|2 2 2 2 2 2 2 2 2 2 2 2 2 2 2

The final result:
fmax = 96.9975782261625
fmin = 96.98768880587068
fmean = 96.98918438281176
standard std = 0.002521577936851418
The number of total device = 960
The number of various devices = 64 64 64 64 64 64 64 64 64 64 64 64 64 64 64
The optimal allocation = 2 2 2 2 2 2 2 2 2 2 2 2 2 2 2|2 2 2 2 2 2 2 2 2 2 2 2 2 2 2|2 2 2 2 2 2 2 2 2 2 2 2 2 2 2|2 2 2 2 2 2 2 2 2 2 2 2 2 2 2|2 2 2 2 2 2 2 2 2 2 2 2 2 2 2|2 2 2 2 2 2 2 2 2 2 2 2 2 2 2|2 2 2 2 2 2 2 2 2 2 2 2 2 2 2|2 2 2 2 2 2 2 2 2 2 2 2 2 2 2|2 2 2 2 2 2 2 2 2 2 2 3 2 2 2|2 2 2 2 2 2 2 2 2 2 2 2 2 2 2|2 2 2 2 2 2 2 2 2 2 2 2 2 2 2|2 2 2 2 2 2 2 2 2 2 2 2 2 2 2|2 2 2 2 2 2 2 2 2 2 2 2 2 2 2|2 2 2 2 2 2 2 2 2 2 2 2 2 2 2|2 2 2 2 2 2 2 2 2 2 2 2 2 2 2|2 2 2 2 2 2 2 2 2 2 2 2 2 2 2|2 2 2 2 2 2 2 2 2 2 2 2 2 2 2|2 2 2 2 2 2 2 2 2 2 2 2 2 2 2|2 2 2 2 2 2 2 2 2 2 2 2 2 2 2|2 2 2 2 2 2 2 2 2 2 2 2 2 2 2|2 2 2 2 2 2 2 2 2 2 2 3 3 2 2|2 2 2 2 2 2 2 2 2 2 2 2 2 2 2|2 2 2 2 2 2 2 2 2 2 2 2 2 2 2|2 2 2 2 2 2 2 2 2 2 2 2 2 2 2|2 2 2 2 2 2 2 2 2 2 2 1 1 2 2|2 2 2 2 2 2 2 2 2 2 2 1 2 2 2|2 2 2 2 2 2 2 2 2 2 2 2 2 2 2|2 2 2 2 2 2 2 2 2 2 2 2 2 2 2|2 2 2 2 2 2 2 2 2 2 2 2 2 2 2|2 2 2 2 2 2 2 2 2 2 2 2 2 2 2|2 2 2 2 2 2 2 2 2 2 2 2 2 2 2|2 2 2 2 2 2 2 2 2 2 2 2 2 2 2
