第1个最优解：
Iter = 1970
Nfe = 98520
Fitness = 28.94535406016487
The number of total device = 960
The number of various devices = 64 64 64 64 64 64 64 64 64 64 64 64 64 64 64
The scheme of allocation = 14 8 33 10 0 4 22 3 24 8 11 9 14 18 9|1 14 19 19 23 8 8 1 3 13 3 9 13 8 8|21 2 11 13 0 11 6 3 11 13 11 14 14 10 9|8 3 0 3 2 3 3 26 12 4 9 11 8 21 9|5 11 1 12 6 0 6 8 3 2 0 0 3 4 10|0 16 0 7 5 16 15 4 0 8 15 16 4 3 11|8 10 0 0 8 2 0 9 6 3 13 5 5 0 2|1 0 0 0 3 4 0 9 5 3 2 0 0 0 6|0 0 0 0 4 16 4 1 0 0 0 0 3 0 0|6 0 0 0 6 0 0 0 0 0 0 0 0 0 0|0 0 0 0 0 0 0 0 0 10 0 0 0 0 0|0 0 0 0 0 0 0 0 0 0 0 0 0 0 0|0 0 0 0 7 0 0 0 0 0 0 0 0 0 0|0 0 0 0 0 0 0 0 0 0 0 0 0 0 0|0 0 0 0 0 0 0 0 0 0 0 0 0 0 0|0 0 0 0 0 0 0 0 0 0 0 0 0 0 0|0 0 0 0 0 0 0 0 0 0 0 0 0 0 0|0 0 0 0 0 0 0 0 0 0 0 0 0 0 0|0 0 0 0 0 0 0 0 0 0 0 0 0 0 0|0 0 0 0 0 0 0 0 0 0 0 0 0 0 0|0 0 0 0 0 0 0 0 0 0 0 0 0 0 0|0 0 0 0 0 0 0 0 0 0 0 0 0 0 0|0 0 0 0 0 0 0 0 0 0 0 0 0 0 0|0 0 0 0 0 0 0 0 0 0 0 0 0 0 0|0 0 0 0 0 0 0 0 0 0 0 0 0 0 0|0 0 0 0 0 0 0 0 0 0 0 0 0 0 0|0 0 0 0 0 0 0 0 0 0 0 0 0 0 0|0 0 0 0 0 0 0 0 0 0 0 0 0 0 0|0 0 0 0 0 0 0 0 0 0 0 0 0 0 0|0 0 0 0 0 0 0 0 0 0 0 0 0 0 0|0 0 0 0 0 0 0 0 0 0 0 0 0 0 0|0 0 0 0 0 0 0 0 0 0 0 0 0 0 0

第2个最优解：
Iter = 1960
Nfe = 98035
Fitness = 27.52962567768236
The number of total device = 960
The number of various devices = 64 64 64 64 64 64 64 64 64 64 64 64 64 64 64
The scheme of allocation = 3 17 7 15 14 11 15 12 3 18 4 18 1 10 0|26 9 11 16 4 2 3 15 0 13 4 30 11 10 10|13 9 15 10 23 7 24 6 24 8 14 7 22 0 8|2 6 2 14 3 4 2 12 23 5 3 1 7 8 8|4 9 2 0 2 1 9 10 9 7 17 0 15 9 12|11 14 5 1 5 12 11 0 0 5 5 4 0 25 9|2 0 6 3 5 9 0 9 5 8 0 4 0 2 0|3 0 6 0 0 6 0 0 0 0 16 0 8 0 1|0 0 0 0 8 0 0 0 0 0 0 0 0 0 0|0 0 0 5 0 12 0 0 0 0 0 0 0 0 5|0 0 10 0 0 0 0 0 0 0 1 0 0 0 11|0 0 0 0 0 0 0 0 0 0 0 0 0 0 0|0 0 0 0 0 0 0 0 0 0 0 0 0 0 0|0 0 0 0 0 0 0 0 0 0 0 0 0 0 0|0 0 0 0 0 0 0 0 0 0 0 0 0 0 0|0 0 0 0 0 0 0 0 0 0 0 0 0 0 0|0 0 0 0 0 0 0 0 0 0 0 0 0 0 0|0 0 0 0 0 0 0 0 0 0 0 0 0 0 0|0 0 0 0 0 0 0 0 0 0 0 0 0 0 0|0 0 0 0 0 0 0 0 0 0 0 0 0 0 0|0 0 0 0 0 0 0 0 0 0 0 0 0 0 0|0 0 0 0 0 0 0 0 0 0 0 0 0 0 0|0 0 0 0 0 0 0 0 0 0 0 0 0 0 0|0 0 0 0 0 0 0 0 0 0 0 0 0 0 0|0 0 0 0 0 0 0 0 0 0 0 0 0 0 0|0 0 0 0 0 0 0 0 0 0 0 0 0 0 0|0 0 0 0 0 0 0 0 0 0 0 0 0 0 0|0 0 0 0 0 0 0 0 0 0 0 0 0 0 0|0 0 0 0 0 0 0 0 0 0 0 0 0 0 0|0 0 0 0 0 0 0 0 0 0 0 0 0 0 0|0 0 0 0 0 0 0 0 0 0 0 0 0 0 0|0 0 0 0 0 0 0 0 0 0 0 0 0 0 0

第3个最优解：
Iter = 1873
Nfe = 93689
Fitness = 29.754582967437
The number of total device = 960
The number of various devices = 64 64 64 64 64 64 64 64 64 64 64 64 64 64 64
The scheme of allocation = 4 8 28 4 10 12 11 22 3 9 9 13 8 9 9|21 12 9 7 5 14 2 13 11 23 5 13 7 3 8|8 15 7 16 10 12 5 7 5 8 4 5 3 9 15|7 15 2 5 18 3 4 12 9 10 2 3 8 12 5|0 14 0 0 0 2 8 4 5 7 3 10 7 15 5|19 0 0 5 21 10 8 0 10 0 3 8 7 7 10|0 0 0 14 0 11 2 0 7 2 7 4 6 0 0|5 0 18 6 0 0 13 0 5 5 8 8 7 0 0|0 0 0 7 0 0 6 0 9 0 0 0 11 9 5|0 0 0 0 0 0 0 6 0 0 23 0 0 0 0|0 0 0 0 0 0 5 0 0 0 0 0 0 0 0|0 0 0 0 0 0 0 0 0 0 0 0 0 0 7|0 0 0 0 0 0 0 0 0 0 0 0 0 0 0|0 0 0 0 0 0 0 0 0 0 0 0 0 0 0|0 0 0 0 0 0 0 0 0 0 0 0 0 0 0|0 0 0 0 0 0 0 0 0 0 0 0 0 0 0|0 0 0 0 0 0 0 0 0 0 0 0 0 0 0|0 0 0 0 0 0 0 0 0 0 0 0 0 0 0|0 0 0 0 0 0 0 0 0 0 0 0 0 0 0|0 0 0 0 0 0 0 0 0 0 0 0 0 0 0|0 0 0 0 0 0 0 0 0 0 0 0 0 0 0|0 0 0 0 0 0 0 0 0 0 0 0 0 0 0|0 0 0 0 0 0 0 0 0 0 0 0 0 0 0|0 0 0 0 0 0 0 0 0 0 0 0 0 0 0|0 0 0 0 0 0 0 0 0 0 0 0 0 0 0|0 0 0 0 0 0 0 0 0 0 0 0 0 0 0|0 0 0 0 0 0 0 0 0 0 0 0 0 0 0|0 0 0 0 0 0 0 0 0 0 0 0 0 0 0|0 0 0 0 0 0 0 0 0 0 0 0 0 0 0|0 0 0 0 0 0 0 0 0 0 0 0 0 0 0|0 0 0 0 0 0 0 0 0 0 0 0 0 0 0|0 0 0 0 0 0 0 0 0 0 0 0 0 0 0

第4个最优解：
Iter = 1987
Nfe = 99371
Fitness = 29.00971525158899
The number of total device = 960
The number of various devices = 64 64 64 64 64 64 64 64 64 64 64 64 64 64 64
The scheme of allocation = 4 5 6 8 11 14 6 14 8 4 7 7 6 12 7|7 19 7 9 12 3 10 7 8 15 6 7 10 14 13|28 13 11 0 10 3 9 12 20 11 10 7 21 7 10|8 7 10 15 3 9 11 5 0 8 10 8 5 13 8|0 0 0 11 3 8 0 6 5 11 6 0 0 0 10|9 0 9 21 13 12 8 6 8 4 8 11 7 8 0|8 0 2 0 8 8 11 0 8 0 0 8 0 10 6|0 14 0 0 0 0 0 8 7 11 17 8 0 0 10|0 6 9 0 0 0 9 6 0 0 0 0 15 0 0|0 0 0 0 4 7 0 0 0 0 0 0 0 0 0|0 0 0 0 0 0 0 0 0 0 0 0 0 0 0|0 0 0 0 0 0 0 0 0 0 0 0 0 0 0|0 0 10 0 0 0 0 0 0 0 0 0 0 0 0|0 0 0 0 0 0 0 0 0 0 0 8 0 0 0|0 0 0 0 0 0 0 0 0 0 0 0 0 0 0|0 0 0 0 0 0 0 0 0 0 0 0 0 0 0|0 0 0 0 0 0 0 0 0 0 0 0 0 0 0|0 0 0 0 0 0 0 0 0 0 0 0 0 0 0|0 0 0 0 0 0 0 0 0 0 0 0 0 0 0|0 0 0 0 0 0 0 0 0 0 0 0 0 0 0|0 0 0 0 0 0 0 0 0 0 0 0 0 0 0|0 0 0 0 0 0 0 0 0 0 0 0 0 0 0|0 0 0 0 0 0 0 0 0 0 0 0 0 0 0|0 0 0 0 0 0 0 0 0 0 0 0 0 0 0|0 0 0 0 0 0 0 0 0 0 0 0 0 0 0|0 0 0 0 0 0 0 0 0 0 0 0 0 0 0|0 0 0 0 0 0 0 0 0 0 0 0 0 0 0|0 0 0 0 0 0 0 0 0 0 0 0 0 0 0|0 0 0 0 0 0 0 0 0 0 0 0 0 0 0|0 0 0 0 0 0 0 0 0 0 0 0 0 0 0|0 0 0 0 0 0 0 0 0 0 0 0 0 0 0|0 0 0 0 0 0 0 0 0 0 0 0 0 0 0

第5个最优解：
Iter = 1995
Nfe = 99795
Fitness = 27.355214453590126
The number of total device = 960
The number of various devices = 64 64 64 64 64 64 64 64 64 64 64 64 64 64 64
The scheme of allocation = 13 2 7 9 17 8 27 4 8 25 17 6 8 21 4|4 6 11 3 3 8 10 2 17 3 1 16 4 16 1|8 19 5 22 14 23 24 19 29 17 5 18 15 8 14|6 16 18 8 23 24 0 15 4 2 17 7 16 7 5|20 3 1 13 2 1 3 13 6 8 12 10 5 2 0|10 6 16 9 0 0 0 11 0 4 3 0 0 2 22|0 1 6 0 0 0 0 0 0 2 7 0 3 7 5|3 0 0 0 0 0 0 0 0 3 0 7 3 1 1|0 1 0 0 2 0 0 0 0 0 2 0 0 0 2|0 4 0 0 0 0 0 0 0 0 0 0 5 0 2|0 3 0 0 0 0 0 0 0 0 0 0 5 0 2|0 3 0 0 0 0 0 0 0 0 0 0 0 0 6|0 0 0 0 3 0 0 0 0 0 0 0 0 0 0|0 0 0 0 0 0 0 0 0 0 0 0 0 0 0|0 0 0 0 0 0 0 0 0 0 0 0 0 0 0|0 0 0 0 0 0 0 0 0 0 0 0 0 0 0|0 0 0 0 0 0 0 0 0 0 0 0 0 0 0|0 0 0 0 0 0 0 0 0 0 0 0 0 0 0|0 0 0 0 0 0 0 0 0 0 0 0 0 0 0|0 0 0 0 0 0 0 0 0 0 0 0 0 0 0|0 0 0 0 0 0 0 0 0 0 0 0 0 0 0|0 0 0 0 0 0 0 0 0 0 0 0 0 0 0|0 0 0 0 0 0 0 0 0 0 0 0 0 0 0|0 0 0 0 0 0 0 0 0 0 0 0 0 0 0|0 0 0 0 0 0 0 0 0 0 0 0 0 0 0|0 0 0 0 0 0 0 0 0 0 0 0 0 0 0|0 0 0 0 0 0 0 0 0 0 0 0 0 0 0|0 0 0 0 0 0 0 0 0 0 0 0 0 0 0|0 0 0 0 0 0 0 0 0 0 0 0 0 0 0|0 0 0 0 0 0 0 0 0 0 0 0 0 0 0|0 0 0 0 0 0 0 0 0 0 0 0 0 0 0|0 0 0 0 0 0 0 0 0 0 0 0 0 0 0

第6个最优解：
Iter = 1944
Nfe = 97239
Fitness = 28.926169875204934
The number of total device = 960
The number of various devices = 64 64 64 64 64 64 64 64 64 64 64 64 64 64 64
The scheme of allocation = 14 11 6 6 9 18 7 20 6 9 15 3 7 24 5|6 12 9 3 0 15 8 4 14 8 7 4 5 7 26|17 14 10 5 2 16 6 4 18 7 6 6 19 8 11|7 18 7 18 3 5 1 7 6 0 2 14 21 3 22|2 0 9 8 2 10 16 10 3 0 11 7 0 6 0|10 9 5 5 14 0 14 6 5 0 0 11 12 5 0|8 0 4 9 7 0 0 8 5 0 12 4 0 5 0|0 0 7 10 5 0 12 0 7 22 5 12 0 6 0|0 0 7 0 7 0 0 0 0 0 6 0 0 0 0|0 0 0 0 15 0 0 4 0 0 0 3 0 0 0|0 0 0 0 0 0 0 1 0 5 0 0 0 0 0|0 0 0 0 0 0 0 0 0 0 0 0 0 0 0|0 0 0 0 0 0 0 0 0 0 0 0 0 0 0|0 0 0 0 0 0 0 0 0 0 0 0 0 0 0|0 0 0 0 0 0 0 0 0 13 0 0 0 0 0|0 0 0 0 0 0 0 0 0 0 0 0 0 0 0|0 0 0 0 0 0 0 0 0 0 0 0 0 0 0|0 0 0 0 0 0 0 0 0 0 0 0 0 0 0|0 0 0 0 0 0 0 0 0 0 0 0 0 0 0|0 0 0 0 0 0 0 0 0 0 0 0 0 0 0|0 0 0 0 0 0 0 0 0 0 0 0 0 0 0|0 0 0 0 0 0 0 0 0 0 0 0 0 0 0|0 0 0 0 0 0 0 0 0 0 0 0 0 0 0|0 0 0 0 0 0 0 0 0 0 0 0 0 0 0|0 0 0 0 0 0 0 0 0 0 0 0 0 0 0|0 0 0 0 0 0 0 0 0 0 0 0 0 0 0|0 0 0 0 0 0 0 0 0 0 0 0 0 0 0|0 0 0 0 0 0 0 0 0 0 0 0 0 0 0|0 0 0 0 0 0 0 0 0 0 0 0 0 0 0|0 0 0 0 0 0 0 0 0 0 0 0 0 0 0|0 0 0 0 0 0 0 0 0 0 0 0 0 0 0|0 0 0 0 0 0 0 0 0 0 0 0 0 0 0

第7个最优解：
Iter = 1868
Nfe = 93433
Fitness = 29.04074342578488
The number of total device = 960
The number of various devices = 64 64 64 64 64 64 64 64 64 64 64 64 64 64 64
The scheme of allocation = 13 6 7 6 12 17 13 0 19 17 4 19 15 3 11|11 31 9 12 9 18 11 11 19 23 7 7 13 15 3|10 19 12 15 6 11 9 8 15 5 20 8 17 9 25|7 0 3 5 5 7 8 8 10 6 0 12 3 7 2|0 8 5 10 11 3 0 3 1 3 2 0 4 5 0|10 0 8 11 12 8 0 11 0 10 14 0 3 13 10|3 0 5 5 4 0 12 0 0 0 5 5 4 12 2|6 0 9 0 5 0 11 0 0 0 7 7 0 0 6|0 0 3 0 0 0 0 12 0 0 5 0 5 0 0|4 0 3 0 0 0 0 9 0 0 0 3 0 0 0|0 0 0 0 0 0 0 0 0 0 0 0 0 0 5|0 0 0 0 0 0 0 2 0 0 0 0 0 0 0|0 0 0 0 0 0 0 0 0 0 0 0 0 0 0|0 0 0 0 0 0 0 0 0 0 0 3 0 0 0|0 0 0 0 0 0 0 0 0 0 0 0 0 0 0|0 0 0 0 0 0 0 0 0 0 0 0 0 0 0|0 0 0 0 0 0 0 0 0 0 0 0 0 0 0|0 0 0 0 0 0 0 0 0 0 0 0 0 0 0|0 0 0 0 0 0 0 0 0 0 0 0 0 0 0|0 0 0 0 0 0 0 0 0 0 0 0 0 0 0|0 0 0 0 0 0 0 0 0 0 0 0 0 0 0|0 0 0 0 0 0 0 0 0 0 0 0 0 0 0|0 0 0 0 0 0 0 0 0 0 0 0 0 0 0|0 0 0 0 0 0 0 0 0 0 0 0 0 0 0|0 0 0 0 0 0 0 0 0 0 0 0 0 0 0|0 0 0 0 0 0 0 0 0 0 0 0 0 0 0|0 0 0 0 0 0 0 0 0 0 0 0 0 0 0|0 0 0 0 0 0 0 0 0 0 0 0 0 0 0|0 0 0 0 0 0 0 0 0 0 0 0 0 0 0|0 0 0 0 0 0 0 0 0 0 0 0 0 0 0|0 0 0 0 0 0 0 0 0 0 0 0 0 0 0|0 0 0 0 0 0 0 0 0 0 0 0 0 0 0

第8个最优解：
Iter = 1998
Nfe = 99925
Fitness = 30.635094182269377
The number of total device = 960
The number of various devices = 64 64 64 64 64 64 64 64 64 64 64 64 64 64 64
The scheme of allocation = 9 9 6 5 13 10 6 11 7 8 2 11 7 7 4|11 6 5 16 18 10 10 12 20 9 16 8 10 4 12|0 24 8 7 4 11 20 2 23 8 5 3 4 13 17|3 4 6 3 7 31 11 3 2 9 16 3 7 8 14|17 6 6 0 0 2 8 9 4 9 0 0 2 7 3|17 12 11 8 16 0 6 4 8 0 7 8 12 8 7|4 0 5 5 6 0 3 8 0 7 3 2 11 0 0|0 3 11 8 0 0 0 12 0 4 7 8 0 17 0|3 0 0 2 0 0 0 0 0 0 4 21 11 0 4|0 0 6 8 0 0 0 0 0 0 4 0 0 0 3|0 0 0 2 0 0 0 3 0 0 0 0 0 0 0|0 0 0 0 0 0 0 0 0 10 0 0 0 0 0|0 0 0 0 0 0 0 0 0 0 0 0 0 0 0|0 0 0 0 0 0 0 0 0 0 0 0 0 0 0|0 0 0 0 0 0 0 0 0 0 0 0 0 0 0|0 0 0 0 0 0 0 0 0 0 0 0 0 0 0|0 0 0 0 0 0 0 0 0 0 0 0 0 0 0|0 0 0 0 0 0 0 0 0 0 0 0 0 0 0|0 0 0 0 0 0 0 0 0 0 0 0 0 0 0|0 0 0 0 0 0 0 0 0 0 0 0 0 0 0|0 0 0 0 0 0 0 0 0 0 0 0 0 0 0|0 0 0 0 0 0 0 0 0 0 0 0 0 0 0|0 0 0 0 0 0 0 0 0 0 0 0 0 0 0|0 0 0 0 0 0 0 0 0 0 0 0 0 0 0|0 0 0 0 0 0 0 0 0 0 0 0 0 0 0|0 0 0 0 0 0 0 0 0 0 0 0 0 0 0|0 0 0 0 0 0 0 0 0 0 0 0 0 0 0|0 0 0 0 0 0 0 0 0 0 0 0 0 0 0|0 0 0 0 0 0 0 0 0 0 0 0 0 0 0|0 0 0 0 0 0 0 0 0 0 0 0 0 0 0|0 0 0 0 0 0 0 0 0 0 0 0 0 0 0|0 0 0 0 0 0 0 0 0 0 0 0 0 0 0

第9个最优解：
Iter = 1994
Nfe = 99724
Fitness = 29.35228539689269
The number of total device = 960
The number of various devices = 64 64 64 64 64 64 64 64 64 64 64 64 64 64 64
The scheme of allocation = 12 11 8 5 8 3 16 7 4 8 7 16 9 7 4|6 8 4 5 6 6 15 5 7 11 3 12 11 14 21|13 20 10 7 5 14 19 5 9 4 6 16 12 11 12|6 25 9 11 18 17 5 7 15 4 10 3 6 12 4|10 0 5 6 4 4 0 1 0 0 0 17 18 3 0|10 0 8 5 9 4 9 8 7 8 8 0 0 11 15|0 0 3 3 5 16 0 5 11 11 0 0 2 6 0|0 0 17 4 9 0 0 8 11 14 12 0 6 0 0|0 0 0 18 0 0 0 9 0 0 0 0 0 0 8|7 0 0 0 0 0 0 4 0 4 0 0 0 0 0|0 0 0 0 0 0 0 2 0 0 9 0 0 0 0|0 0 0 0 0 0 0 0 0 0 9 0 0 0 0|0 0 0 0 0 0 0 0 0 0 0 0 0 0 0|0 0 0 0 0 0 0 0 0 0 0 0 0 0 0|0 0 0 0 0 0 0 3 0 0 0 0 0 0 0|0 0 0 0 0 0 0 0 0 0 0 0 0 0 0|0 0 0 0 0 0 0 0 0 0 0 0 0 0 0|0 0 0 0 0 0 0 0 0 0 0 0 0 0 0|0 0 0 0 0 0 0 0 0 0 0 0 0 0 0|0 0 0 0 0 0 0 0 0 0 0 0 0 0 0|0 0 0 0 0 0 0 0 0 0 0 0 0 0 0|0 0 0 0 0 0 0 0 0 0 0 0 0 0 0|0 0 0 0 0 0 0 0 0 0 0 0 0 0 0|0 0 0 0 0 0 0 0 0 0 0 0 0 0 0|0 0 0 0 0 0 0 0 0 0 0 0 0 0 0|0 0 0 0 0 0 0 0 0 0 0 0 0 0 0|0 0 0 0 0 0 0 0 0 0 0 0 0 0 0|0 0 0 0 0 0 0 0 0 0 0 0 0 0 0|0 0 0 0 0 0 0 0 0 0 0 0 0 0 0|0 0 0 0 0 0 0 0 0 0 0 0 0 0 0|0 0 0 0 0 0 0 0 0 0 0 0 0 0 0|0 0 0 0 0 0 0 0 0 0 0 0 0 0 0

第10个最优解：
Iter = 1948
Nfe = 97421
Fitness = 28.72115654186594
The number of total device = 960
The number of various devices = 64 64 64 64 64 64 64 64 64 64 64 64 64 64 64
The scheme of allocation = 21 14 0 6 4 4 14 21 0 8 16 7 5 8 7|7 25 21 6 8 11 9 8 9 26 8 13 3 11 5|11 9 25 2 11 8 13 5 9 7 7 8 9 9 8|8 13 14 7 0 0 7 4 22 0 7 16 0 11 4|0 3 0 3 6 8 0 3 5 0 4 0 3 4 4|2 0 0 5 5 8 16 10 3 23 3 0 20 5 23|0 0 4 13 3 11 5 3 16 0 0 0 8 7 1|0 0 0 0 7 6 0 10 0 0 10 0 7 1 12|6 0 0 10 3 0 0 0 0 0 0 20 9 0 0|9 0 0 12 0 8 0 0 0 0 0 0 0 8 0|0 0 0 0 14 0 0 0 0 0 0 0 0 0 0|0 0 0 0 3 0 0 0 0 0 9 0 0 0 0|0 0 0 0 0 0 0 0 0 0 0 0 0 0 0|0 0 0 0 0 0 0 0 0 0 0 0 0 0 0|0 0 0 0 0 0 0 0 0 0 0 0 0 0 0|0 0 0 0 0 0 0 0 0 0 0 0 0 0 0|0 0 0 0 0 0 0 0 0 0 0 0 0 0 0|0 0 0 0 0 0 0 0 0 0 0 0 0 0 0|0 0 0 0 0 0 0 0 0 0 0 0 0 0 0|0 0 0 0 0 0 0 0 0 0 0 0 0 0 0|0 0 0 0 0 0 0 0 0 0 0 0 0 0 0|0 0 0 0 0 0 0 0 0 0 0 0 0 0 0|0 0 0 0 0 0 0 0 0 0 0 0 0 0 0|0 0 0 0 0 0 0 0 0 0 0 0 0 0 0|0 0 0 0 0 0 0 0 0 0 0 0 0 0 0|0 0 0 0 0 0 0 0 0 0 0 0 0 0 0|0 0 0 0 0 0 0 0 0 0 0 0 0 0 0|0 0 0 0 0 0 0 0 0 0 0 0 0 0 0|0 0 0 0 0 0 0 0 0 0 0 0 0 0 0|0 0 0 0 0 0 0 0 0 0 0 0 0 0 0|0 0 0 0 0 0 0 0 0 0 0 0 0 0 0|0 0 0 0 0 0 0 0 0 0 0 0 0 0 0

第11个最优解：
Iter = 1993
Nfe = 99662
Fitness = 30.215310352865423
The number of total device = 960
The number of various devices = 64 64 64 64 64 64 64 64 64 64 64 64 64 64 64
The scheme of allocation = 5 2 9 5 7 27 11 24 12 24 10 4 4 6 3|14 16 11 17 5 11 11 11 11 8 8 6 26 9 8|6 7 7 6 6 12 5 13 9 5 19 13 0 12 16|6 6 6 20 2 0 7 9 9 5 12 7 7 20 7|3 8 2 2 27 3 2 7 7 0 4 6 14 0 12|1 0 3 9 3 3 0 0 8 0 0 5 0 0 4|5 10 0 0 7 5 4 0 7 4 0 14 8 2 6|5 0 8 5 3 3 0 0 0 7 0 3 5 15 0|12 15 8 0 0 0 11 0 1 11 11 2 0 0 8|0 0 0 0 4 0 0 0 0 0 0 0 0 0 0|7 0 10 0 0 0 13 0 0 0 0 0 0 0 0|0 0 0 0 0 0 0 0 0 0 0 4 0 0 0|0 0 0 0 0 0 0 0 0 0 0 0 0 0 0|0 0 0 0 0 0 0 0 0 0 0 0 0 0 0|0 0 0 0 0 0 0 0 0 0 0 0 0 0 0|0 0 0 0 0 0 0 0 0 0 0 0 0 0 0|0 0 0 0 0 0 0 0 0 0 0 0 0 0 0|0 0 0 0 0 0 0 0 0 0 0 0 0 0 0|0 0 0 0 0 0 0 0 0 0 0 0 0 0 0|0 0 0 0 0 0 0 0 0 0 0 0 0 0 0|0 0 0 0 0 0 0 0 0 0 0 0 0 0 0|0 0 0 0 0 0 0 0 0 0 0 0 0 0 0|0 0 0 0 0 0 0 0 0 0 0 0 0 0 0|0 0 0 0 0 0 0 0 0 0 0 0 0 0 0|0 0 0 0 0 0 0 0 0 0 0 0 0 0 0|0 0 0 0 0 0 0 0 0 0 0 0 0 0 0|0 0 0 0 0 0 0 0 0 0 0 0 0 0 0|0 0 0 0 0 0 0 0 0 0 0 0 0 0 0|0 0 0 0 0 0 0 0 0 0 0 0 0 0 0|0 0 0 0 0 0 0 0 0 0 0 0 0 0 0|0 0 0 0 0 0 0 0 0 0 0 0 0 0 0|0 0 0 0 0 0 0 0 0 0 0 0 0 0 0

第12个最优解：
Iter = 1931
Nfe = 96574
Fitness = 30.3395751211868
The number of total device = 960
The number of various devices = 64 64 64 64 64 64 64 64 64 64 64 64 64 64 64
The scheme of allocation = 10 1 9 27 3 8 5 21 17 9 4 19 0 6 14|10 5 5 0 11 23 7 5 12 11 7 4 23 18 6|13 13 20 4 9 5 11 16 9 12 7 8 3 9 6|2 6 0 5 12 10 2 7 20 2 2 3 10 0 9|23 4 10 3 4 0 9 3 0 0 0 3 15 3 5|6 17 8 4 6 3 6 0 0 19 13 13 6 10 2|0 4 0 0 0 0 3 2 2 0 19 5 4 0 13|0 5 8 6 5 0 3 0 4 11 2 0 3 0 9|0 9 0 0 0 0 8 0 0 0 6 9 0 18 0|0 0 4 0 9 15 0 0 0 0 4 0 0 0 0|0 0 0 15 5 0 4 0 0 0 0 0 0 0 0|0 0 0 0 0 0 0 10 0 0 0 0 0 0 0|0 0 0 0 0 0 6 0 0 0 0 0 0 0 0|0 0 0 0 0 0 0 0 0 0 0 0 0 0 0|0 0 0 0 0 0 0 0 0 0 0 0 0 0 0|0 0 0 0 0 0 0 0 0 0 0 0 0 0 0|0 0 0 0 0 0 0 0 0 0 0 0 0 0 0|0 0 0 0 0 0 0 0 0 0 0 0 0 0 0|0 0 0 0 0 0 0 0 0 0 0 0 0 0 0|0 0 0 0 0 0 0 0 0 0 0 0 0 0 0|0 0 0 0 0 0 0 0 0 0 0 0 0 0 0|0 0 0 0 0 0 0 0 0 0 0 0 0 0 0|0 0 0 0 0 0 0 0 0 0 0 0 0 0 0|0 0 0 0 0 0 0 0 0 0 0 0 0 0 0|0 0 0 0 0 0 0 0 0 0 0 0 0 0 0|0 0 0 0 0 0 0 0 0 0 0 0 0 0 0|0 0 0 0 0 0 0 0 0 0 0 0 0 0 0|0 0 0 0 0 0 0 0 0 0 0 0 0 0 0|0 0 0 0 0 0 0 0 0 0 0 0 0 0 0|0 0 0 0 0 0 0 0 0 0 0 0 0 0 0|0 0 0 0 0 0 0 0 0 0 0 0 0 0 0|0 0 0 0 0 0 0 0 0 0 0 0 0 0 0

第13个最优解：
Iter = 1933
Nfe = 96689
Fitness = 28.808018390152565
The number of total device = 960
The number of various devices = 64 64 64 64 64 64 64 64 64 64 64 64 64 64 64
The scheme of allocation = 15 14 15 19 0 21 10 10 4 16 3 3 4 7 4|10 7 9 18 2 11 6 4 7 10 11 4 4 6 4|8 5 7 14 15 7 3 7 14 15 8 28 10 14 6|14 7 4 6 7 13 3 12 6 3 20 8 16 0 10|12 8 9 7 16 7 14 14 4 0 0 0 0 9 5|0 5 9 0 0 0 4 11 11 0 0 13 0 10 11|5 0 3 0 7 5 6 6 6 12 0 0 5 0 0|0 0 0 0 9 0 9 0 8 8 0 0 14 5 11|0 18 8 0 0 0 3 0 4 0 22 8 5 13 13|0 0 0 0 8 0 0 0 0 0 0 0 0 0 0|0 0 0 0 0 0 0 0 0 0 0 0 6 0 0|0 0 0 0 0 0 6 0 0 0 0 0 0 0 0|0 0 0 0 0 0 0 0 0 0 0 0 0 0 0|0 0 0 0 0 0 0 0 0 0 0 0 0 0 0|0 0 0 0 0 0 0 0 0 0 0 0 0 0 0|0 0 0 0 0 0 0 0 0 0 0 0 0 0 0|0 0 0 0 0 0 0 0 0 0 0 0 0 0 0|0 0 0 0 0 0 0 0 0 0 0 0 0 0 0|0 0 0 0 0 0 0 0 0 0 0 0 0 0 0|0 0 0 0 0 0 0 0 0 0 0 0 0 0 0|0 0 0 0 0 0 0 0 0 0 0 0 0 0 0|0 0 0 0 0 0 0 0 0 0 0 0 0 0 0|0 0 0 0 0 0 0 0 0 0 0 0 0 0 0|0 0 0 0 0 0 0 0 0 0 0 0 0 0 0|0 0 0 0 0 0 0 0 0 0 0 0 0 0 0|0 0 0 0 0 0 0 0 0 0 0 0 0 0 0|0 0 0 0 0 0 0 0 0 0 0 0 0 0 0|0 0 0 0 0 0 0 0 0 0 0 0 0 0 0|0 0 0 0 0 0 0 0 0 0 0 0 0 0 0|0 0 0 0 0 0 0 0 0 0 0 0 0 0 0|0 0 0 0 0 0 0 0 0 0 0 0 0 0 0|0 0 0 0 0 0 0 0 0 0 0 0 0 0 0

第14个最优解：
Iter = 1919
Nfe = 95950
Fitness = 29.14090952800577
The number of total device = 960
The number of various devices = 64 64 64 64 64 64 64 64 64 64 64 64 64 64 64
The scheme of allocation = 8 0 12 8 4 8 9 14 27 25 7 23 10 16 10|12 18 6 10 4 6 4 19 13 26 6 8 9 3 17|6 6 10 13 20 15 13 5 9 11 10 3 4 16 5|8 14 16 12 6 7 2 5 7 0 13 4 2 6 17|1 10 0 8 0 0 7 9 0 0 3 1 6 13 0|9 0 5 0 6 13 0 12 0 0 6 7 10 0 4|2 7 0 0 0 6 0 0 8 2 8 6 9 5 0|0 9 12 0 0 0 0 0 0 0 0 12 8 0 11|12 0 0 9 0 0 8 0 0 0 0 0 6 5 0|0 0 3 4 2 0 2 0 0 0 0 0 0 0 0|0 0 0 0 9 9 6 0 0 0 11 0 0 0 0|0 0 0 0 5 0 13 0 0 0 0 0 0 0 0|0 0 0 0 0 0 0 0 0 0 0 0 0 0 0|6 0 0 0 8 0 0 0 0 0 0 0 0 0 0|0 0 0 0 0 0 0 0 0 0 0 0 0 0 0|0 0 0 0 0 0 0 0 0 0 0 0 0 0 0|0 0 0 0 0 0 0 0 0 0 0 0 0 0 0|0 0 0 0 0 0 0 0 0 0 0 0 0 0 0|0 0 0 0 0 0 0 0 0 0 0 0 0 0 0|0 0 0 0 0 0 0 0 0 0 0 0 0 0 0|0 0 0 0 0 0 0 0 0 0 0 0 0 0 0|0 0 0 0 0 0 0 0 0 0 0 0 0 0 0|0 0 0 0 0 0 0 0 0 0 0 0 0 0 0|0 0 0 0 0 0 0 0 0 0 0 0 0 0 0|0 0 0 0 0 0 0 0 0 0 0 0 0 0 0|0 0 0 0 0 0 0 0 0 0 0 0 0 0 0|0 0 0 0 0 0 0 0 0 0 0 0 0 0 0|0 0 0 0 0 0 0 0 0 0 0 0 0 0 0|0 0 0 0 0 0 0 0 0 0 0 0 0 0 0|0 0 0 0 0 0 0 0 0 0 0 0 0 0 0|0 0 0 0 0 0 0 0 0 0 0 0 0 0 0|0 0 0 0 0 0 0 0 0 0 0 0 0 0 0

第15个最优解：
Iter = 1961
Nfe = 98068
Fitness = 29.25216270633597
The number of total device = 960
The number of various devices = 64 64 64 64 64 64 64 64 64 64 64 64 64 64 64
The scheme of allocation = 6 14 9 0 10 16 4 11 8 18 17 4 8 6 7|16 10 18 16 8 8 0 4 9 15 8 11 8 5 28|5 12 10 3 9 10 7 28 4 8 7 9 9 15 9|9 9 5 8 9 9 12 3 16 19 8 12 6 6 7|13 5 1 0 0 5 0 9 6 0 7 7 10 5 13|15 9 0 11 10 16 13 0 2 4 0 14 5 13 0|0 5 0 7 4 0 12 0 4 0 10 0 11 0 0|0 0 10 5 0 0 3 9 9 0 7 7 0 14 0|0 0 6 2 7 0 4 0 0 0 0 0 7 0 0|0 0 5 6 0 0 0 0 0 0 0 0 0 0 0|0 0 0 6 0 0 0 0 0 0 0 0 0 0 0|0 0 0 0 0 0 0 0 6 0 0 0 0 0 0|0 0 0 0 7 0 0 0 0 0 0 0 0 0 0|0 0 0 0 0 0 9 0 0 0 0 0 0 0 0|0 0 0 0 0 0 0 0 0 0 0 0 0 0 0|0 0 0 0 0 0 0 0 0 0 0 0 0 0 0|0 0 0 0 0 0 0 0 0 0 0 0 0 0 0|0 0 0 0 0 0 0 0 0 0 0 0 0 0 0|0 0 0 0 0 0 0 0 0 0 0 0 0 0 0|0 0 0 0 0 0 0 0 0 0 0 0 0 0 0|0 0 0 0 0 0 0 0 0 0 0 0 0 0 0|0 0 0 0 0 0 0 0 0 0 0 0 0 0 0|0 0 0 0 0 0 0 0 0 0 0 0 0 0 0|0 0 0 0 0 0 0 0 0 0 0 0 0 0 0|0 0 0 0 0 0 0 0 0 0 0 0 0 0 0|0 0 0 0 0 0 0 0 0 0 0 0 0 0 0|0 0 0 0 0 0 0 0 0 0 0 0 0 0 0|0 0 0 0 0 0 0 0 0 0 0 0 0 0 0|0 0 0 0 0 0 0 0 0 0 0 0 0 0 0|0 0 0 0 0 0 0 0 0 0 0 0 0 0 0|0 0 0 0 0 0 0 0 0 0 0 0 0 0 0|0 0 0 0 0 0 0 0 0 0 0 0 0 0 0

第16个最优解：
Iter = 1951
Nfe = 97595
Fitness = 28.134986797613116
The number of total device = 960
The number of various devices = 64 64 64 64 64 64 64 64 64 64 64 64 64 64 64
The scheme of allocation = 12 5 24 12 3 10 15 9 17 1 10 22 9 19 4|16 4 0 12 19 4 22 4 18 7 21 27 12 9 8|10 13 5 11 8 3 13 4 13 20 9 4 24 27 13|2 27 1 15 13 0 14 15 6 0 1 0 3 4 10|5 4 0 0 17 0 0 2 7 7 0 0 9 5 11|6 0 8 0 4 7 0 2 3 10 11 7 7 0 7|4 5 10 0 0 10 0 4 0 3 5 0 0 0 7|4 6 10 14 0 4 0 6 0 9 0 4 0 0 4|0 0 5 0 0 24 0 6 0 7 0 0 0 0 0|5 0 1 0 0 2 0 6 0 0 3 0 0 0 0|0 0 0 0 0 0 0 0 0 0 0 0 0 0 0|0 0 0 0 0 0 0 6 0 0 0 0 0 0 0|0 0 0 0 0 0 0 0 0 0 4 0 0 0 0|0 0 0 0 0 0 0 0 0 0 0 0 0 0 0|0 0 0 0 0 0 0 0 0 0 0 0 0 0 0|0 0 0 0 0 0 0 0 0 0 0 0 0 0 0|0 0 0 0 0 0 0 0 0 0 0 0 0 0 0|0 0 0 0 0 0 0 0 0 0 0 0 0 0 0|0 0 0 0 0 0 0 0 0 0 0 0 0 0 0|0 0 0 0 0 0 0 0 0 0 0 0 0 0 0|0 0 0 0 0 0 0 0 0 0 0 0 0 0 0|0 0 0 0 0 0 0 0 0 0 0 0 0 0 0|0 0 0 0 0 0 0 0 0 0 0 0 0 0 0|0 0 0 0 0 0 0 0 0 0 0 0 0 0 0|0 0 0 0 0 0 0 0 0 0 0 0 0 0 0|0 0 0 0 0 0 0 0 0 0 0 0 0 0 0|0 0 0 0 0 0 0 0 0 0 0 0 0 0 0|0 0 0 0 0 0 0 0 0 0 0 0 0 0 0|0 0 0 0 0 0 0 0 0 0 0 0 0 0 0|0 0 0 0 0 0 0 0 0 0 0 0 0 0 0|0 0 0 0 0 0 0 0 0 0 0 0 0 0 0|0 0 0 0 0 0 0 0 0 0 0 0 0 0 0

第17个最优解：
Iter = 1996
Nfe = 99832
Fitness = 29.729296166319713
The number of total device = 960
The number of various devices = 64 64 64 64 64 64 64 64 64 64 64 64 64 64 64
The scheme of allocation = 26 11 3 7 9 7 14 13 8 11 16 6 7 12 8|8 14 11 7 6 10 20 11 9 19 7 19 6 10 7|7 24 10 12 8 7 8 8 14 16 8 4 11 3 22|1 9 9 9 8 11 10 5 5 10 3 10 6 8 11|6 0 9 0 3 3 0 9 10 0 10 7 15 6 3|10 0 7 2 6 0 7 7 0 0 7 11 11 0 9|0 6 3 6 11 0 0 2 4 0 13 7 0 0 0|6 0 2 6 5 0 5 0 3 8 0 0 8 9 4|0 0 0 15 2 9 0 9 0 0 0 0 0 0 0|0 0 0 0 3 0 0 0 11 0 0 0 0 0 0|0 0 0 0 3 0 0 0 0 0 0 0 0 16 0|0 0 10 0 0 17 0 0 0 0 0 0 0 0 0|0 0 0 0 0 0 0 0 0 0 0 0 0 0 0|0 0 0 0 0 0 0 0 0 0 0 0 0 0 0|0 0 0 0 0 0 0 0 0 0 0 0 0 0 0|0 0 0 0 0 0 0 0 0 0 0 0 0 0 0|0 0 0 0 0 0 0 0 0 0 0 0 0 0 0|0 0 0 0 0 0 0 0 0 0 0 0 0 0 0|0 0 0 0 0 0 0 0 0 0 0 0 0 0 0|0 0 0 0 0 0 0 0 0 0 0 0 0 0 0|0 0 0 0 0 0 0 0 0 0 0 0 0 0 0|0 0 0 0 0 0 0 0 0 0 0 0 0 0 0|0 0 0 0 0 0 0 0 0 0 0 0 0 0 0|0 0 0 0 0 0 0 0 0 0 0 0 0 0 0|0 0 0 0 0 0 0 0 0 0 0 0 0 0 0|0 0 0 0 0 0 0 0 0 0 0 0 0 0 0|0 0 0 0 0 0 0 0 0 0 0 0 0 0 0|0 0 0 0 0 0 0 0 0 0 0 0 0 0 0|0 0 0 0 0 0 0 0 0 0 0 0 0 0 0|0 0 0 0 0 0 0 0 0 0 0 0 0 0 0|0 0 0 0 0 0 0 0 0 0 0 0 0 0 0|0 0 0 0 0 0 0 0 0 0 0 0 0 0 0

第18个最优解：
Iter = 1926
Nfe = 96349
Fitness = 30.148895011632415
The number of total device = 960
The number of various devices = 64 64 64 64 64 64 64 64 64 64 64 64 64 64 64
The scheme of allocation = 5 18 8 6 9 4 9 11 3 9 7 17 14 6 11|4 8 3 5 8 7 10 12 11 12 9 13 16 16 5|7 8 10 7 15 9 12 1 16 24 4 3 10 6 11|2 21 3 18 14 8 7 9 3 8 16 6 0 5 6|0 4 2 17 6 0 17 0 4 8 0 6 0 11 2|14 0 9 3 0 19 9 7 11 0 12 15 0 15 8|5 0 0 8 12 13 0 5 2 0 0 4 0 5 11|5 5 8 0 0 0 0 11 6 3 0 0 10 0 0|10 0 10 0 0 4 0 7 0 0 9 0 14 0 2|5 0 8 0 0 0 0 1 8 0 0 0 0 0 8|0 0 3 0 0 0 0 0 0 0 7 0 0 0 0|7 0 0 0 0 0 0 0 0 0 0 0 0 0 0|0 0 0 0 0 0 0 0 0 0 0 0 0 0 0|0 0 0 0 0 0 0 0 0 0 0 0 0 0 0|0 0 0 0 0 0 0 0 0 0 0 0 0 0 0|0 0 0 0 0 0 0 0 0 0 0 0 0 0 0|0 0 0 0 0 0 0 0 0 0 0 0 0 0 0|0 0 0 0 0 0 0 0 0 0 0 0 0 0 0|0 0 0 0 0 0 0 0 0 0 0 0 0 0 0|0 0 0 0 0 0 0 0 0 0 0 0 0 0 0|0 0 0 0 0 0 0 0 0 0 0 0 0 0 0|0 0 0 0 0 0 0 0 0 0 0 0 0 0 0|0 0 0 0 0 0 0 0 0 0 0 0 0 0 0|0 0 0 0 0 0 0 0 0 0 0 0 0 0 0|0 0 0 0 0 0 0 0 0 0 0 0 0 0 0|0 0 0 0 0 0 0 0 0 0 0 0 0 0 0|0 0 0 0 0 0 0 0 0 0 0 0 0 0 0|0 0 0 0 0 0 0 0 0 0 0 0 0 0 0|0 0 0 0 0 0 0 0 0 0 0 0 0 0 0|0 0 0 0 0 0 0 0 0 0 0 0 0 0 0|0 0 0 0 0 0 0 0 0 0 0 0 0 0 0|0 0 0 0 0 0 0 0 0 0 0 0 0 0 0

第19个最优解：
Iter = 1906
Nfe = 95322
Fitness = 28.945498381228436
The number of total device = 960
The number of various devices = 64 64 64 64 64 64 64 64 64 64 64 64 64 64 64
The scheme of allocation = 17 11 4 17 13 7 0 8 8 0 5 0 7 14 2|13 6 15 9 5 5 6 5 4 8 6 0 13 3 6|3 8 17 12 10 4 10 6 3 6 12 11 13 11 20|0 7 10 8 0 10 8 7 16 12 5 12 0 13 13|5 5 0 0 24 0 17 8 12 8 0 11 6 12 6|14 16 0 0 3 22 13 7 14 11 17 15 4 11 14|0 4 0 18 6 7 10 6 3 8 19 10 12 0 3|4 7 6 0 3 0 0 9 4 0 0 0 0 0 0|8 0 12 0 0 0 0 4 0 4 0 0 2 0 0|0 0 0 0 0 9 0 0 0 7 0 5 7 0 0|0 0 0 0 0 0 0 0 0 0 0 0 0 0 0|0 0 0 0 0 0 0 0 0 0 0 0 0 0 0|0 0 0 0 0 0 0 4 0 0 0 0 0 0 0|0 0 0 0 0 0 0 0 0 0 0 0 0 0 0|0 0 0 0 0 0 0 0 0 0 0 0 0 0 0|0 0 0 0 0 0 0 0 0 0 0 0 0 0 0|0 0 0 0 0 0 0 0 0 0 0 0 0 0 0|0 0 0 0 0 0 0 0 0 0 0 0 0 0 0|0 0 0 0 0 0 0 0 0 0 0 0 0 0 0|0 0 0 0 0 0 0 0 0 0 0 0 0 0 0|0 0 0 0 0 0 0 0 0 0 0 0 0 0 0|0 0 0 0 0 0 0 0 0 0 0 0 0 0 0|0 0 0 0 0 0 0 0 0 0 0 0 0 0 0|0 0 0 0 0 0 0 0 0 0 0 0 0 0 0|0 0 0 0 0 0 0 0 0 0 0 0 0 0 0|0 0 0 0 0 0 0 0 0 0 0 0 0 0 0|0 0 0 0 0 0 0 0 0 0 0 0 0 0 0|0 0 0 0 0 0 0 0 0 0 0 0 0 0 0|0 0 0 0 0 0 0 0 0 0 0 0 0 0 0|0 0 0 0 0 0 0 0 0 0 0 0 0 0 0|0 0 0 0 0 0 0 0 0 0 0 0 0 0 0|0 0 0 0 0 0 0 0 0 0 0 0 0 0 0

第20个最优解：
Iter = 1971
Nfe = 98586
Fitness = 29.784246988313548
The number of total device = 960
The number of various devices = 64 64 64 64 64 64 64 64 64 64 64 64 64 64 64
The scheme of allocation = 18 11 11 6 9 13 6 8 3 6 12 8 10 8 8|10 11 11 11 9 10 12 10 14 9 18 9 7 23 12|5 13 1 27 7 3 16 9 8 11 15 6 5 7 3|9 11 6 16 0 0 17 8 25 12 6 2 4 4 12|3 2 19 0 8 1 6 9 5 3 9 4 7 11 8|10 8 16 4 11 6 3 7 0 4 0 12 8 0 9|2 8 0 0 2 16 4 6 6 0 4 3 0 0 0|7 0 0 0 11 15 0 7 3 0 0 11 0 11 10|0 0 0 0 6 0 0 0 0 0 0 7 8 0 0|0 0 0 0 1 0 0 0 0 0 0 2 3 0 2|0 0 0 0 0 0 0 0 0 0 0 0 9 0 0|0 0 0 0 0 0 0 0 0 0 0 0 0 0 0|0 0 0 0 0 0 0 0 0 0 0 0 3 0 0|0 0 0 0 0 0 0 0 0 0 0 0 0 0 0|0 0 0 0 0 0 0 0 0 19 0 0 0 0 0|0 0 0 0 0 0 0 0 0 0 0 0 0 0 0|0 0 0 0 0 0 0 0 0 0 0 0 0 0 0|0 0 0 0 0 0 0 0 0 0 0 0 0 0 0|0 0 0 0 0 0 0 0 0 0 0 0 0 0 0|0 0 0 0 0 0 0 0 0 0 0 0 0 0 0|0 0 0 0 0 0 0 0 0 0 0 0 0 0 0|0 0 0 0 0 0 0 0 0 0 0 0 0 0 0|0 0 0 0 0 0 0 0 0 0 0 0 0 0 0|0 0 0 0 0 0 0 0 0 0 0 0 0 0 0|0 0 0 0 0 0 0 0 0 0 0 0 0 0 0|0 0 0 0 0 0 0 0 0 0 0 0 0 0 0|0 0 0 0 0 0 0 0 0 0 0 0 0 0 0|0 0 0 0 0 0 0 0 0 0 0 0 0 0 0|0 0 0 0 0 0 0 0 0 0 0 0 0 0 0|0 0 0 0 0 0 0 0 0 0 0 0 0 0 0|0 0 0 0 0 0 0 0 0 0 0 0 0 0 0|0 0 0 0 0 0 0 0 0 0 0 0 0 0 0

第21个最优解：
Iter = 1925
Nfe = 96288
Fitness = 29.83766839416659
The number of total device = 960
The number of various devices = 64 64 64 64 64 64 64 64 64 64 64 64 64 64 64
The scheme of allocation = 13 8 6 9 15 16 12 4 18 19 3 5 6 4 6|5 12 18 18 2 6 8 11 18 7 13 5 8 6 10|3 24 11 6 24 21 5 13 15 11 4 10 9 27 16|10 7 5 4 9 3 7 10 4 0 8 6 2 8 9|0 2 3 8 1 0 10 6 0 6 0 10 10 1 0|11 7 7 8 7 14 7 0 0 12 8 9 7 18 6|13 0 3 11 0 0 15 8 2 3 5 11 0 0 7|9 4 0 0 2 4 0 9 7 6 16 8 12 0 6|0 0 11 0 4 0 0 0 0 0 7 0 0 0 0|0 0 0 0 0 0 0 0 0 0 0 0 0 0 0|0 0 0 0 0 0 0 3 0 0 0 0 0 0 4|0 0 0 0 0 0 0 0 0 0 0 0 10 0 0|0 0 0 0 0 0 0 0 0 0 0 0 0 0 0|0 0 0 0 0 0 0 0 0 0 0 0 0 0 0|0 0 0 0 0 0 0 0 0 0 0 0 0 0 0|0 0 0 0 0 0 0 0 0 0 0 0 0 0 0|0 0 0 0 0 0 0 0 0 0 0 0 0 0 0|0 0 0 0 0 0 0 0 0 0 0 0 0 0 0|0 0 0 0 0 0 0 0 0 0 0 0 0 0 0|0 0 0 0 0 0 0 0 0 0 0 0 0 0 0|0 0 0 0 0 0 0 0 0 0 0 0 0 0 0|0 0 0 0 0 0 0 0 0 0 0 0 0 0 0|0 0 0 0 0 0 0 0 0 0 0 0 0 0 0|0 0 0 0 0 0 0 0 0 0 0 0 0 0 0|0 0 0 0 0 0 0 0 0 0 0 0 0 0 0|0 0 0 0 0 0 0 0 0 0 0 0 0 0 0|0 0 0 0 0 0 0 0 0 0 0 0 0 0 0|0 0 0 0 0 0 0 0 0 0 0 0 0 0 0|0 0 0 0 0 0 0 0 0 0 0 0 0 0 0|0 0 0 0 0 0 0 0 0 0 0 0 0 0 0|0 0 0 0 0 0 0 0 0 0 0 0 0 0 0|0 0 0 0 0 0 0 0 0 0 0 0 0 0 0

第22个最优解：
Iter = 1948
Nfe = 97418
Fitness = 29.415974319715495
The number of total device = 960
The number of various devices = 64 64 64 64 64 64 64 64 64 64 64 64 64 64 64
The scheme of allocation = 7 9 12 6 0 20 4 8 28 13 3 16 12 20 12|6 9 9 6 7 12 0 21 5 13 22 15 10 9 19|15 12 7 4 9 4 3 10 13 13 11 11 11 4 11|14 15 3 12 9 3 6 11 6 17 8 0 2 5 6|5 0 15 2 1 0 5 0 0 0 0 0 2 14 5|7 0 0 21 23 5 7 6 7 8 14 8 2 0 0|10 8 8 13 3 13 8 5 0 0 6 0 7 12 0|0 0 0 0 5 7 2 0 5 0 0 14 10 0 5|0 6 10 0 0 0 7 0 0 0 0 0 0 0 6|0 5 0 0 0 0 4 3 0 0 0 0 0 0 0|0 0 0 0 0 0 9 0 0 0 0 0 0 0 0|0 0 0 0 0 0 5 0 0 0 0 0 8 0 0|0 0 0 0 3 0 0 0 0 0 0 0 0 0 0|0 0 0 0 4 0 3 0 0 0 0 0 0 0 0|0 0 0 0 0 0 0 0 0 0 0 0 0 0 0|0 0 0 0 0 0 0 0 0 0 0 0 0 0 0|0 0 0 0 0 0 0 0 0 0 0 0 0 0 0|0 0 0 0 0 0 0 0 0 0 0 0 0 0 0|0 0 0 0 0 0 1 0 0 0 0 0 0 0 0|0 0 0 0 0 0 0 0 0 0 0 0 0 0 0|0 0 0 0 0 0 0 0 0 0 0 0 0 0 0|0 0 0 0 0 0 0 0 0 0 0 0 0 0 0|0 0 0 0 0 0 0 0 0 0 0 0 0 0 0|0 0 0 0 0 0 0 0 0 0 0 0 0 0 0|0 0 0 0 0 0 0 0 0 0 0 0 0 0 0|0 0 0 0 0 0 0 0 0 0 0 0 0 0 0|0 0 0 0 0 0 0 0 0 0 0 0 0 0 0|0 0 0 0 0 0 0 0 0 0 0 0 0 0 0|0 0 0 0 0 0 0 0 0 0 0 0 0 0 0|0 0 0 0 0 0 0 0 0 0 0 0 0 0 0|0 0 0 0 0 0 0 0 0 0 0 0 0 0 0|0 0 0 0 0 0 0 0 0 0 0 0 0 0 0

第23个最优解：
Iter = 1888
Nfe = 94449
Fitness = 29.77883076953663
The number of total device = 960
The number of various devices = 64 64 64 64 64 64 64 64 64 64 64 64 64 64 64
The scheme of allocation = 13 6 16 5 7 16 7 4 6 14 6 14 8 12 0|13 7 9 4 11 6 6 5 6 10 11 10 10 11 13|20 8 8 19 7 10 7 7 10 9 3 8 11 7 23|18 9 0 2 5 19 12 5 16 5 8 4 6 4 8|0 6 7 6 5 1 0 12 5 0 7 5 11 7 3|0 9 7 9 16 0 9 0 0 4 11 5 8 19 12|0 6 8 6 2 12 0 9 13 0 0 2 10 0 5|0 0 9 0 7 0 0 4 8 0 0 11 0 0 0|0 11 0 0 4 0 9 3 0 12 0 5 0 4 0|0 2 0 0 0 0 0 15 0 0 0 0 0 0 0|0 0 0 0 0 0 14 0 0 0 0 0 0 0 0|0 0 0 0 0 0 0 0 0 10 18 0 0 0 0|0 0 0 0 0 0 0 0 0 0 0 0 0 0 0|0 0 0 13 0 0 0 0 0 0 0 0 0 0 0|0 0 0 0 0 0 0 0 0 0 0 0 0 0 0|0 0 0 0 0 0 0 0 0 0 0 0 0 0 0|0 0 0 0 0 0 0 0 0 0 0 0 0 0 0|0 0 0 0 0 0 0 0 0 0 0 0 0 0 0|0 0 0 0 0 0 0 0 0 0 0 0 0 0 0|0 0 0 0 0 0 0 0 0 0 0 0 0 0 0|0 0 0 0 0 0 0 0 0 0 0 0 0 0 0|0 0 0 0 0 0 0 0 0 0 0 0 0 0 0|0 0 0 0 0 0 0 0 0 0 0 0 0 0 0|0 0 0 0 0 0 0 0 0 0 0 0 0 0 0|0 0 0 0 0 0 0 0 0 0 0 0 0 0 0|0 0 0 0 0 0 0 0 0 0 0 0 0 0 0|0 0 0 0 0 0 0 0 0 0 0 0 0 0 0|0 0 0 0 0 0 0 0 0 0 0 0 0 0 0|0 0 0 0 0 0 0 0 0 0 0 0 0 0 0|0 0 0 0 0 0 0 0 0 0 0 0 0 0 0|0 0 0 0 0 0 0 0 0 0 0 0 0 0 0|0 0 0 0 0 0 0 0 0 0 0 0 0 0 0

第24个最优解：
Iter = 1976
Nfe = 98827
Fitness = 28.766552171049952
The number of total device = 960
The number of various devices = 64 64 64 64 64 64 64 64 64 64 64 64 64 64 64
The scheme of allocation = 4 17 17 18 8 12 13 9 12 8 7 3 6 14 9|9 18 3 4 15 18 9 9 8 8 11 7 14 2 10|7 11 6 15 19 13 16 9 3 4 10 9 23 5 7|8 4 13 5 4 0 16 11 14 9 8 19 0 10 6|3 9 5 4 15 8 10 11 13 5 2 10 4 0 6|13 5 0 0 0 0 0 9 8 4 8 2 7 14 15|10 0 20 0 3 0 0 0 0 10 12 9 2 0 7|6 0 0 18 0 0 0 0 0 4 6 5 3 19 4|0 0 0 0 0 8 0 0 0 0 0 0 5 0 0|4 0 0 0 0 0 0 6 6 8 0 0 0 0 0|0 0 0 0 0 5 0 0 0 0 0 0 0 0 0|0 0 0 0 0 0 0 0 0 4 0 0 0 0 0|0 0 0 0 0 0 0 0 0 0 0 0 0 0 0|0 0 0 0 0 0 0 0 0 0 0 0 0 0 0|0 0 0 0 0 0 0 0 0 0 0 0 0 0 0|0 0 0 0 0 0 0 0 0 0 0 0 0 0 0|0 0 0 0 0 0 0 0 0 0 0 0 0 0 0|0 0 0 0 0 0 0 0 0 0 0 0 0 0 0|0 0 0 0 0 0 0 0 0 0 0 0 0 0 0|0 0 0 0 0 0 0 0 0 0 0 0 0 0 0|0 0 0 0 0 0 0 0 0 0 0 0 0 0 0|0 0 0 0 0 0 0 0 0 0 0 0 0 0 0|0 0 0 0 0 0 0 0 0 0 0 0 0 0 0|0 0 0 0 0 0 0 0 0 0 0 0 0 0 0|0 0 0 0 0 0 0 0 0 0 0 0 0 0 0|0 0 0 0 0 0 0 0 0 0 0 0 0 0 0|0 0 0 0 0 0 0 0 0 0 0 0 0 0 0|0 0 0 0 0 0 0 0 0 0 0 0 0 0 0|0 0 0 0 0 0 0 0 0 0 0 0 0 0 0|0 0 0 0 0 0 0 0 0 0 0 0 0 0 0|0 0 0 0 0 0 0 0 0 0 0 0 0 0 0|0 0 0 0 0 0 0 0 0 0 0 0 0 0 0

第25个最优解：
Iter = 1995
Nfe = 99759
Fitness = 30.323378090199
The number of total device = 960
The number of various devices = 64 64 64 64 64 64 64 64 64 64 64 64 64 64 64
The scheme of allocation = 17 10 13 6 9 12 8 12 19 12 4 9 4 5 16|9 6 18 16 24 3 5 7 7 20 8 3 8 6 4|4 8 13 11 11 14 14 11 14 9 6 4 4 8 14|5 7 7 17 10 9 23 4 12 2 7 7 9 15 15|2 6 6 0 3 11 4 0 7 0 11 3 8 6 0|4 7 0 13 0 0 10 10 5 5 6 25 17 3 7|11 11 7 1 7 0 0 3 0 4 5 5 0 3 0|5 2 0 0 0 0 0 13 0 7 6 6 0 8 0|7 0 0 0 0 15 0 4 0 5 4 2 3 0 0|0 7 0 0 0 0 0 0 0 0 7 0 11 10 8|0 0 0 0 0 0 0 0 0 0 0 0 0 0 0|0 0 0 0 0 0 0 0 0 0 0 0 0 0 0|0 0 0 0 0 0 0 0 0 0 0 0 0 0 0|0 0 0 0 0 0 0 0 0 0 0 0 0 0 0|0 0 0 0 0 0 0 0 0 0 0 0 0 0 0|0 0 0 0 0 0 0 0 0 0 0 0 0 0 0|0 0 0 0 0 0 0 0 0 0 0 0 0 0 0|0 0 0 0 0 0 0 0 0 0 0 0 0 0 0|0 0 0 0 0 0 0 0 0 0 0 0 0 0 0|0 0 0 0 0 0 0 0 0 0 0 0 0 0 0|0 0 0 0 0 0 0 0 0 0 0 0 0 0 0|0 0 0 0 0 0 0 0 0 0 0 0 0 0 0|0 0 0 0 0 0 0 0 0 0 0 0 0 0 0|0 0 0 0 0 0 0 0 0 0 0 0 0 0 0|0 0 0 0 0 0 0 0 0 0 0 0 0 0 0|0 0 0 0 0 0 0 0 0 0 0 0 0 0 0|0 0 0 0 0 0 0 0 0 0 0 0 0 0 0|0 0 0 0 0 0 0 0 0 0 0 0 0 0 0|0 0 0 0 0 0 0 0 0 0 0 0 0 0 0|0 0 0 0 0 0 0 0 0 0 0 0 0 0 0|0 0 0 0 0 0 0 0 0 0 0 0 0 0 0|0 0 0 0 0 0 0 0 0 0 0 0 0 0 0

第26个最优解：
Iter = 1928
Nfe = 96440
Fitness = 28.240188229733803
The number of total device = 960
The number of various devices = 64 64 64 64 64 64 64 64 64 64 64 64 64 64 64
The scheme of allocation = 15 20 11 11 10 25 4 21 27 13 1 8 24 24 19|2 2 3 21 3 24 9 5 3 27 9 3 15 4 10|3 4 5 15 16 5 3 0 4 3 30 9 4 5 7|2 14 6 3 5 10 20 14 14 3 3 8 8 3 4|12 3 7 0 3 0 2 14 2 0 10 8 12 0 3|17 0 10 8 4 0 4 7 5 18 11 6 0 1 2|0 13 5 0 16 0 13 3 9 0 0 0 1 4 3|8 4 6 6 7 0 0 0 0 0 0 6 0 4 16|0 0 11 0 0 0 7 0 0 0 0 12 0 19 0|5 4 0 0 0 0 2 0 0 0 0 4 0 0 0|0 0 0 0 0 0 0 0 0 0 0 0 0 0 0|0 0 0 0 0 0 0 0 0 0 0 0 0 0 0|0 0 0 0 0 0 0 0 0 0 0 0 0 0 0|0 0 0 0 0 0 0 0 0 0 0 0 0 0 0|0 0 0 0 0 0 0 0 0 0 0 0 0 0 0|0 0 0 0 0 0 0 0 0 0 0 0 0 0 0|0 0 0 0 0 0 0 0 0 0 0 0 0 0 0|0 0 0 0 0 0 0 0 0 0 0 0 0 0 0|0 0 0 0 0 0 0 0 0 0 0 0 0 0 0|0 0 0 0 0 0 0 0 0 0 0 0 0 0 0|0 0 0 0 0 0 0 0 0 0 0 0 0 0 0|0 0 0 0 0 0 0 0 0 0 0 0 0 0 0|0 0 0 0 0 0 0 0 0 0 0 0 0 0 0|0 0 0 0 0 0 0 0 0 0 0 0 0 0 0|0 0 0 0 0 0 0 0 0 0 0 0 0 0 0|0 0 0 0 0 0 0 0 0 0 0 0 0 0 0|0 0 0 0 0 0 0 0 0 0 0 0 0 0 0|0 0 0 0 0 0 0 0 0 0 0 0 0 0 0|0 0 0 0 0 0 0 0 0 0 0 0 0 0 0|0 0 0 0 0 0 0 0 0 0 0 0 0 0 0|0 0 0 0 0 0 0 0 0 0 0 0 0 0 0|0 0 0 0 0 0 0 0 0 0 0 0 0 0 0

第27个最优解：
Iter = 1896
Nfe = 94810
Fitness = 29.939593332742167
The number of total device = 960
The number of various devices = 64 64 64 64 64 64 64 64 64 64 64 64 64 64 64
The scheme of allocation = 10 6 12 5 16 16 2 11 16 5 10 7 2 17 6|18 6 2 9 3 11 13 15 8 3 10 11 9 7 5|7 9 4 8 5 9 8 5 19 7 10 8 5 24 14|0 9 0 12 9 12 10 20 0 2 19 4 8 5 11|7 2 16 3 9 3 15 5 8 9 11 10 0 0 4|14 0 5 9 0 13 16 5 3 0 0 7 7 9 12|3 10 7 13 9 0 0 3 0 13 4 11 8 2 4|0 7 3 0 0 0 0 0 0 10 0 6 10 0 8|0 4 0 0 2 0 0 0 10 15 0 0 6 0 0|0 0 0 5 11 0 0 0 0 0 0 0 9 0 0|5 5 0 0 0 0 0 0 0 0 0 0 0 0 0|0 0 15 0 0 0 0 0 0 0 0 0 0 0 0|0 0 0 0 0 0 0 0 0 0 0 0 0 0 0|0 0 0 0 0 0 0 0 0 0 0 0 0 0 0|0 0 0 0 0 0 0 0 0 0 0 0 0 0 0|0 6 0 0 0 0 0 0 0 0 0 0 0 0 0|0 0 0 0 0 0 0 0 0 0 0 0 0 0 0|0 0 0 0 0 0 0 0 0 0 0 0 0 0 0|0 0 0 0 0 0 0 0 0 0 0 0 0 0 0|0 0 0 0 0 0 0 0 0 0 0 0 0 0 0|0 0 0 0 0 0 0 0 0 0 0 0 0 0 0|0 0 0 0 0 0 0 0 0 0 0 0 0 0 0|0 0 0 0 0 0 0 0 0 0 0 0 0 0 0|0 0 0 0 0 0 0 0 0 0 0 0 0 0 0|0 0 0 0 0 0 0 0 0 0 0 0 0 0 0|0 0 0 0 0 0 0 0 0 0 0 0 0 0 0|0 0 0 0 0 0 0 0 0 0 0 0 0 0 0|0 0 0 0 0 0 0 0 0 0 0 0 0 0 0|0 0 0 0 0 0 0 0 0 0 0 0 0 0 0|0 0 0 0 0 0 0 0 0 0 0 0 0 0 0|0 0 0 0 0 0 0 0 0 0 0 0 0 0 0|0 0 0 0 0 0 0 0 0 0 0 0 0 0 0

第28个最优解：
Iter = 1971
Nfe = 98561
Fitness = 29.18905400772757
The number of total device = 960
The number of various devices = 64 64 64 64 64 64 64 64 64 64 64 64 64 64 64
The scheme of allocation = 11 8 12 8 19 19 7 9 18 13 7 10 3 4 8|11 6 30 30 6 10 7 13 8 5 10 8 17 8 7|7 7 8 16 10 11 8 13 10 13 9 20 6 7 3|10 4 8 5 9 6 11 15 14 0 4 3 13 9 3|4 14 4 5 0 0 0 12 0 5 7 0 4 13 10|11 0 0 0 5 7 11 0 11 13 4 12 6 4 5|3 3 2 0 0 11 8 0 3 0 15 11 8 0 0|7 4 0 0 8 0 7 2 0 10 0 0 0 6 19|0 8 0 0 7 0 5 0 0 0 8 0 7 0 0|0 10 0 0 0 0 0 0 0 5 0 0 0 0 9|0 0 0 0 0 0 0 0 0 0 0 0 0 0 0|0 0 0 0 0 0 0 0 0 0 0 0 0 0 0|0 0 0 0 0 0 0 0 0 0 0 0 0 13 0|0 0 0 0 0 0 0 0 0 0 0 0 0 0 0|0 0 0 0 0 0 0 0 0 0 0 0 0 0 0|0 0 0 0 0 0 0 0 0 0 0 0 0 0 0|0 0 0 0 0 0 0 0 0 0 0 0 0 0 0|0 0 0 0 0 0 0 0 0 0 0 0 0 0 0|0 0 0 0 0 0 0 0 0 0 0 0 0 0 0|0 0 0 0 0 0 0 0 0 0 0 0 0 0 0|0 0 0 0 0 0 0 0 0 0 0 0 0 0 0|0 0 0 0 0 0 0 0 0 0 0 0 0 0 0|0 0 0 0 0 0 0 0 0 0 0 0 0 0 0|0 0 0 0 0 0 0 0 0 0 0 0 0 0 0|0 0 0 0 0 0 0 0 0 0 0 0 0 0 0|0 0 0 0 0 0 0 0 0 0 0 0 0 0 0|0 0 0 0 0 0 0 0 0 0 0 0 0 0 0|0 0 0 0 0 0 0 0 0 0 0 0 0 0 0|0 0 0 0 0 0 0 0 0 0 0 0 0 0 0|0 0 0 0 0 0 0 0 0 0 0 0 0 0 0|0 0 0 0 0 0 0 0 0 0 0 0 0 0 0|0 0 0 0 0 0 0 0 0 0 0 0 0 0 0

第29个最优解：
Iter = 1981
Nfe = 99060
Fitness = 29.27011289848405
The number of total device = 960
The number of various devices = 64 64 64 64 64 64 64 64 64 64 64 64 64 64 64
The scheme of allocation = 10 5 4 11 5 7 9 8 8 22 10 10 4 0 13|17 2 16 6 8 14 7 4 16 17 15 10 7 5 5|17 14 11 6 21 4 3 7 5 8 31 6 4 13 12|12 2 3 5 12 1 9 18 4 0 8 4 0 8 3|0 5 8 7 7 10 5 10 0 0 0 7 19 16 17|0 7 11 20 11 4 8 0 12 17 0 7 12 7 5|2 14 0 6 0 7 7 0 3 0 0 0 12 7 9|6 12 11 3 0 4 3 17 3 0 0 17 6 8 0|0 3 0 0 0 13 4 0 7 0 0 3 0 0 0|0 0 0 0 0 0 9 0 6 0 0 0 0 0 0|0 0 0 0 0 0 0 0 0 0 0 0 0 0 0|0 0 0 0 0 0 0 0 0 0 0 0 0 0 0|0 0 0 0 0 0 0 0 0 0 0 0 0 0 0|0 0 0 0 0 0 0 0 0 0 0 0 0 0 0|0 0 0 0 0 0 0 0 0 0 0 0 0 0 0|0 0 0 0 0 0 0 0 0 0 0 0 0 0 0|0 0 0 0 0 0 0 0 0 0 0 0 0 0 0|0 0 0 0 0 0 0 0 0 0 0 0 0 0 0|0 0 0 0 0 0 0 0 0 0 0 0 0 0 0|0 0 0 0 0 0 0 0 0 0 0 0 0 0 0|0 0 0 0 0 0 0 0 0 0 0 0 0 0 0|0 0 0 0 0 0 0 0 0 0 0 0 0 0 0|0 0 0 0 0 0 0 0 0 0 0 0 0 0 0|0 0 0 0 0 0 0 0 0 0 0 0 0 0 0|0 0 0 0 0 0 0 0 0 0 0 0 0 0 0|0 0 0 0 0 0 0 0 0 0 0 0 0 0 0|0 0 0 0 0 0 0 0 0 0 0 0 0 0 0|0 0 0 0 0 0 0 0 0 0 0 0 0 0 0|0 0 0 0 0 0 0 0 0 0 0 0 0 0 0|0 0 0 0 0 0 0 0 0 0 0 0 0 0 0|0 0 0 0 0 0 0 0 0 0 0 0 0 0 0|0 0 0 0 0 0 0 0 0 0 0 0 0 0 0

第30个最优解：
Iter = 1964
Nfe = 98248
Fitness = 28.96624264234344
The number of total device = 960
The number of various devices = 64 64 64 64 64 64 64 64 64 64 64 64 64 64 64
The scheme of allocation = 13 0 24 5 14 4 2 5 4 21 21 0 19 10 25|14 8 16 0 11 19 2 2 24 25 13 6 6 4 2|7 0 11 4 17 11 18 11 8 5 2 3 21 0 6|16 4 2 6 3 13 7 15 0 5 11 20 10 9 3|9 6 11 11 5 8 10 7 2 0 17 7 0 13 4|0 7 0 11 3 9 0 6 9 8 0 7 8 0 12|0 7 0 21 2 0 6 8 0 0 0 5 0 6 1|3 18 0 5 0 0 10 1 7 0 0 12 0 4 5|0 2 0 1 0 0 9 3 3 0 0 0 0 2 0|2 0 0 0 9 0 0 0 0 0 0 4 0 12 0|0 0 0 0 0 0 0 0 0 0 0 0 0 4 0|0 12 0 0 0 0 0 6 0 0 0 0 0 0 6|0 0 0 0 0 0 0 0 0 0 0 0 0 0 0|0 0 0 0 0 0 0 0 7 0 0 0 0 0 0|0 0 0 0 0 0 0 0 0 0 0 0 0 0 0|0 0 0 0 0 0 0 0 0 0 0 0 0 0 0|0 0 0 0 0 0 0 0 0 0 0 0 0 0 0|0 0 0 0 0 0 0 0 0 0 0 0 0 0 0|0 0 0 0 0 0 0 0 0 0 0 0 0 0 0|0 0 0 0 0 0 0 0 0 0 0 0 0 0 0|0 0 0 0 0 0 0 0 0 0 0 0 0 0 0|0 0 0 0 0 0 0 0 0 0 0 0 0 0 0|0 0 0 0 0 0 0 0 0 0 0 0 0 0 0|0 0 0 0 0 0 0 0 0 0 0 0 0 0 0|0 0 0 0 0 0 0 0 0 0 0 0 0 0 0|0 0 0 0 0 0 0 0 0 0 0 0 0 0 0|0 0 0 0 0 0 0 0 0 0 0 0 0 0 0|0 0 0 0 0 0 0 0 0 0 0 0 0 0 0|0 0 0 0 0 0 0 0 0 0 0 0 0 0 0|0 0 0 0 0 0 0 0 0 0 0 0 0 0 0|0 0 0 0 0 0 0 0 0 0 0 0 0 0 0|0 0 0 0 0 0 0 0 0 0 0 0 0 0 0

第31个最优解：
Iter = 1979
Nfe = 98957
Fitness = 29.340597851206997
The number of total device = 960
The number of various devices = 64 64 64 64 64 64 64 64 64 64 64 64 64 64 64
The scheme of allocation = 9 10 23 7 23 9 19 16 10 23 17 4 7 8 19|1 9 10 14 4 10 3 3 3 8 4 9 18 7 6|8 13 2 17 5 23 15 17 9 12 7 7 4 19 11|2 10 20 0 1 7 5 7 8 15 7 3 6 4 6|9 9 2 12 3 5 7 7 0 6 10 3 10 7 0|6 3 7 0 14 9 12 0 3 0 7 11 8 13 15|5 0 0 0 3 1 0 4 4 0 9 13 11 0 0|24 0 0 5 11 0 0 0 6 0 3 4 0 6 7|0 10 0 9 0 0 3 5 8 0 0 10 0 0 0|0 0 0 0 0 0 0 5 0 0 0 0 0 0 0|0 0 0 0 0 0 0 0 0 0 0 0 0 0 0|0 0 0 0 0 0 0 0 10 0 0 0 0 0 0|0 0 0 0 0 0 0 0 0 0 0 0 0 0 0|0 0 0 0 0 0 0 0 0 0 0 0 0 0 0|0 0 0 0 0 0 0 0 0 0 0 0 0 0 0|0 0 0 0 0 0 0 0 0 0 0 0 0 0 0|0 0 0 0 0 0 0 0 0 0 0 0 0 0 0|0 0 0 0 0 0 0 0 0 0 0 0 0 0 0|0 0 0 0 0 0 0 0 3 0 0 0 0 0 0|0 0 0 0 0 0 0 0 0 0 0 0 0 0 0|0 0 0 0 0 0 0 0 0 0 0 0 0 0 0|0 0 0 0 0 0 0 0 0 0 0 0 0 0 0|0 0 0 0 0 0 0 0 0 0 0 0 0 0 0|0 0 0 0 0 0 0 0 0 0 0 0 0 0 0|0 0 0 0 0 0 0 0 0 0 0 0 0 0 0|0 0 0 0 0 0 0 0 0 0 0 0 0 0 0|0 0 0 0 0 0 0 0 0 0 0 0 0 0 0|0 0 0 0 0 0 0 0 0 0 0 0 0 0 0|0 0 0 0 0 0 0 0 0 0 0 0 0 0 0|0 0 0 0 0 0 0 0 0 0 0 0 0 0 0|0 0 0 0 0 0 0 0 0 0 0 0 0 0 0|0 0 0 0 0 0 0 0 0 0 0 0 0 0 0

第32个最优解：
Iter = 1919
Nfe = 95987
Fitness = 29.578616850687716
The number of total device = 960
The number of various devices = 64 64 64 64 64 64 64 64 64 64 64 64 64 64 64
The scheme of allocation = 8 7 16 10 14 6 24 8 11 25 5 5 14 10 19|20 2 11 7 16 17 3 2 4 13 7 14 24 3 5|4 11 9 5 13 5 11 7 0 0 5 13 5 13 15|4 14 11 3 16 8 10 9 6 0 5 9 0 1 8|5 5 1 8 0 21 4 13 10 6 0 10 9 7 6|5 2 9 8 5 0 7 21 2 11 21 2 9 1 11|5 9 0 9 0 7 5 0 13 9 0 4 3 0 0|6 10 7 0 0 0 0 4 10 0 13 7 0 2 0|3 0 0 0 0 0 0 0 0 0 0 0 0 6 0|4 0 0 14 0 0 0 0 0 0 8 0 0 0 0|0 4 0 0 0 0 0 0 0 0 0 0 0 7 0|0 0 0 0 0 0 0 0 0 0 0 0 0 6 0|0 0 0 0 0 0 0 0 0 0 0 0 0 0 0|0 0 0 0 0 0 0 0 8 0 0 0 0 0 0|0 0 0 0 0 0 0 0 0 0 0 0 0 8 0|0 0 0 0 0 0 0 0 0 0 0 0 0 0 0|0 0 0 0 0 0 0 0 0 0 0 0 0 0 0|0 0 0 0 0 0 0 0 0 0 0 0 0 0 0|0 0 0 0 0 0 0 0 0 0 0 0 0 0 0|0 0 0 0 0 0 0 0 0 0 0 0 0 0 0|0 0 0 0 0 0 0 0 0 0 0 0 0 0 0|0 0 0 0 0 0 0 0 0 0 0 0 0 0 0|0 0 0 0 0 0 0 0 0 0 0 0 0 0 0|0 0 0 0 0 0 0 0 0 0 0 0 0 0 0|0 0 0 0 0 0 0 0 0 0 0 0 0 0 0|0 0 0 0 0 0 0 0 0 0 0 0 0 0 0|0 0 0 0 0 0 0 0 0 0 0 0 0 0 0|0 0 0 0 0 0 0 0 0 0 0 0 0 0 0|0 0 0 0 0 0 0 0 0 0 0 0 0 0 0|0 0 0 0 0 0 0 0 0 0 0 0 0 0 0|0 0 0 0 0 0 0 0 0 0 0 0 0 0 0|0 0 0 0 0 0 0 0 0 0 0 0 0 0 0

第33个最优解：
Iter = 1934
Nfe = 96745
Fitness = 30.000697103201013
The number of total device = 960
The number of various devices = 64 64 64 64 64 64 64 64 64 64 64 64 64 64 64
The scheme of allocation = 5 4 17 10 11 21 11 23 5 4 9 1 20 13 11|5 22 15 3 10 15 7 7 14 10 5 13 3 3 12|6 18 5 16 16 4 10 9 5 3 8 18 9 8 7|3 0 3 2 2 14 9 5 14 9 7 7 5 3 6|4 0 18 0 15 10 4 2 4 4 8 3 8 0 4|16 10 6 0 0 0 0 14 0 6 10 16 8 3 8|3 0 0 5 10 0 19 4 12 1 7 6 0 17 3|1 5 0 6 0 0 4 0 10 10 10 0 11 3 13|0 5 0 9 0 0 0 0 0 0 0 0 0 6 0|13 0 0 0 0 0 0 0 0 12 0 0 0 8 0|8 0 0 6 0 0 0 0 0 0 0 0 0 0 0|0 0 0 0 0 0 0 0 0 0 0 0 0 0 0|0 0 0 7 0 0 0 0 0 0 0 0 0 0 0|0 0 0 0 0 0 0 0 0 0 0 0 0 0 0|0 0 0 0 0 0 0 0 0 0 0 0 0 0 0|0 0 0 0 0 0 0 0 0 0 0 0 0 0 0|0 0 0 0 0 0 0 0 0 5 0 0 0 0 0|0 0 0 0 0 0 0 0 0 0 0 0 0 0 0|0 0 0 0 0 0 0 0 0 0 0 0 0 0 0|0 0 0 0 0 0 0 0 0 0 0 0 0 0 0|0 0 0 0 0 0 0 0 0 0 0 0 0 0 0|0 0 0 0 0 0 0 0 0 0 0 0 0 0 0|0 0 0 0 0 0 0 0 0 0 0 0 0 0 0|0 0 0 0 0 0 0 0 0 0 0 0 0 0 0|0 0 0 0 0 0 0 0 0 0 0 0 0 0 0|0 0 0 0 0 0 0 0 0 0 0 0 0 0 0|0 0 0 0 0 0 0 0 0 0 0 0 0 0 0|0 0 0 0 0 0 0 0 0 0 0 0 0 0 0|0 0 0 0 0 0 0 0 0 0 0 0 0 0 0|0 0 0 0 0 0 0 0 0 0 0 0 0 0 0|0 0 0 0 0 0 0 0 0 0 0 0 0 0 0|0 0 0 0 0 0 0 0 0 0 0 0 0 0 0

第34个最优解：
Iter = 1980
Nfe = 99046
Fitness = 29.121854643166298
The number of total device = 960
The number of various devices = 64 64 64 64 64 64 64 64 64 64 64 64 64 64 64
The scheme of allocation = 10 2 12 10 22 13 13 6 7 14 9 9 6 7 8|19 1 3 12 11 21 8 21 7 10 6 6 8 10 15|26 26 9 5 8 12 8 8 10 13 4 5 16 4 7|1 13 18 4 3 0 14 1 0 6 8 3 15 0 11|2 5 5 20 5 4 3 6 8 9 2 2 8 7 23|6 2 8 7 6 14 11 20 9 0 4 13 8 11 0|0 4 0 2 9 0 0 2 3 10 6 18 0 3 0|0 6 0 4 0 0 7 0 10 0 16 8 3 0 0|0 5 0 0 0 0 0 0 0 2 9 0 0 8 0|0 0 9 0 0 0 0 0 0 0 0 0 0 7 0|0 0 0 0 0 0 0 0 10 0 0 0 0 7 0|0 0 0 0 0 0 0 0 0 0 0 0 0 0 0|0 0 0 0 0 0 0 0 0 0 0 0 0 0 0|0 0 0 0 0 0 0 0 0 0 0 0 0 0 0|0 0 0 0 0 0 0 0 0 0 0 0 0 0 0|0 0 0 0 0 0 0 0 0 0 0 0 0 0 0|0 0 0 0 0 0 0 0 0 0 0 0 0 0 0|0 0 0 0 0 0 0 0 0 0 0 0 0 0 0|0 0 0 0 0 0 0 0 0 0 0 0 0 0 0|0 0 0 0 0 0 0 0 0 0 0 0 0 0 0|0 0 0 0 0 0 0 0 0 0 0 0 0 0 0|0 0 0 0 0 0 0 0 0 0 0 0 0 0 0|0 0 0 0 0 0 0 0 0 0 0 0 0 0 0|0 0 0 0 0 0 0 0 0 0 0 0 0 0 0|0 0 0 0 0 0 0 0 0 0 0 0 0 0 0|0 0 0 0 0 0 0 0 0 0 0 0 0 0 0|0 0 0 0 0 0 0 0 0 0 0 0 0 0 0|0 0 0 0 0 0 0 0 0 0 0 0 0 0 0|0 0 0 0 0 0 0 0 0 0 0 0 0 0 0|0 0 0 0 0 0 0 0 0 0 0 0 0 0 0|0 0 0 0 0 0 0 0 0 0 0 0 0 0 0|0 0 0 0 0 0 0 0 0 0 0 0 0 0 0

第35个最优解：
Iter = 1986
Nfe = 99313
Fitness = 29.609940018390173
The number of total device = 960
The number of various devices = 64 64 64 64 64 64 64 64 64 64 64 64 64 64 64
The scheme of allocation = 7 12 11 8 5 7 11 3 14 16 13 16 10 5 28|4 2 9 10 7 30 14 16 21 9 6 0 4 15 11|9 0 11 10 12 21 12 8 10 2 0 10 24 1 19|7 10 7 24 2 6 7 14 6 13 3 9 0 16 0|0 9 5 3 5 0 5 20 2 7 5 17 0 9 0|12 7 4 0 10 0 11 0 7 2 3 0 3 8 6|14 6 0 9 4 0 0 3 4 6 9 0 5 10 0|4 3 7 0 3 0 0 0 0 4 7 0 6 0 0|0 6 0 0 5 0 4 0 0 5 9 12 5 0 0|0 9 10 0 0 0 0 0 0 0 3 0 1 0 0|7 0 0 0 5 0 0 0 0 0 0 0 6 0 0|0 0 0 0 6 0 0 0 0 0 0 0 0 0 0|0 0 0 0 0 0 0 0 0 0 6 0 0 0 0|0 0 0 0 0 0 0 0 0 0 0 0 0 0 0|0 0 0 0 0 0 0 0 0 0 0 0 0 0 0|0 0 0 0 0 0 0 0 0 0 0 0 0 0 0|0 0 0 0 0 0 0 0 0 0 0 0 0 0 0|0 0 0 0 0 0 0 0 0 0 0 0 0 0 0|0 0 0 0 0 0 0 0 0 0 0 0 0 0 0|0 0 0 0 0 0 0 0 0 0 0 0 0 0 0|0 0 0 0 0 0 0 0 0 0 0 0 0 0 0|0 0 0 0 0 0 0 0 0 0 0 0 0 0 0|0 0 0 0 0 0 0 0 0 0 0 0 0 0 0|0 0 0 0 0 0 0 0 0 0 0 0 0 0 0|0 0 0 0 0 0 0 0 0 0 0 0 0 0 0|0 0 0 0 0 0 0 0 0 0 0 0 0 0 0|0 0 0 0 0 0 0 0 0 0 0 0 0 0 0|0 0 0 0 0 0 0 0 0 0 0 0 0 0 0|0 0 0 0 0 0 0 0 0 0 0 0 0 0 0|0 0 0 0 0 0 0 0 0 0 0 0 0 0 0|0 0 0 0 0 0 0 0 0 0 0 0 0 0 0|0 0 0 0 0 0 0 0 0 0 0 0 0 0 0

第36个最优解：
Iter = 1805
Nfe = 90279
Fitness = 28.85890407541421
The number of total device = 960
The number of various devices = 64 64 64 64 64 64 64 64 64 64 64 64 64 64 64
The scheme of allocation = 6 19 15 14 20 14 2 9 7 10 7 5 18 2 7|4 7 17 8 3 20 6 6 29 3 10 28 12 10 8|23 3 8 7 13 7 7 5 3 4 31 6 4 20 4|1 13 10 4 11 5 12 2 0 9 6 0 4 11 15|14 7 2 10 0 0 21 2 12 22 4 12 10 10 13|5 0 0 2 0 0 0 19 2 0 6 0 0 0 4|7 10 1 4 6 5 6 8 0 6 0 13 13 0 0|0 0 0 10 11 0 10 0 4 0 0 0 3 5 7|4 5 4 0 0 0 0 4 0 0 0 0 0 0 6|0 0 7 5 0 0 0 6 0 4 0 0 0 6 0|0 0 0 0 0 13 0 3 7 0 0 0 0 0 0|0 0 0 0 0 0 0 0 0 6 0 0 0 0 0|0 0 0 0 0 0 0 0 0 0 0 0 0 0 0|0 0 0 0 0 0 0 0 0 0 0 0 0 0 0|0 0 0 0 0 0 0 0 0 0 0 0 0 0 0|0 0 0 0 0 0 0 0 0 0 0 0 0 0 0|0 0 0 0 0 0 0 0 0 0 0 0 0 0 0|0 0 0 0 0 0 0 0 0 0 0 0 0 0 0|0 0 0 0 0 0 0 0 0 0 0 0 0 0 0|0 0 0 0 0 0 0 0 0 0 0 0 0 0 0|0 0 0 0 0 0 0 0 0 0 0 0 0 0 0|0 0 0 0 0 0 0 0 0 0 0 0 0 0 0|0 0 0 0 0 0 0 0 0 0 0 0 0 0 0|0 0 0 0 0 0 0 0 0 0 0 0 0 0 0|0 0 0 0 0 0 0 0 0 0 0 0 0 0 0|0 0 0 0 0 0 0 0 0 0 0 0 0 0 0|0 0 0 0 0 0 0 0 0 0 0 0 0 0 0|0 0 0 0 0 0 0 0 0 0 0 0 0 0 0|0 0 0 0 0 0 0 0 0 0 0 0 0 0 0|0 0 0 0 0 0 0 0 0 0 0 0 0 0 0|0 0 0 0 0 0 0 0 0 0 0 0 0 0 0|0 0 0 0 0 0 0 0 0 0 0 0 0 0 0

第37个最优解：
Iter = 1996
Nfe = 99821
Fitness = 29.341447751544596
The number of total device = 960
The number of various devices = 64 64 64 64 64 64 64 64 64 64 64 64 64 64 64
The scheme of allocation = 13 3 8 5 7 22 10 5 26 3 7 14 17 0 14|12 13 12 8 9 7 8 3 5 7 4 4 5 8 4|11 9 10 20 13 5 4 7 6 9 19 4 13 11 7|6 10 1 4 28 23 24 17 11 18 6 7 14 16 0|19 5 5 6 0 3 5 6 6 3 6 4 0 11 5|0 11 2 13 0 4 13 3 4 7 7 3 8 7 11|0 4 4 4 7 0 0 0 6 8 15 14 0 11 2|3 0 9 4 0 0 0 19 0 0 0 8 7 0 0|0 0 13 0 0 0 0 3 0 9 0 2 0 0 11|0 4 0 0 0 0 0 1 0 0 0 4 0 0 10|0 5 0 0 0 0 0 0 0 0 0 0 0 0 0|0 0 0 0 0 0 0 0 0 0 0 0 0 0 0|0 0 0 0 0 0 0 0 0 0 0 0 0 0 0|0 0 0 0 0 0 0 0 0 0 0 0 0 0 0|0 0 0 0 0 0 0 0 0 0 0 0 0 0 0|0 0 0 0 0 0 0 0 0 0 0 0 0 0 0|0 0 0 0 0 0 0 0 0 0 0 0 0 0 0|0 0 0 0 0 0 0 0 0 0 0 0 0 0 0|0 0 0 0 0 0 0 0 0 0 0 0 0 0 0|0 0 0 0 0 0 0 0 0 0 0 0 0 0 0|0 0 0 0 0 0 0 0 0 0 0 0 0 0 0|0 0 0 0 0 0 0 0 0 0 0 0 0 0 0|0 0 0 0 0 0 0 0 0 0 0 0 0 0 0|0 0 0 0 0 0 0 0 0 0 0 0 0 0 0|0 0 0 0 0 0 0 0 0 0 0 0 0 0 0|0 0 0 0 0 0 0 0 0 0 0 0 0 0 0|0 0 0 0 0 0 0 0 0 0 0 0 0 0 0|0 0 0 0 0 0 0 0 0 0 0 0 0 0 0|0 0 0 0 0 0 0 0 0 0 0 0 0 0 0|0 0 0 0 0 0 0 0 0 0 0 0 0 0 0|0 0 0 0 0 0 0 0 0 0 0 0 0 0 0|0 0 0 0 0 0 0 0 0 0 0 0 0 0 0

第38个最优解：
Iter = 1969
Nfe = 98476
Fitness = 28.665013379261403
The number of total device = 960
The number of various devices = 64 64 64 64 64 64 64 64 64 64 64 64 64 64 64
The scheme of allocation = 8 14 19 3 7 8 12 3 3 12 7 13 6 7 9|9 4 25 25 24 3 11 5 7 6 6 16 8 12 19|22 16 8 22 8 14 9 10 27 14 7 10 0 4 14|15 10 0 10 8 0 0 8 5 5 9 7 5 5 14|6 10 12 4 6 3 12 1 12 4 6 9 10 3 0|0 0 0 0 11 12 7 10 7 15 7 9 9 9 0|4 3 0 0 0 5 4 0 3 0 18 0 4 13 6|0 7 0 0 0 12 2 4 0 8 4 0 9 11 0|0 0 0 0 0 7 7 0 0 0 0 0 10 0 2|0 0 0 0 0 0 0 7 0 0 0 0 0 0 0|0 0 0 0 0 0 0 11 0 0 0 0 0 0 0|0 0 0 0 0 0 0 5 0 0 0 0 3 0 0|0 0 0 0 0 0 0 0 0 0 0 0 0 0 0|0 0 0 0 0 0 0 0 0 0 0 0 0 0 0|0 0 0 0 0 0 0 0 0 0 0 0 0 0 0|0 0 0 0 0 0 0 0 0 0 0 0 0 0 0|0 0 0 0 0 0 0 0 0 0 0 0 0 0 0|0 0 0 0 0 0 0 0 0 0 0 0 0 0 0|0 0 0 0 0 0 0 0 0 0 0 0 0 0 0|0 0 0 0 0 0 0 0 0 0 0 0 0 0 0|0 0 0 0 0 0 0 0 0 0 0 0 0 0 0|0 0 0 0 0 0 0 0 0 0 0 0 0 0 0|0 0 0 0 0 0 0 0 0 0 0 0 0 0 0|0 0 0 0 0 0 0 0 0 0 0 0 0 0 0|0 0 0 0 0 0 0 0 0 0 0 0 0 0 0|0 0 0 0 0 0 0 0 0 0 0 0 0 0 0|0 0 0 0 0 0 0 0 0 0 0 0 0 0 0|0 0 0 0 0 0 0 0 0 0 0 0 0 0 0|0 0 0 0 0 0 0 0 0 0 0 0 0 0 0|0 0 0 0 0 0 0 0 0 0 0 0 0 0 0|0 0 0 0 0 0 0 0 0 0 0 0 0 0 0|0 0 0 0 0 0 0 0 0 0 0 0 0 0 0

第39个最优解：
Iter = 1976
Nfe = 98800
Fitness = 29.479860306745046
The number of total device = 960
The number of various devices = 64 64 64 64 64 64 64 64 64 64 64 64 64 64 64
The scheme of allocation = 13 10 14 6 11 9 13 7 4 19 17 4 9 13 1|2 23 15 7 13 14 21 2 10 17 12 2 7 4 3|0 19 13 2 9 3 25 9 7 0 0 1 5 10 21|9 6 10 15 3 8 5 5 5 0 2 4 12 29 4|8 0 6 5 10 8 0 11 6 2 5 8 12 0 18|10 2 6 11 7 0 0 6 6 1 0 17 0 0 0|18 0 0 6 4 10 0 2 18 13 10 19 1 8 9|0 0 0 7 5 4 0 12 8 0 5 9 8 0 8|4 4 0 5 2 8 0 4 0 9 4 0 0 0 0|0 0 0 0 0 0 0 6 0 0 1 0 10 0 0|0 0 0 0 0 0 0 0 0 0 0 0 0 0 0|0 0 0 0 0 0 0 0 0 3 8 0 0 0 0|0 0 0 0 0 0 0 0 0 0 0 0 0 0 0|0 0 0 0 0 0 0 0 0 0 0 0 0 0 0|0 0 0 0 0 0 0 0 0 0 0 0 0 0 0|0 0 0 0 0 0 0 0 0 0 0 0 0 0 0|0 0 0 0 0 0 0 0 0 0 0 0 0 0 0|0 0 0 0 0 0 0 0 0 0 0 0 0 0 0|0 0 0 0 0 0 0 0 0 0 0 0 0 0 0|0 0 0 0 0 0 0 0 0 0 0 0 0 0 0|0 0 0 0 0 0 0 0 0 0 0 0 0 0 0|0 0 0 0 0 0 0 0 0 0 0 0 0 0 0|0 0 0 0 0 0 0 0 0 0 0 0 0 0 0|0 0 0 0 0 0 0 0 0 0 0 0 0 0 0|0 0 0 0 0 0 0 0 0 0 0 0 0 0 0|0 0 0 0 0 0 0 0 0 0 0 0 0 0 0|0 0 0 0 0 0 0 0 0 0 0 0 0 0 0|0 0 0 0 0 0 0 0 0 0 0 0 0 0 0|0 0 0 0 0 0 0 0 0 0 0 0 0 0 0|0 0 0 0 0 0 0 0 0 0 0 0 0 0 0|0 0 0 0 0 0 0 0 0 0 0 0 0 0 0|0 0 0 0 0 0 0 0 0 0 0 0 0 0 0

第40个最优解：
Iter = 1991
Nfe = 99592
Fitness = 28.711031891593706
The number of total device = 960
The number of various devices = 64 64 64 64 64 64 64 64 64 64 64 64 64 64 64
The scheme of allocation = 4 16 29 10 4 12 10 12 20 20 17 6 12 3 8|4 6 13 16 6 16 3 11 31 10 17 16 4 13 13|23 9 10 25 15 2 8 7 13 16 13 13 11 4 9|4 8 2 10 7 13 27 7 0 0 17 2 3 9 5|2 17 6 3 8 7 6 9 0 13 0 4 5 3 3|9 8 0 0 0 6 6 18 0 5 0 5 2 6 7|10 0 0 0 2 0 4 0 0 0 0 0 2 2 11|3 0 0 0 6 2 0 0 0 0 0 8 4 3 3|5 0 0 0 0 0 0 0 0 0 0 0 0 12 0|0 0 4 0 5 5 0 0 0 0 0 10 0 4 5|0 0 0 0 0 1 0 0 0 0 0 0 10 5 0|0 0 0 0 11 0 0 0 0 0 0 0 7 0 0|0 0 0 0 0 0 0 0 0 0 0 0 0 0 0|0 0 0 0 0 0 0 0 0 0 0 0 4 0 0|0 0 0 0 0 0 0 0 0 0 0 0 0 0 0|0 0 0 0 0 0 0 0 0 0 0 0 0 0 0|0 0 0 0 0 0 0 0 0 0 0 0 0 0 0|0 0 0 0 0 0 0 0 0 0 0 0 0 0 0|0 0 0 0 0 0 0 0 0 0 0 0 0 0 0|0 0 0 0 0 0 0 0 0 0 0 0 0 0 0|0 0 0 0 0 0 0 0 0 0 0 0 0 0 0|0 0 0 0 0 0 0 0 0 0 0 0 0 0 0|0 0 0 0 0 0 0 0 0 0 0 0 0 0 0|0 0 0 0 0 0 0 0 0 0 0 0 0 0 0|0 0 0 0 0 0 0 0 0 0 0 0 0 0 0|0 0 0 0 0 0 0 0 0 0 0 0 0 0 0|0 0 0 0 0 0 0 0 0 0 0 0 0 0 0|0 0 0 0 0 0 0 0 0 0 0 0 0 0 0|0 0 0 0 0 0 0 0 0 0 0 0 0 0 0|0 0 0 0 0 0 0 0 0 0 0 0 0 0 0|0 0 0 0 0 0 0 0 0 0 0 0 0 0 0|0 0 0 0 0 0 0 0 0 0 0 0 0 0 0

第41个最优解：
Iter = 1890
Nfe = 94526
Fitness = 29.314996235920322
The number of total device = 960
The number of various devices = 64 64 64 64 64 64 64 64 64 64 64 64 64 64 64
The scheme of allocation = 20 10 6 3 4 7 15 0 8 8 20 0 10 7 5|13 2 3 22 21 8 6 14 16 14 15 14 9 22 17|14 19 5 5 9 13 5 24 1 14 9 10 2 4 0|6 2 3 0 12 0 6 5 8 11 10 12 10 7 7|0 7 11 4 9 10 5 6 5 0 10 3 3 4 2|3 0 11 6 5 0 8 11 3 10 0 0 7 11 7|8 2 19 10 4 0 3 0 19 7 0 10 6 2 2|0 19 6 8 0 0 4 0 0 0 0 10 11 7 0|0 3 0 0 0 8 0 4 0 0 0 5 0 0 0|0 0 0 0 0 18 12 0 4 0 0 0 6 0 12|0 0 0 0 0 0 0 0 0 0 0 0 0 0 12|0 0 0 0 0 0 0 0 0 0 0 0 0 0 0|0 0 0 0 0 0 0 0 0 0 0 0 0 0 0|0 0 0 0 0 0 0 0 0 0 0 0 0 0 0|0 0 0 6 0 0 0 0 0 0 0 0 0 0 0|0 0 0 0 0 0 0 0 0 0 0 0 0 0 0|0 0 0 0 0 0 0 0 0 0 0 0 0 0 0|0 0 0 0 0 0 0 0 0 0 0 0 0 0 0|0 0 0 0 0 0 0 0 0 0 0 0 0 0 0|0 0 0 0 0 0 0 0 0 0 0 0 0 0 0|0 0 0 0 0 0 0 0 0 0 0 0 0 0 0|0 0 0 0 0 0 0 0 0 0 0 0 0 0 0|0 0 0 0 0 0 0 0 0 0 0 0 0 0 0|0 0 0 0 0 0 0 0 0 0 0 0 0 0 0|0 0 0 0 0 0 0 0 0 0 0 0 0 0 0|0 0 0 0 0 0 0 0 0 0 0 0 0 0 0|0 0 0 0 0 0 0 0 0 0 0 0 0 0 0|0 0 0 0 0 0 0 0 0 0 0 0 0 0 0|0 0 0 0 0 0 0 0 0 0 0 0 0 0 0|0 0 0 0 0 0 0 0 0 0 0 0 0 0 0|0 0 0 0 0 0 0 0 0 0 0 0 0 0 0|0 0 0 0 0 0 0 0 0 0 0 0 0 0 0

第42个最优解：
Iter = 1951
Nfe = 97554
Fitness = 28.846385132703357
The number of total device = 960
The number of various devices = 64 64 64 64 64 64 64 64 64 64 64 64 64 64 64
The scheme of allocation = 25 5 8 20 20 3 16 17 22 20 9 3 7 9 9|9 18 14 4 3 14 19 2 4 22 7 9 26 8 9|4 6 10 6 20 20 3 7 5 19 20 10 9 3 9|8 1 6 13 7 3 3 8 7 3 9 12 7 0 10|6 7 3 8 3 4 0 7 3 0 11 13 3 5 4|7 7 10 13 11 3 8 0 9 0 0 0 4 19 17|5 8 7 0 0 17 3 4 8 0 8 17 8 0 0|0 12 0 0 0 0 7 3 4 0 0 0 0 0 6|0 0 0 0 0 0 5 7 2 0 0 0 0 6 0|0 0 6 0 0 0 0 6 0 0 0 0 0 9 0|0 0 0 0 0 0 0 3 0 0 0 0 0 0 0|0 0 0 0 0 0 0 0 0 0 0 0 0 5 0|0 0 0 0 0 0 0 0 0 0 0 0 0 0 0|0 0 0 0 0 0 0 0 0 0 0 0 0 0 0|0 0 0 0 0 0 0 0 0 0 0 0 0 0 0|0 0 0 0 0 0 0 0 0 0 0 0 0 0 0|0 0 0 0 0 0 0 0 0 0 0 0 0 0 0|0 0 0 0 0 0 0 0 0 0 0 0 0 0 0|0 0 0 0 0 0 0 0 0 0 0 0 0 0 0|0 0 0 0 0 0 0 0 0 0 0 0 0 0 0|0 0 0 0 0 0 0 0 0 0 0 0 0 0 0|0 0 0 0 0 0 0 0 0 0 0 0 0 0 0|0 0 0 0 0 0 0 0 0 0 0 0 0 0 0|0 0 0 0 0 0 0 0 0 0 0 0 0 0 0|0 0 0 0 0 0 0 0 0 0 0 0 0 0 0|0 0 0 0 0 0 0 0 0 0 0 0 0 0 0|0 0 0 0 0 0 0 0 0 0 0 0 0 0 0|0 0 0 0 0 0 0 0 0 0 0 0 0 0 0|0 0 0 0 0 0 0 0 0 0 0 0 0 0 0|0 0 0 0 0 0 0 0 0 0 0 0 0 0 0|0 0 0 0 0 0 0 0 0 0 0 0 0 0 0|0 0 0 0 0 0 0 0 0 0 0 0 0 0 0

第43个最优解：
Iter = 1980
Nfe = 99027
Fitness = 29.052863306183152
The number of total device = 960
The number of various devices = 64 64 64 64 64 64 64 64 64 64 64 64 64 64 64
The scheme of allocation = 16 9 10 19 10 15 4 12 8 17 9 11 8 8 17|7 8 9 9 4 18 2 4 6 23 6 21 5 7 4|12 15 21 19 4 5 2 14 5 4 7 9 5 14 9|9 2 24 8 17 11 11 5 20 5 5 10 8 5 6|4 0 0 2 7 15 15 4 3 5 11 3 5 3 0|8 0 0 3 11 0 0 10 6 0 4 5 6 4 5|0 0 0 0 0 0 0 3 11 0 10 5 6 2 4|0 0 0 0 0 0 10 0 5 0 12 0 21 7 8|0 0 0 0 0 0 1 0 0 10 0 0 0 14 11|8 0 0 0 11 0 15 12 0 0 0 0 0 0 0|0 9 0 0 0 0 4 0 0 0 0 0 0 0 0|0 10 0 4 0 0 0 0 0 0 0 0 0 0 0|0 0 0 0 0 0 0 0 0 0 0 0 0 0 0|0 11 0 0 0 0 0 0 0 0 0 0 0 0 0|0 0 0 0 0 0 0 0 0 0 0 0 0 0 0|0 0 0 0 0 0 0 0 0 0 0 0 0 0 0|0 0 0 0 0 0 0 0 0 0 0 0 0 0 0|0 0 0 0 0 0 0 0 0 0 0 0 0 0 0|0 0 0 0 0 0 0 0 0 0 0 0 0 0 0|0 0 0 0 0 0 0 0 0 0 0 0 0 0 0|0 0 0 0 0 0 0 0 0 0 0 0 0 0 0|0 0 0 0 0 0 0 0 0 0 0 0 0 0 0|0 0 0 0 0 0 0 0 0 0 0 0 0 0 0|0 0 0 0 0 0 0 0 0 0 0 0 0 0 0|0 0 0 0 0 0 0 0 0 0 0 0 0 0 0|0 0 0 0 0 0 0 0 0 0 0 0 0 0 0|0 0 0 0 0 0 0 0 0 0 0 0 0 0 0|0 0 0 0 0 0 0 0 0 0 0 0 0 0 0|0 0 0 0 0 0 0 0 0 0 0 0 0 0 0|0 0 0 0 0 0 0 0 0 0 0 0 0 0 0|0 0 0 0 0 0 0 0 0 0 0 0 0 0 0|0 0 0 0 0 0 0 0 0 0 0 0 0 0 0

第44个最优解：
Iter = 1936
Nfe = 96847
Fitness = 29.681037165824616
The number of total device = 960
The number of various devices = 64 64 64 64 64 64 64 64 64 64 64 64 64 64 64
The scheme of allocation = 15 4 7 7 3 11 5 12 15 13 23 5 3 31 5|14 3 3 17 1 31 13 8 11 14 6 3 11 21 7|15 3 18 17 18 6 19 3 5 16 13 12 6 3 11|6 5 0 16 2 12 0 12 7 6 9 8 8 0 7|0 12 3 0 8 0 5 4 0 0 0 7 6 6 9|7 11 15 7 8 0 8 8 16 10 11 4 6 3 15|7 14 14 0 1 4 5 1 0 5 0 9 4 0 10|0 8 4 0 7 0 9 10 10 0 0 5 4 0 0|0 4 0 0 5 0 0 6 0 0 0 8 8 0 0|0 0 0 0 8 0 0 0 0 0 0 3 8 0 0|0 0 0 0 3 0 0 0 0 0 0 0 0 0 0|0 0 0 0 0 0 0 0 0 0 0 0 0 0 0|0 0 0 0 0 0 0 0 0 0 0 0 0 0 0|0 0 0 0 0 0 0 0 0 0 0 0 0 0 0|0 0 0 0 0 0 0 0 0 0 0 0 0 0 0|0 0 0 0 0 0 0 0 0 0 0 0 0 0 0|0 0 0 0 0 0 0 0 0 0 0 0 0 0 0|0 0 0 0 0 0 0 0 0 0 2 0 0 0 0|0 0 0 0 0 0 0 0 0 0 0 0 0 0 0|0 0 0 0 0 0 0 0 0 0 0 0 0 0 0|0 0 0 0 0 0 0 0 0 0 0 0 0 0 0|0 0 0 0 0 0 0 0 0 0 0 0 0 0 0|0 0 0 0 0 0 0 0 0 0 0 0 0 0 0|0 0 0 0 0 0 0 0 0 0 0 0 0 0 0|0 0 0 0 0 0 0 0 0 0 0 0 0 0 0|0 0 0 0 0 0 0 0 0 0 0 0 0 0 0|0 0 0 0 0 0 0 0 0 0 0 0 0 0 0|0 0 0 0 0 0 0 0 0 0 0 0 0 0 0|0 0 0 0 0 0 0 0 0 0 0 0 0 0 0|0 0 0 0 0 0 0 0 0 0 0 0 0 0 0|0 0 0 0 0 0 0 0 0 0 0 0 0 0 0|0 0 0 0 0 0 0 0 0 0 0 0 0 0 0

第45个最优解：
Iter = 1892
Nfe = 94638
Fitness = 29.422153066876668
The number of total device = 960
The number of various devices = 64 64 64 64 64 64 64 64 64 64 64 64 64 64 64
The scheme of allocation = 3 0 8 14 16 2 2 16 2 6 13 24 0 3 17|26 8 6 16 23 6 7 3 10 5 4 3 5 7 4|5 12 5 12 4 8 3 3 10 4 6 14 0 8 14|10 7 7 5 17 7 3 27 11 5 9 2 15 3 15|4 3 14 0 0 28 9 8 7 18 0 2 3 3 7|4 14 0 12 4 7 0 0 9 8 0 7 13 4 4|5 11 0 0 0 6 13 0 0 18 11 3 12 6 2|7 9 0 0 0 0 11 7 0 0 11 7 6 10 0|0 0 0 5 0 0 0 0 15 0 10 2 0 0 1|0 0 0 0 0 0 0 0 0 0 0 0 0 7 0|0 0 10 0 0 0 16 0 0 0 0 0 4 13 0|0 0 14 0 0 0 0 0 0 0 0 0 0 0 0|0 0 0 0 0 0 0 0 0 0 0 0 0 0 0|0 0 0 0 0 0 0 0 0 0 0 0 0 0 0|0 0 0 0 0 0 0 0 0 0 0 0 6 0 0|0 0 0 0 0 0 0 0 0 0 0 0 0 0 0|0 0 0 0 0 0 0 0 0 0 0 0 0 0 0|0 0 0 0 0 0 0 0 0 0 0 0 0 0 0|0 0 0 0 0 0 0 0 0 0 0 0 0 0 0|0 0 0 0 0 0 0 0 0 0 0 0 0 0 0|0 0 0 0 0 0 0 0 0 0 0 0 0 0 0|0 0 0 0 0 0 0 0 0 0 0 0 0 0 0|0 0 0 0 0 0 0 0 0 0 0 0 0 0 0|0 0 0 0 0 0 0 0 0 0 0 0 0 0 0|0 0 0 0 0 0 0 0 0 0 0 0 0 0 0|0 0 0 0 0 0 0 0 0 0 0 0 0 0 0|0 0 0 0 0 0 0 0 0 0 0 0 0 0 0|0 0 0 0 0 0 0 0 0 0 0 0 0 0 0|0 0 0 0 0 0 0 0 0 0 0 0 0 0 0|0 0 0 0 0 0 0 0 0 0 0 0 0 0 0|0 0 0 0 0 0 0 0 0 0 0 0 0 0 0|0 0 0 0 0 0 0 0 0 0 0 0 0 0 0

第46个最优解：
Iter = 1962
Nfe = 98108
Fitness = 29.742526929422727
The number of total device = 960
The number of various devices = 64 64 64 64 64 64 64 64 64 64 64 64 64 64 64
The scheme of allocation = 8 17 12 20 21 4 9 8 4 20 13 11 1 9 2|8 11 3 17 6 15 7 17 10 17 7 7 12 13 12|6 7 10 5 9 5 4 4 0 10 6 4 5 6 9|6 13 14 1 6 7 3 9 4 9 4 0 17 9 6|14 5 6 0 6 6 10 2 6 8 6 4 15 5 3|0 0 4 13 0 13 0 11 9 0 8 10 11 12 7|0 11 1 8 7 0 16 5 0 0 3 0 3 0 6|0 0 5 0 3 14 0 8 11 0 2 12 0 10 12|0 0 9 0 0 0 15 0 14 0 11 16 0 0 7|0 0 0 0 6 0 0 0 6 0 0 0 0 0 0|22 0 0 0 0 0 0 0 0 0 0 0 0 0 0|0 0 0 0 0 0 0 0 0 0 4 0 0 0 0|0 0 0 0 0 0 0 0 0 0 0 0 0 0 0|0 0 0 0 0 0 0 0 0 0 0 0 0 0 0|0 0 0 0 0 0 0 0 0 0 0 0 0 0 0|0 0 0 0 0 0 0 0 0 0 0 0 0 0 0|0 0 0 0 0 0 0 0 0 0 0 0 0 0 0|0 0 0 0 0 0 0 0 0 0 0 0 0 0 0|0 0 0 0 0 0 0 0 0 0 0 0 0 0 0|0 0 0 0 0 0 0 0 0 0 0 0 0 0 0|0 0 0 0 0 0 0 0 0 0 0 0 0 0 0|0 0 0 0 0 0 0 0 0 0 0 0 0 0 0|0 0 0 0 0 0 0 0 0 0 0 0 0 0 0|0 0 0 0 0 0 0 0 0 0 0 0 0 0 0|0 0 0 0 0 0 0 0 0 0 0 0 0 0 0|0 0 0 0 0 0 0 0 0 0 0 0 0 0 0|0 0 0 0 0 0 0 0 0 0 0 0 0 0 0|0 0 0 0 0 0 0 0 0 0 0 0 0 0 0|0 0 0 0 0 0 0 0 0 0 0 0 0 0 0|0 0 0 0 0 0 0 0 0 0 0 0 0 0 0|0 0 0 0 0 0 0 0 0 0 0 0 0 0 0|0 0 0 0 0 0 0 0 0 0 0 0 0 0 0

第47个最优解：
Iter = 1947
Nfe = 97351
Fitness = 29.275972061693775
The number of total device = 960
The number of various devices = 64 64 64 64 64 64 64 64 64 64 64 64 64 64 64
The scheme of allocation = 9 2 6 7 11 8 3 9 3 10 7 14 6 15 7|0 6 13 17 2 9 16 9 11 12 5 10 0 0 6|10 12 19 0 15 12 9 12 6 19 8 10 23 13 21|10 8 9 11 4 0 9 14 15 0 10 4 9 5 3|19 6 13 0 9 11 1 14 4 10 7 8 0 3 22|10 3 0 5 7 12 6 6 3 7 0 9 3 5 5|6 6 2 8 16 12 11 0 5 0 7 9 14 13 0|0 17 2 6 0 0 9 0 7 0 6 0 9 10 0|0 4 0 3 0 0 0 0 3 6 5 0 0 0 0|0 0 0 0 0 0 0 0 0 0 9 0 0 0 0|0 0 0 7 0 0 0 0 7 0 0 0 0 0 0|0 0 0 0 0 0 0 0 0 0 0 0 0 0 0|0 0 0 0 0 0 0 0 0 0 0 0 0 0 0|0 0 0 0 0 0 0 0 0 0 0 0 0 0 0|0 0 0 0 0 0 0 0 0 0 0 0 0 0 0|0 0 0 0 0 0 0 0 0 0 0 0 0 0 0|0 0 0 0 0 0 0 0 0 0 0 0 0 0 0|0 0 0 0 0 0 0 0 0 0 0 0 0 0 0|0 0 0 0 0 0 0 0 0 0 0 0 0 0 0|0 0 0 0 0 0 0 0 0 0 0 0 0 0 0|0 0 0 0 0 0 0 0 0 0 0 0 0 0 0|0 0 0 0 0 0 0 0 0 0 0 0 0 0 0|0 0 0 0 0 0 0 0 0 0 0 0 0 0 0|0 0 0 0 0 0 0 0 0 0 0 0 0 0 0|0 0 0 0 0 0 0 0 0 0 0 0 0 0 0|0 0 0 0 0 0 0 0 0 0 0 0 0 0 0|0 0 0 0 0 0 0 0 0 0 0 0 0 0 0|0 0 0 0 0 0 0 0 0 0 0 0 0 0 0|0 0 0 0 0 0 0 0 0 0 0 0 0 0 0|0 0 0 0 0 0 0 0 0 0 0 0 0 0 0|0 0 0 0 0 0 0 0 0 0 0 0 0 0 0|0 0 0 0 0 0 0 0 0 0 0 0 0 0 0

第48个最优解：
Iter = 1968
Nfe = 98444
Fitness = 29.924121104002637
The number of total device = 960
The number of various devices = 64 64 64 64 64 64 64 64 64 64 64 64 64 64 64
The scheme of allocation = 11 13 20 8 3 22 7 4 30 2 5 17 10 1 5|13 4 10 8 3 16 2 28 2 5 15 13 9 7 15|5 4 18 21 7 4 12 4 4 0 18 10 8 14 4|22 21 0 18 18 2 7 14 8 14 11 16 0 0 0|2 4 2 0 8 2 5 3 5 3 0 0 10 9 3|0 0 0 0 2 9 7 0 6 2 0 0 13 10 6|0 0 0 9 6 9 8 0 3 13 15 8 5 3 8|3 2 14 0 5 0 2 5 6 10 0 0 2 9 2|8 5 0 0 0 0 0 0 0 0 0 0 7 5 0|0 0 0 0 0 0 7 0 0 9 0 0 0 6 0|0 0 0 0 12 0 0 6 0 6 0 0 0 0 0|0 0 0 0 0 0 0 0 0 0 0 0 0 0 12|0 0 0 0 0 0 0 0 0 0 0 0 0 0 9|0 0 0 0 0 0 7 0 0 0 0 0 0 0 0|0 11 0 0 0 0 0 0 0 0 0 0 0 0 0|0 0 0 0 0 0 0 0 0 0 0 0 0 0 0|0 0 0 0 0 0 0 0 0 0 0 0 0 0 0|0 0 0 0 0 0 0 0 0 0 0 0 0 0 0|0 0 0 0 0 0 0 0 0 0 0 0 0 0 0|0 0 0 0 0 0 0 0 0 0 0 0 0 0 0|0 0 0 0 0 0 0 0 0 0 0 0 0 0 0|0 0 0 0 0 0 0 0 0 0 0 0 0 0 0|0 0 0 0 0 0 0 0 0 0 0 0 0 0 0|0 0 0 0 0 0 0 0 0 0 0 0 0 0 0|0 0 0 0 0 0 0 0 0 0 0 0 0 0 0|0 0 0 0 0 0 0 0 0 0 0 0 0 0 0|0 0 0 0 0 0 0 0 0 0 0 0 0 0 0|0 0 0 0 0 0 0 0 0 0 0 0 0 0 0|0 0 0 0 0 0 0 0 0 0 0 0 0 0 0|0 0 0 0 0 0 0 0 0 0 0 0 0 0 0|0 0 0 0 0 0 0 0 0 0 0 0 0 0 0|0 0 0 0 0 0 0 0 0 0 0 0 0 0 0

第49个最优解：
Iter = 1976
Nfe = 98830
Fitness = 28.92619694273785
The number of total device = 960
The number of various devices = 64 64 64 64 64 64 64 64 64 64 64 64 64 64 64
The scheme of allocation = 7 6 5 4 14 4 6 6 10 5 19 24 4 10 10|4 14 6 10 6 20 3 13 6 5 18 14 10 10 14|7 15 18 9 16 6 9 9 4 14 9 6 28 13 13|0 0 14 5 0 13 5 27 4 11 0 13 0 8 4|16 10 3 12 0 10 5 7 5 0 14 0 5 10 4|6 14 14 12 3 4 14 0 16 11 4 7 4 13 5|8 5 0 12 13 7 0 2 3 5 0 0 13 0 8|11 0 0 0 7 0 5 0 8 4 0 0 0 0 6|0 0 0 0 0 0 6 0 6 9 0 0 0 0 0|5 0 0 0 5 0 6 0 2 0 0 0 0 0 0|0 0 0 0 0 0 5 0 0 0 0 0 0 0 0|0 0 4 0 0 0 0 0 0 0 0 0 0 0 0|0 0 0 0 0 0 0 0 0 0 0 0 0 0 0|0 0 0 0 0 0 0 0 0 0 0 0 0 0 0|0 0 0 0 0 0 0 0 0 0 0 0 0 0 0|0 0 0 0 0 0 0 0 0 0 0 0 0 0 0|0 0 0 0 0 0 0 0 0 0 0 0 0 0 0|0 0 0 0 0 0 0 0 0 0 0 0 0 0 0|0 0 0 0 0 0 0 0 0 0 0 0 0 0 0|0 0 0 0 0 0 0 0 0 0 0 0 0 0 0|0 0 0 0 0 0 0 0 0 0 0 0 0 0 0|0 0 0 0 0 0 0 0 0 0 0 0 0 0 0|0 0 0 0 0 0 0 0 0 0 0 0 0 0 0|0 0 0 0 0 0 0 0 0 0 0 0 0 0 0|0 0 0 0 0 0 0 0 0 0 0 0 0 0 0|0 0 0 0 0 0 0 0 0 0 0 0 0 0 0|0 0 0 0 0 0 0 0 0 0 0 0 0 0 0|0 0 0 0 0 0 0 0 0 0 0 0 0 0 0|0 0 0 0 0 0 0 0 0 0 0 0 0 0 0|0 0 0 0 0 0 0 0 0 0 0 0 0 0 0|0 0 0 0 0 0 0 0 0 0 0 0 0 0 0|0 0 0 0 0 0 0 0 0 0 0 0 0 0 0

第50个最优解：
Iter = 1933
Nfe = 96682
Fitness = 28.55206505598416
The number of total device = 960
The number of various devices = 64 64 64 64 64 64 64 64 64 64 64 64 64 64 64
The scheme of allocation = 15 3 12 12 15 23 27 14 9 14 7 19 7 3 22|11 13 29 4 24 5 5 11 4 12 7 18 3 8 21|12 3 7 4 16 18 9 1 4 11 5 11 13 19 3|1 3 13 2 2 6 8 4 1 0 4 11 13 5 2|3 3 3 16 0 0 14 28 3 3 3 0 8 3 2|10 3 0 3 7 12 1 6 17 6 8 5 6 0 4|5 10 0 0 0 0 0 0 7 7 9 0 3 11 0|7 3 0 0 0 0 0 0 0 4 6 0 6 15 5|0 7 0 23 0 0 0 0 8 0 0 0 5 0 0|0 0 0 0 0 0 0 0 11 0 6 0 0 0 0|0 16 0 0 0 0 0 0 0 7 9 0 0 0 5|0 0 0 0 0 0 0 0 0 0 0 0 0 0 0|0 0 0 0 0 0 0 0 0 0 0 0 0 0 0|0 0 0 0 0 0 0 0 0 0 0 0 0 0 0|0 0 0 0 0 0 0 0 0 0 0 0 0 0 0|0 0 0 0 0 0 0 0 0 0 0 0 0 0 0|0 0 0 0 0 0 0 0 0 0 0 0 0 0 0|0 0 0 0 0 0 0 0 0 0 0 0 0 0 0|0 0 0 0 0 0 0 0 0 0 0 0 0 0 0|0 0 0 0 0 0 0 0 0 0 0 0 0 0 0|0 0 0 0 0 0 0 0 0 0 0 0 0 0 0|0 0 0 0 0 0 0 0 0 0 0 0 0 0 0|0 0 0 0 0 0 0 0 0 0 0 0 0 0 0|0 0 0 0 0 0 0 0 0 0 0 0 0 0 0|0 0 0 0 0 0 0 0 0 0 0 0 0 0 0|0 0 0 0 0 0 0 0 0 0 0 0 0 0 0|0 0 0 0 0 0 0 0 0 0 0 0 0 0 0|0 0 0 0 0 0 0 0 0 0 0 0 0 0 0|0 0 0 0 0 0 0 0 0 0 0 0 0 0 0|0 0 0 0 0 0 0 0 0 0 0 0 0 0 0|0 0 0 0 0 0 0 0 0 0 0 0 0 0 0|0 0 0 0 0 0 0 0 0 0 0 0 0 0 0

The final result:
fmax = 30.635094182269377
fmin = 27.355214453590126
fmean = 29.258854340087865
standard std = 0.6592476445196027
The number of total device = 960
The number of various devices = 64 64 64 64 64 64 64 64 64 64 64 64 64 64 64
The optimal allocation = 9 9 6 5 13 10 6 11 7 8 2 11 7 7 4|11 6 5 16 18 10 10 12 20 9 16 8 10 4 12|0 24 8 7 4 11 20 2 23 8 5 3 4 13 17|3 4 6 3 7 31 11 3 2 9 16 3 7 8 14|17 6 6 0 0 2 8 9 4 9 0 0 2 7 3|17 12 11 8 16 0 6 4 8 0 7 8 12 8 7|4 0 5 5 6 0 3 8 0 7 3 2 11 0 0|0 3 11 8 0 0 0 12 0 4 7 8 0 17 0|3 0 0 2 0 0 0 0 0 0 4 21 11 0 4|0 0 6 8 0 0 0 0 0 0 4 0 0 0 3|0 0 0 2 0 0 0 3 0 0 0 0 0 0 0|0 0 0 0 0 0 0 0 0 10 0 0 0 0 0|0 0 0 0 0 0 0 0 0 0 0 0 0 0 0|0 0 0 0 0 0 0 0 0 0 0 0 0 0 0|0 0 0 0 0 0 0 0 0 0 0 0 0 0 0|0 0 0 0 0 0 0 0 0 0 0 0 0 0 0|0 0 0 0 0 0 0 0 0 0 0 0 0 0 0|0 0 0 0 0 0 0 0 0 0 0 0 0 0 0|0 0 0 0 0 0 0 0 0 0 0 0 0 0 0|0 0 0 0 0 0 0 0 0 0 0 0 0 0 0|0 0 0 0 0 0 0 0 0 0 0 0 0 0 0|0 0 0 0 0 0 0 0 0 0 0 0 0 0 0|0 0 0 0 0 0 0 0 0 0 0 0 0 0 0|0 0 0 0 0 0 0 0 0 0 0 0 0 0 0|0 0 0 0 0 0 0 0 0 0 0 0 0 0 0|0 0 0 0 0 0 0 0 0 0 0 0 0 0 0|0 0 0 0 0 0 0 0 0 0 0 0 0 0 0|0 0 0 0 0 0 0 0 0 0 0 0 0 0 0|0 0 0 0 0 0 0 0 0 0 0 0 0 0 0|0 0 0 0 0 0 0 0 0 0 0 0 0 0 0|0 0 0 0 0 0 0 0 0 0 0 0 0 0 0|0 0 0 0 0 0 0 0 0 0 0 0 0 0 0
