0.94429323 0.95728125 0.73920007 0.88722391 0.82769691 0.73796193 0.81651201 0.96315659
0.95748588 0.75487829 0.92247748 0.93224729 0.99598848 0.71402045 0.87447074 0.81789390
0.80431508 0.71078549 0.97138709 0.84797720 0.94311375 0.72526455 0.76490174 0.74114181
0.94239568 0.98795059 0.90200629 0.84767594 0.87743862 0.84396449 0.71875130 0.75467948
0.97283601 0.72504928 0.73611961 0.96979936 0.88869240 0.94160975 0.77682629 0.77427648
0.72177463 0.93197697 0.98658700 0.98438785 0.78011194 0.95285471 0.70501773 0.88058272
0.96209653 0.96355696 0.78982509 0.75570133 0.79056982 0.84717307 0.95331710 0.79762950
0.81868825 0.92419967 0.72251093 0.75758247 0.73754604 0.84845537 0.78323477 0.86292598
0.97559097 0.83124711 0.91461742 0.71303251 0.88680261 0.71778401 0.86322992 0.84813552
0.87841143 0.93973704 0.74589004 0.70448418 0.72962039 0.88962017 0.90676125 0.86431621
0.70034957 0.80632114 0.78787396 0.77625597 0.92345759 0.82663689 0.70256798 0.86071001
0.91520266 0.74507170 0.82860118 0.82567218 0.82688921 0.83343281 0.96179040 0.70106482