6.52830745 0.72071131 8.69855232 0.44476855 3.09042400 3.91717922 3.74557369 3.27107425
2.57481714 3.37728772 7.89404655 0.49907840 6.42797560 4.91075984 8.81490022 0.90684056
5.50649988 1.78678988 2.40166503 3.20274319 8.39684395 6.22090201 9.62318111 7.87091836
3.84971307 6.42124431 9.27029215 6.48360840 2.59920038 3.95902616 4.54726670 7.21490116
5.83869136 1.43288710 2.99189639 1.27659878 1.19002799 9.66456526 7.30392045 0.04581776
2.12936978 6.99330568 9.31963239 6.76523580 3.52264489 0.62903268 0.59122375 9.87073788
4.17543865 1.47938568 0.81262729 7.23753546 7.11661757 9.38329769 9.67932188 1.93466548
9.71194248 5.26387009 8.67776468 0.43909971 8.64337433 0.35588270 6.77082342 3.68452945
9.29173470 0.36834623 7.97877708 9.80621008 5.12482954 4.21009287 9.45116532 4.99208610
0.32010223 2.73647077 5.78296145 5.46174104 8.04033519 2.86779037 9.04925582 9.26854484
7.53287022 6.38524791 4.31582904 1.35670248 5.53727005 0.72762853 7.22870957 9.10373085
1.36330280 1.19217130 3.69400185 8.44022460 0.44057643 0.08555486 1.62998397 2.56259515