0.00961295 0.02274497 0.05364756 0.08275656 0.08035882 0.03978644 0.01399237 0.02033865 0.09033931 0.00472643 0.01586286 0.04182762 0.09999924 0.09460318 0.06808257 0.02071478 0.06007832 0.05488998
0.08365101 0.06382374 0.02343417 0.00179830 0.06142090 0.07508794 0.05617247 0.07764238 0.07637966 0.04937490 0.02285507 0.02429505 0.08323774 0.02920913 0.09682685 0.09806557 0.00960869 0.02335921
0.03859654 0.04825593 0.05227274 0.04299283 0.09272611 0.02120285 0.09284769 0.05846676 0.07682809 0.03178848 0.01764815 0.01780702 0.07503944 0.06520376 0.06059585 0.09654793 0.00273548 0.03317376
0.08775112 0.06783674 0.07926652 0.01090571 0.00736746 0.09157420 0.03114467 0.02369560 0.02032816 0.02184924 0.04937774 0.03543046 0.02240613 0.02303968 0.04154153 0.01514894 0.03199488 0.06668886
0.05170167 0.02237371 0.04479087 0.05363142 0.06944037 0.05710509 0.01036421 0.06882984 0.01301305 0.06616571 0.08463711 0.02999660 0.05105461 0.08401233 0.03699601 0.03531497 0.02227424 0.01318125
0.08109585 0.05043486 0.02322242 0.01720977 0.05437152 0.00040851 0.06048343 0.00717698 0.09285401 0.04834374 0.00554072 0.05193266 0.03509540 0.04929126 0.04808269 0.03163425 0.04183912 0.06524539
0.01666046 0.08438730 0.03652886 0.01512600 0.02437885 0.06658566 0.05583152 0.01222282 0.00169654 0.05897370 0.04905668 0.01082143 0.09843056 0.00250325 0.08068707 0.04359357 0.07270521 0.04073397
0.07119148 0.08182272 0.03585449 0.07882669 0.05787372 0.09164913 0.08918234 0.04310475 0.06971822 0.09125678 0.07100381 0.03970948 0.08802477 0.03628811 0.03053546 0.06605166 0.00808214 0.07376042
0.05897220 0.02456123 0.02621220 0.00837142 0.03748291 0.02466402 0.05122321 0.01931947 0.00687630 0.03596424 0.07964308 0.05062739 0.02433305 0.07328787 0.08006027 0.07344704 0.04887001 0.05254252
0.00348219 0.08493512 0.08909668 0.05527537 0.07382791 0.06502895 0.05434343 0.07936123 0.01550397 0.05981415 0.07338600 0.03342895 0.04346928 0.09816464 0.08375987 0.05343486 0.07527695 0.07694850
0.04905288 0.08121798 0.02428797 0.06933144 0.03158387 0.04692212 0.09858383 0.02057329 0.03351985 0.03984639 0.06106196 0.09620053 0.02075340 0.03558571 0.00278016 0.03855204 0.06075690 0.07124923
0.04382294 0.06943261 0.03814943 0.02509518 0.00379502 0.04897277 0.05985700 0.06209627 0.07750401 0.06378141 0.02551586 0.05275087 0.01047653 0.07109096 0.01816378 0.05888078 0.09365887 0.06983328