0.91762003 0.93059689 0.77096668 0.73560724 0.74543042 0.87664563 0.71894211 0.83833524 0.77259578 0.77756102 0.90811655 0.97740714 0.97560706 0.87114547 0.89076542
0.93611811 0.87241094 0.98592502 0.86660414 0.96454614 0.97913584 0.92209331 0.85460400 0.77518872 0.73830250 0.83907726 0.71200531 0.91926170 0.71142400 0.74065188
0.82131336 0.83707755 0.79325508 0.85585526 0.88510552 0.82543205 0.85368164 0.98065449 0.82189623 0.82381531 0.94634637 0.77138713 0.74409901 0.98952464 0.74058692
0.76645253 0.72129302 0.70939339 0.73511887 0.95755076 0.78854465 0.88286179 0.89812582 0.83596701 0.75045219 0.90750255 0.84902450 0.70297292 0.75687522 0.80387531
0.75215346 0.95636564 0.78597768 0.73172149 0.83198913 0.94748997 0.86425707 0.77402196 0.74322356 0.74478761 0.88164997 0.99932727 0.73714385 0.84099220 0.92259693
0.75603177 0.75823321 0.80153790 0.83111796 0.80489937 0.78176988 0.97157345 0.85949284 0.95816093 0.96442963 0.83817285 0.81605815 0.76488941 0.92550397 0.98290817
0.82792613 0.76312122 0.70632591 0.85789901 0.76909849 0.80932828 0.86985113 0.97577754 0.97349106 0.89535780 0.80107252 0.72070711 0.95580327 0.77184259 0.75205169
0.86366673 0.70095938 0.91534735 0.84283157 0.70066298 0.95501636 0.70415236 0.78134943 0.92735496 0.95697633 0.70458820 0.90170053 0.91777734 0.89185931 0.91622169
0.84070766 0.88842050 0.82068518 0.87995464 0.87773252 0.90187634 0.75268150 0.91823453 0.85202035 0.89658220 0.76907710 0.75108695 0.74559974 0.92089470 0.88625897
0.71556716 0.97786475 0.70079967 0.75886325 0.90948937 0.80044728 0.78101328 0.87053894 0.78292939 0.80784288 0.84905385 0.84166591 0.81300758 0.79048380 0.88106312
0.89922686 0.71884637 0.95255833 0.83672980 0.70432568 0.70435770 0.79685629 0.77861757 0.91751287 0.85665285 0.94327559 0.89852381 0.90112141 0.77737879 0.79635560
0.80019469 0.91123454 0.98317172 0.91030846 0.71379639 0.81969994 0.77968046 0.71749959 0.90299144 0.72877271 0.89124878 0.78818476 0.97029331 0.79751237 0.91535773
0.77554093 0.97057192 0.88997746 0.96731561 0.77063390 0.90615639 0.88055381 0.78644490 0.74694627 0.79993123 0.81142090 0.79015238 0.81344439 0.92514589 0.79120351
0.98678019 0.81889381 0.81235694 0.85227378 0.99202241 0.95823806 0.85499659 0.94696211 0.93695333 0.72433590 0.99551010 0.86010271 0.80835057 0.72520796 0.99382917
0.84688316 0.72400761 0.84817389 0.75914751 0.87088500 0.91711715 0.99786673 0.86453889 0.81749537 0.98456857 0.96509175 0.96190738 0.99253779 0.84413918 0.79785227
0.87208356 0.88501293 0.94507101 0.74459561 0.74157990 0.87625856 0.98541119 0.92283780 0.73359236 0.81563036 0.80775630 0.83380595 0.75628497 0.75497371 0.77267701
0.99559294 0.92621781 0.94069911 0.94611181 0.70354930 0.81897868 0.70319225 0.78340476 0.84724279 0.87265230 0.75858247 0.94842434 0.91829649 0.98271057 0.84756131
0.77133678 0.73277195 0.85923148 0.77998600 0.72311948 0.76549408 0.80905343 0.83242052 0.96878632 0.95182022 0.95654607 0.85855999 0.85455871 0.85483608 0.92712773
0.81965194 0.88685298 0.92281695 0.78748419 0.92357116 0.97296610 0.87302269 0.86564220 0.97712264 0.71472879 0.83350093 0.76262587 0.80644025 0.97715663 0.75455295
0.71537286 0.98501657 0.89426657 0.96587253 0.97791187 0.72794247 0.72373777 0.70409823 0.75450194 0.86435279 0.92098278 0.76862526 0.94450836 0.78786767 0.77145641
0.98100344 0.74423903 0.90698680 0.89766652 0.72510328 0.99578977 0.87393709 0.84436289 0.93146268 0.97714580 0.96139195 0.74176654 0.83983205 0.89136114 0.98177361
0.85246411 0.72891651 0.93558673 0.90351771 0.72272832 0.74166878 0.81304243 0.81272231 0.98353738 0.95821734 0.79272725 0.89702173 0.78045286 0.77661959 0.72273615
0.89131821 0.75477723 0.95411016 0.86350144 0.72217259 0.95104925 0.83837044 0.72710050 0.91919822 0.88794667 0.77957521 0.78797112 0.82772004 0.80105282 0.95957837
0.96894987 0.75725395 0.84670514 0.70457966 0.90449809 0.93502961 0.94628064 0.86197026 0.84030437 0.80282237 0.84978467 0.82078511 0.84515155 0.79877863 0.80649648
0.83829577 0.98701053 0.70371126 0.74868646 0.80275768 0.96077244 0.90351023 0.92205688 0.71418139 0.84985481 0.82585615 0.83356951 0.80122779 0.85811671 0.95034254
0.83371034 0.91293258 0.76209202 0.76640583 0.70600329 0.92894628 0.80649924 0.96312964 0.70172144 0.72133064 0.89831033 0.97903315 0.83225627 0.77468387 0.74636047