6.37738542 3.28391826 0.40361597 4.83287374 7.48362943 2.27966498 5.50585192 4.05689996 5.25159368 7.08405077 4.01333591 1.74444857 5.12525714 3.92493473 7.90906551
9.77778629 5.92446410 3.27040305 3.03288207 2.02497621 5.70770199 1.00588909 7.98262215 2.78102657 9.30679371 5.26491396 9.91194408 4.85328995 7.79015874 2.89324354
3.38480613 3.61954233 5.12105882 0.55165138 1.11258347 8.31881621 0.09951666 6.80036480 0.87832760 2.07919473 2.31135177 3.15866425 1.24368985 7.74342252 9.25505449
4.09599493 9.73754373 7.42232414 8.07697456 8.18634275 1.14135724 9.88766426 9.41757390 5.24551397 0.21488333 1.41022151 2.75625338 7.17135061 2.74674799 2.45549448
2.33953428 3.41980575 1.16803877 4.76859065 0.28713441 5.57518921 6.13300290 0.81149733 8.79275124 9.31078880 3.44948653 0.26006890 6.47112469 6.18646083 6.53276231
6.32470858 4.85022037 2.19267453 8.15989953 8.02786301 9.76713991 4.72588773 1.71786078 3.25308530 8.99862948 4.76801589 1.36701244 1.37456883 1.84182296 6.44315546
2.58275590 3.58268868 8.55812327 1.83760761 9.39150652 3.64023209 7.60289244 4.99463730 2.28325532 1.73563944 6.38587908 5.33330272 1.26147022 9.34371491 6.94208910
7.39106658 1.78210487 3.56091155 1.34006063 0.75280600 7.43700320 5.25143131 2.91427664 1.30421720 2.15299816 6.52202442 8.48070959 2.53550725 6.40652430 9.53751270
3.57926361 3.52165596 6.49457341 0.49569821 7.48413766 8.41841746 3.25634561 9.69946747 7.23290752 0.83862807 6.80595570 1.09553197 0.24738253 5.31126982 6.81507606
2.39339497 3.25406357 7.17613889 3.67541195 9.93476973 1.15929059 1.72984832 4.47441689 0.85281839 3.29393976 3.21429543 9.13367763 8.74221678 6.01478609 4.32660642
6.28790967 8.05519875 0.03442377 7.32996780 5.52351852 6.74536499 8.04889349 8.55763889 2.44920356 6.30019046 3.24193885 9.12783608 5.73709067 3.23479652 2.06707158
6.02506671 0.75139891 6.36370474 5.34339869 9.35388106 2.67266109 9.72392052 0.14842535 3.53390246 3.12903429 1.89183945 1.25081524 2.48038665 8.26225079 8.61811231
4.89835411 1.40245230 2.88427715 7.19873985 9.66112901 0.75151143 4.92176343 7.80731294 8.72720225 1.06532463 6.69888066 9.13245391 5.55782084 0.97849444 4.77516149
3.09615320 0.13147357 4.50809906 8.03347060 6.17284100 6.14086819 7.87355888 4.50425351 2.88566515 0.45417013 0.57272729 1.01572208 0.42560089 4.91160878 0.21157174
6.17565295 2.02064261 7.10082111 5.67272075 6.41899266 0.67648242 1.13907381 8.60852643 6.89647394 4.21671304 1.68776125 8.95719327 3.83297040 7.16973467 4.43435377
6.20591044 2.65032356 4.98118610 4.09922452 4.46281646 6.62790168 1.27486550 6.65955919 6.05001573 4.16515536 9.44173615 5.92981204 5.29275493 8.81396013 5.70576674
5.89793759 1.45526224 5.16454479 1.99698518 9.28889923 7.36163944 5.39732094 3.45627083 9.71171071 8.14058858 5.85395135 7.20304973 9.44354420 2.74564450 0.33449940
6.11619984 7.41419459 9.42797948 6.99352741 3.81010865 2.27645956 5.17672918 8.68652123 4.73197201 3.58276325 8.29218820 2.40903762 6.36306094 0.03560909 2.72010708
2.07448285 8.87582349 7.53922103 2.55071790 0.29245155 1.28033067 1.35199431 5.17400503 9.03806568 2.08771392 6.02414249 1.98312458 6.14377185 6.82488566 4.00219200
6.23077556 4.39856892 4.35397233 8.79174708 8.66870353 2.70565865 8.88152916 1.39220345 2.93842304 4.22801778 4.78675098 9.35186634 4.33162173 4.74241713 6.95452910
6.23918218 7.50160923 5.52591816 0.16834648 5.58557021 0.98256078 9.01490500 7.29964714 7.42759779 8.96119631 2.20521088 7.52445053 7.46101137 3.64592786 2.30292781
2.60462824 8.51640275 4.79139490 1.48899501 1.39039574 1.57605289 6.46170413 2.82667967 0.13221672 8.87376131 4.95357517 7.31958043 8.93445589 4.75424000 5.95098686
2.91879703 2.73975710 0.91590496 3.44580794 9.88143037 8.60226461 1.42068004 7.73429135 3.29858312 9.68944592 9.42667620 4.88719253 2.83955979 0.44641487 1.98439079
5.49167400 1.79996844 6.66329454 1.43432362 6.17603994 2.39494925 8.80530110 1.95368203 3.45373966 1.90476969 6.89686698 7.62210948 5.76096992 4.75853778 0.49526802
4.01113168 6.21259349 8.93280782 7.84585407 8.74929503 5.56398518 1.14535880 4.18012685 7.77471851 2.14180432 4.24045101 0.29954792 3.05906276 3.09458690 1.89037783
9.08210199 4.47167521 9.21443730 0.27914022 9.35527727 3.14993974 3.79399167 3.78759938 3.69827138 6.25162402 4.50822022 1.86546486 9.16786717 3.28728518 6.14851363