0.04712512 0.06430217 0.03963351 0.08807835 0.07182459 0.08256369 0.00671382 0.08583631 0.03604649 0.09676048 0.09317103 0.00476702 0.07597086 0.03503774 0.00646494 0.07529747 0.00844851 0.08881099 0.00601160 0.02626120 0.07466763 0.05282558 0.08043185 0.02091347 0.03935773 0.07268004 0.01617867 0.01766042 0.05278533 0.03179895 0.09883070 0.08597408
0.08289268 0.07009449 0.06499921 0.00728129 0.00315416 0.08993515 0.02758116 0.04305632 0.07807222 0.07154363 0.03000097 0.05791310 0.02270748 0.08957516 0.04611890 0.04418449 0.02523546 0.09538113 0.03164402 0.00629245 0.01224467 0.00534207 0.05017502 0.02815443 0.00533892 0.01465768 0.04240207 0.06493740 0.06457894 0.03811066 0.08053825 0.07166284
0.03939641 0.06457506 0.05170933 0.00548194 0.05083581 0.00041854 0.04381536 0.01588201 0.01032749 0.06845209 0.06528846 0.06765128 0.03966781 0.02370957 0.01620552 0.02512084 0.09447988 0.04509319 0.04237527 0.06301871 0.00915114 0.06280025 0.04630421 0.05921264 0.07509167 0.08545015 0.09935569 0.06768447 0.03612974 0.09795956 0.09795227 0.06627033
0.03495877 0.01146778 0.03333082 0.02301747 0.07277256 0.05999297 0.09914578 0.02744973 0.05057333 0.05500395 0.04412553 0.08860028 0.04510959 0.02872125 0.08802231 0.01036150 0.03499881 0.01971478 0.05825627 0.01651824 0.03331224 0.08024468 0.07193921 0.01277244 0.00174709 0.01379552 0.08337383 0.04113303 0.01848376 0.08338324 0.04065963 0.00323669
0.04692359 0.06646775 0.04669643 0.00348164 0.00572528 0.07068347 0.09966180 0.09029745 0.07190563 0.06610355 0.09594905 0.05444109 0.05824310 0.03438268 0.01458714 0.07689993 0.09382010 0.08287732 0.06632441 0.00579972 0.00226293 0.02272091 0.08284305 0.08165612 0.01608558 0.06383570 0.04198132 0.02337556 0.08751650 0.03699158 0.07337580 0.03360193
0.05628499 0.01327644 0.06559604 0.08132247 0.01306650 0.05472116 0.00062918 0.07208745 0.05363404 0.09632663 0.07448219 0.02176461 0.05323506 0.02936868 0.02370463 0.00844084 0.00331136 0.02861112 0.06679493 0.08889994 0.04340183 0.04193564 0.08673836 0.03104658 0.08991575 0.03990155 0.02633498 0.03171333 0.01043688 0.00487692 0.04151116 0.06047858
0.01731628 0.02463684 0.05946812 0.09443993 0.05753440 0.04370336 0.01830651 0.08632893 0.05716085 0.01720549 0.02267578 0.03891935 0.03821253 0.00666661 0.03603258 0.04237277 0.06330883 0.05488061 0.04425239 0.06798142 0.07924513 0.07791686 0.06762379 0.00170998 0.02445332 0.01629809 0.06866503 0.04400399 0.03729108 0.09452416 0.00173751 0.09852434
0.05219886 0.04836861 0.07709114 0.02178353 0.09898668 0.09275378 0.06676161 0.00810068 0.02685996 0.01951414 0.06264975 0.03985906 0.05926681 0.03398648 0.00814836 0.04174075 0.04824631 0.06211949 0.06384199 0.03943011 0.03768050 0.08567405 0.03509040 0.03821843 0.06370007 0.09208962 0.08471643 0.00500928 0.01746650 0.05772097 0.07755438 0.05841478
0.07065115 0.01840326 0.05527492 0.04595003 0.01715445 0.01968268 0.01968789 0.01477376 0.01595573 0.08055347 0.01063449 0.06299036 0.02945737 0.04917114 0.00061529 0.09221902 0.03928403 0.07676585 0.09246105 0.06895299 0.08722100 0.08685827 0.09863809 0.04217259 0.03282269 0.07088489 0.00119037 0.05774265 0.04119564 0.09846791 0.03985551 0.05631594
0.01455746 0.09081925 0.05255209 0.04078107 0.05939616 0.06914700 0.09722083 0.05173413 0.03740191 0.05643638 0.01691230 0.09502044 0.08281573 0.08060643 0.07104910 0.02408361 0.08143763 0.09979734 0.04495038 0.09167578 0.09725895 0.04642238 0.06699199 0.05042438 0.00153170 0.06562227 0.00818563 0.09981693 0.00606003 0.00588863 0.01249523 0.04835701
0.02759692 0.00487723 0.00786950 0.08396084 0.01345152 0.00181053 0.07775433 0.02310530 0.03976052 0.09937298 0.03075880 0.03980471 0.05334938 0.09263131 0.09218431 0.05918503 0.06570696 0.08026635 0.05528568 0.03724055 0.02331990 0.07428116 0.07241889 0.03829958 0.07246038 0.02835486 0.03663998 0.06479200 0.00849410 0.01213996 0.00285482 0.09010300
0.04987238 0.06905511 0.02427958 0.09461374 0.00519536 0.00850409 0.03475713 0.00747102 0.00808082 0.09995568 0.09038429 0.01219442 0.07904569 0.05594806 0.09494062 0.08292093 0.03620510 0.01383515 0.07276897 0.07990342 0.01731646 0.05197148 0.02004358 0.04782056 0.09454365 0.00503571 0.06077162 0.02852242 0.06028913 0.07532214 0.05740901 0.02102736
0.03753933 0.07208328 0.07763179 0.09590201 0.02139159 0.04938564 0.09858922 0.09859792 0.08977815 0.05444444 0.03787518 0.05688435 0.03087580 0.04303239 0.03648935 0.04120876 0.02228716 0.06631102 0.08322000 0.01363219 0.06280228 0.08431245 0.06216536 0.04092886 0.00139700 0.01530293 0.02552056 0.04050511 0.03009710 0.08738891 0.04229231 0.07398467
0.00743478 0.01897974 0.05026398 0.00262341 0.05744705 0.01810046 0.04331827 0.07115813 0.04551285 0.05705181 0.05913544 0.09226047 0.06679855 0.04854363 0.09331980 0.06245840 0.09567928 0.02218146 0.05516761 0.05220400 0.03522591 0.07606556 0.09757436 0.07770791 0.07469539 0.05726486 0.09899002 0.08022699 0.00993466 0.00705774 0.04886545 0.00968331
0.00670617 0.09208526 0.08969386 0.03380888 0.09016547 0.03094132 0.09853600 0.07145201 0.02506919 0.01722821 0.04882792 0.07924757 0.01076435 0.03473488 0.07930573 0.00454484 0.05260746 0.05814930 0.01104119 0.05430297 0.08718471 0.03359490 0.09586797 0.01960562 0.03255211 0.03728522 0.04988786 0.03851264 0.00668700 0.01771989 0.02428176 0.07615805
0.00744033 0.03709853 0.09231036 0.05032016 0.07550134 0.04100863 0.08617458 0.03313073 0.06823427 0.00194697 0.00031584 0.01515693 0.05671913 0.00186316 0.08877167 0.02678084 0.02092652 0.04166788 0.02336206 0.07361790 0.05867879 0.09152722 0.04676728 0.05765711 0.04289777 0.02476829 0.04996800 0.02387195 0.05861174 0.01035066 0.02705361 0.09324277
0.02629229 0.07411131 0.01206502 0.01744750 0.07131384 0.07737055 0.08232307 0.01791899 0.03067690 0.00298957 0.02060412 0.05253399 0.09760821 0.08359956 0.06455941 0.08688956 0.09224898 0.05447620 0.03593487 0.03393990 0.01236487 0.06441216 0.03443342 0.06570732 0.06185913 0.03194404 0.00147175 0.09384781 0.07684289 0.09141948 0.00761881 0.06204310
0.06911427 0.03364363 0.09416347 0.09250726 0.08512072 0.00922323 0.00404383 0.08133764 0.03482655 0.02923077 0.07028087 0.04300597 0.07938024 0.06743940 0.09109437 0.06297723 0.07907397 0.04113407 0.01003904 0.02926002 0.09381021 0.02338238 0.03678405 0.07863365 0.09713807 0.01865328 0.08956932 0.01136372 0.01189470 0.01580012 0.01390698 0.09940904
0.00058454 0.01767888 0.03375676 0.03743963 0.04685223 0.03505090 0.02118888 0.06342633 0.04575220 0.02392374 0.02845872 0.00612957 0.07999107 0.04011242 0.01245200 0.00050583 0.09691614 0.08255728 0.09562012 0.04886696 0.01674651 0.09781374 0.04980968 0.09556869 0.09639044 0.02213285 0.05980113 0.02607146 0.04516560 0.04468079 0.02190601 0.09740769
0.03883636 0.08569903 0.05963280 0.05640623 0.00660500 0.09678604 0.09321636 0.00446619 0.07204131 0.00698527 0.08271626 0.02323858 0.01340767 0.05799286 0.07542421 0.08426571 0.07143456 0.09455274 0.02748123 0.02744468 0.07332384 0.00198539 0.03689014 0.00812278 0.06060501 0.01180076 0.02051930 0.08069878 0.00544210 0.02847435 0.09122842 0.00779582
0.07508685 0.06571974 0.04290776 0.05838777 0.05739600 0.01896956 0.03100688 0.08570248 0.09167868 0.04228088 0.04403945 0.05629160 0.05861206 0.04250971 0.09758574 0.03534824 0.07056164 0.05135364 0.04647445 0.02017009 0.06936452 0.08674001 0.00311097 0.05360674 0.08248232 0.06904133 0.07032899 0.04239700 0.01040268 0.01472841 0.04567779 0.05149259
0.01826592 0.09032552 0.03071748 0.04478177 0.08291638 0.07291093 0.08367997 0.09506725 0.00292535 0.02990998 0.08676303 0.09171962 0.01360518 0.00055679 0.06036060 0.03311854 0.06163202 0.03415465 0.04569224 0.00281068 0.08461701 0.01614393 0.09457980 0.09325451 0.00981368 0.09199037 0.05052985 0.05908871 0.03312173 0.08103555 0.07881516 0.05305219
0.06464517 0.05770494 0.00490890 0.02200011 0.03028541 0.06584835 0.05041050 0.01790196 0.00019757 0.02349105 0.01351190 0.00927372 0.07441083 0.06990293 0.02708848 0.06218803 0.09351149 0.00464698 0.04165883 0.09682219 0.05800987 0.06914724 0.02274278 0.01544577 0.03385997 0.02532033 0.02255740 0.04081543 0.09357341 0.09294343 0.08452544 0.00013648
0.09246679 0.01768570 0.06573140 0.03906681 0.00780438 0.05510889 0.01724502 0.05268020 0.07494562 0.07244680 0.04514256 0.07587275 0.03907952 0.08960216 0.08609112 0.08438716 0.00372587 0.00355363 0.07052163 0.01944628 0.09790561 0.06624405 0.01370100 0.06392864 0.00273063 0.01502543 0.07042444 0.06608520 0.07513561 0.08686494 0.01258383 0.02798767
0.08157249 0.08276986 0.04052828 0.05021556 0.00771052 0.08726869 0.01891822 0.05173028 0.04153279 0.08928928 0.03568447 0.06445092 0.03669247 0.09540382 0.01873874 0.03573806 0.05058996 0.07416451 0.00924266 0.05880814 0.01735464 0.02113254 0.08252686 0.09104233 0.05976250 0.08820686 0.02816248 0.01322033 0.06609380 0.07798841 0.04922217 0.02890094
0.05803237 0.06416896 0.01742810 0.00248749 0.05393090 0.06231306 0.02566934 0.08695795 0.08811425 0.04190509 0.01228151 0.09780550 0.08136541 0.04016272 0.09251645 0.04842715 0.07033641 0.01087158 0.02178992 0.07401420 0.09434915 0.01737519 0.03258051 0.03593976 0.00689879 0.05785791 0.03226311 0.01670500 0.02614499 0.09318771 0.02269544 0.08669714