第1个最优解：
Iter = 290
Nfe = 14801
Fitness = 10.659827043568024
The number of total device = 288
The number of various devices = 36 36 36 36 36 36 36 36
The scheme of allocation = 0 1 1 0 0 2 3 0|6 0 4 2 3 2 2 1|2 5 6 0 0 0 0 2|2 0 0 0 6 2 0 1|4 3 6 0 1 3 7 1|4 0 4 0 2 6 1 1|0 2 0 9 0 0 0 2|3 8 4 0 1 0 2 1|0 0 1 2 0 0 3 6|1 3 1 0 5 0 0 1|0 4 1 0 2 1 0 0|0 2 0 0 2 0 8 0|0 3 0 1 0 9 0 5|0 4 2 0 12 0 3 1|4 1 0 5 2 0 7 3|0 0 2 0 0 8 0 3|8 0 2 11 0 3 0 0|2 0 2 6 0 0 0 8

第2个最优解：
Iter = 311
Nfe = 15781
Fitness = 11.011690120937459
The number of total device = 288
The number of various devices = 36 36 36 36 36 36 36 36
The scheme of allocation = 2 2 0 1 1 5 0 1|0 1 10 1 3 0 8 0|3 0 0 1 0 0 2 1|4 7 0 4 1 0 0 0|2 0 0 1 0 0 1 8|2 0 5 6 5 4 0 3|3 5 3 1 9 1 2 2|5 3 0 2 0 0 0 6|2 4 0 7 8 7 0 0|0 6 1 4 4 4 4 2|2 0 0 0 0 4 0 0|1 0 3 0 0 1 1 3|1 0 0 0 0 0 1 3|0 1 0 1 1 0 0 1|6 0 3 0 3 3 6 3|2 4 6 1 0 1 7 0|0 0 5 0 1 4 0 0|1 3 0 6 0 2 4 3

第3个最优解：
Iter = 347
Nfe = 17617
Fitness = 11.009930893347347
The number of total device = 288
The number of various devices = 36 36 36 36 36 36 36 36
The scheme of allocation = 2 0 2 1 7 2 1 5|0 4 3 2 7 9 4 0|5 1 0 1 0 0 4 0|0 0 0 7 2 2 0 1|3 0 2 0 0 0 4 0|2 0 8 3 0 0 1 3|10 0 0 2 0 0 2 10|0 0 0 2 0 0 2 0|2 12 5 5 0 9 0 0|2 2 0 4 6 0 0 2|3 7 3 0 0 1 1 3|3 1 0 0 3 0 2 0|0 3 2 4 0 0 4 0|0 0 9 0 5 1 4 5|1 0 1 1 0 4 1 2|1 0 0 2 0 0 0 2|1 0 1 0 3 4 5 0|1 6 0 2 3 4 1 3

第4个最优解：
Iter = 388
Nfe = 19684
Fitness = 11.029716988545971
The number of total device = 288
The number of various devices = 36 36 36 36 36 36 36 36
The scheme of allocation = 1 0 0 6 2 1 2 9|5 1 2 13 0 3 0 7|6 2 6 0 0 2 6 1|6 2 3 3 2 6 5 0|3 0 0 0 4 4 0 2|3 0 1 2 0 1 0 0|0 0 4 8 0 4 0 3|0 1 1 0 7 1 0 2|0 0 1 2 1 0 3 0|6 8 3 1 0 1 0 0|0 0 1 0 1 3 3 2|0 5 3 0 9 2 4 5|4 8 2 0 0 3 1 0|0 4 3 0 2 1 0 1|0 0 0 0 0 1 0 2|0 5 1 1 2 1 4 1|0 0 2 0 0 1 7 0|2 0 3 0 6 1 1 1

第5个最优解：
Iter = 380
Nfe = 19318
Fitness = 10.585048931560774
The number of total device = 288
The number of various devices = 36 36 36 36 36 36 36 36
The scheme of allocation = 0 0 0 2 8 0 0 1|2 0 6 3 2 0 1 0|6 5 0 8 1 0 1 0|3 0 14 0 1 0 1 8|0 6 0 9 2 2 2 0|1 7 0 3 0 3 3 4|5 2 2 0 0 7 5 6|1 0 0 0 10 0 0 0|2 5 0 6 2 3 0 3|0 0 0 0 1 0 1 3|1 0 0 0 0 0 2 0|2 1 2 1 0 8 4 0|0 0 0 2 0 1 2 4|5 1 4 2 4 0 6 0|3 0 0 0 2 1 0 0|2 0 3 0 0 1 4 0|0 0 4 0 3 1 2 0|3 9 1 0 0 9 2 7

第6个最优解：
Iter = 280
Nfe = 14286
Fitness = 10.729308390240266
The number of total device = 288
The number of various devices = 36 36 36 36 36 36 36 36
The scheme of allocation = 0 0 0 0 1 4 0 3|3 0 1 1 0 0 2 0|0 0 0 2 3 3 1 0|2 0 0 3 0 6 0 0|2 7 0 0 0 0 1 1|4 1 0 3 0 0 1 2|4 0 0 2 5 0 4 2|0 1 11 0 2 6 2 3|0 0 2 2 9 0 3 2|1 0 0 0 0 2 0 1|3 6 0 2 3 0 3 0|0 0 5 0 4 3 0 0|12 6 5 8 0 1 2 10|0 2 6 7 0 4 3 0|0 1 5 1 1 1 3 0|0 2 0 0 2 3 6 0|0 8 1 0 2 0 2 5|5 2 0 5 4 3 3 7

第7个最优解：
Iter = 5
Nfe = 291
Fitness = 10.710037811226059
The number of total device = 288
The number of various devices = 36 36 36 36 36 36 36 36
The scheme of allocation = 2 3 1 0 0 0 0 1|1 0 2 1 9 0 5 2|4 1 0 1 0 4 5 0|1 1 4 2 0 0 6 0|0 2 1 3 0 0 3 7|1 7 5 4 0 0 2 3|8 0 1 10 0 7 1 0|0 2 0 0 1 1 5 0|4 0 0 3 1 0 0 0|4 9 2 2 0 0 0 1|0 0 1 0 0 0 0 5|5 5 5 8 5 8 0 0|1 0 4 0 7 5 0 2|1 0 1 2 0 5 0 0|1 6 3 0 3 0 0 6|0 0 3 0 0 1 0 1|2 0 0 0 6 0 5 3|1 0 3 0 4 5 4 5

第8个最优解：
Iter = 253
Nfe = 12871
Fitness = 10.751144105406725
The number of total device = 288
The number of various devices = 36 36 36 36 36 36 36 36
The scheme of allocation = 1 12 0 0 0 0 5 2|2 0 5 1 0 2 2 1|0 2 1 3 0 1 1 0|3 6 2 0 0 0 7 1|0 0 7 0 3 0 1 3|2 0 0 0 1 7 1 1|8 1 3 6 3 12 1 5|0 0 3 1 4 0 2 0|5 1 0 4 0 0 2 6|0 2 0 0 0 4 0 1|5 8 10 4 0 2 3 0|0 0 1 7 1 0 0 1|2 0 0 4 0 0 0 0|2 1 0 0 4 6 3 3|0 0 0 0 6 0 2 1|0 0 0 2 12 0 6 4|5 0 4 2 2 0 0 0|1 3 0 2 0 2 0 7

第9个最优解：
Iter = 380
Nfe = 19271
Fitness = 11.151921523195531
The number of total device = 288
The number of various devices = 36 36 36 36 36 36 36 36
The scheme of allocation = 0 0 0 2 0 3 5 0|7 5 3 0 2 0 0 1|0 0 3 1 2 0 0 0|2 0 1 0 0 9 0 0|0 4 0 2 1 0 0 0|2 0 1 4 2 4 10 1|2 4 0 2 4 3 0 3|3 0 1 8 0 1 0 1|1 0 1 0 5 2 2 1|1 0 6 0 3 0 1 2|0 0 2 0 4 5 1 0|1 5 5 4 3 1 1 0|3 5 0 2 5 1 2 0|1 0 0 0 0 2 0 0|3 4 5 2 1 0 0 4|4 2 1 3 2 2 0 3|6 7 3 0 0 0 8 17|0 0 4 6 2 3 6 3

第10个最优解：
Iter = 370
Nfe = 18771
Fitness = 10.904714062388958
The number of total device = 288
The number of various devices = 36 36 36 36 36 36 36 36
The scheme of allocation = 0 1 1 5 0 0 1 0|4 0 0 0 1 0 0 0|3 1 2 0 1 4 1 1|2 0 1 5 5 0 6 4|1 1 3 10 0 2 1 0|1 4 2 4 8 0 0 8|4 3 7 4 0 2 4 0|1 0 3 5 0 0 3 0|5 3 1 0 3 5 0 7|3 0 1 1 5 0 0 0|3 0 0 0 0 0 8 1|2 0 2 0 0 8 4 3|1 6 0 0 5 4 0 2|0 12 0 2 0 0 0 0|1 0 3 0 0 3 1 4|1 3 5 0 4 0 2 0|0 2 2 0 4 4 0 0|4 0 3 0 0 4 5 6

第11个最优解：
Iter = 380
Nfe = 19263
Fitness = 10.380436178204507
The number of total device = 288
The number of various devices = 36 36 36 36 36 36 36 36
The scheme of allocation = 3 0 2 0 5 2 0 1|4 0 0 1 0 4 0 3|5 1 0 0 0 0 2 3|0 0 0 0 1 9 6 2|0 4 4 8 8 0 2 0|14 1 0 1 0 0 0 0|0 0 2 2 0 1 1 1|0 0 2 2 0 1 0 0|0 3 10 0 2 1 0 1|1 11 0 0 0 1 3 5|1 1 0 0 0 4 5 0|5 7 2 0 0 1 0 2|0 0 1 4 4 3 0 0|2 0 2 3 3 5 3 4|0 3 8 15 3 0 4 4|0 5 1 0 2 2 3 1|1 0 1 0 8 2 3 0|0 0 1 0 0 0 4 9

第12个最优解：
Iter = 360
Nfe = 18261
Fitness = 10.579164745720945
The number of total device = 288
The number of various devices = 36 36 36 36 36 36 36 36
The scheme of allocation = 5 6 6 10 9 0 0 0|0 0 2 0 3 5 6 0|0 3 1 0 4 10 2 5|5 1 3 0 0 4 1 0|0 0 2 0 2 1 0 0|0 0 0 7 0 0 2 2|8 0 0 1 0 0 0 1|2 0 4 1 0 0 0 4|2 0 2 0 1 7 0 1|0 0 0 4 6 0 3 0|2 6 0 2 2 0 0 3|0 3 5 2 0 0 0 2|2 0 3 0 3 0 0 8|3 5 1 4 0 8 2 2|5 1 1 0 2 0 1 6|0 6 4 0 0 0 12 0|0 5 1 4 1 1 1 0|2 0 1 1 3 0 6 2

第13个最优解：
Iter = 202
Nfe = 10328
Fitness = 10.737740042784598
The number of total device = 288
The number of various devices = 36 36 36 36 36 36 36 36
The scheme of allocation = 2 4 0 0 0 1 6 11|0 1 2 0 0 2 1 3|6 5 5 10 1 10 5 0|2 8 0 1 0 2 0 0|2 5 4 0 0 0 0 1|0 0 0 12 4 11 0 3|1 4 0 3 5 3 3 1|6 1 4 0 0 2 5 1|0 8 0 0 3 0 1 0|1 0 2 1 0 2 0 4|4 0 5 4 0 0 2 3|0 0 2 0 2 0 3 3|3 0 0 1 1 0 3 0|2 0 6 0 7 1 2 2|1 0 0 2 2 0 0 1|4 0 0 2 8 0 1 0|0 0 3 0 3 0 2 0|2 0 3 0 0 2 2 3

第14个最优解：
Iter = 191
Nfe = 9788
Fitness = 10.495636214109686
The number of total device = 288
The number of various devices = 36 36 36 36 36 36 36 36
The scheme of allocation = 3 0 5 0 1 0 0 0|4 0 4 0 12 6 0 1|4 4 0 3 0 0 0 3|1 1 0 0 0 0 2 0|2 4 2 0 5 10 0 0|1 1 2 0 0 0 4 3|4 0 10 0 0 1 4 2|0 3 0 3 0 0 3 4|3 0 1 9 0 2 0 0|0 0 1 0 3 0 3 0|0 0 0 0 5 0 0 3|4 4 0 0 0 3 0 1|2 0 0 0 0 5 12 3|0 6 0 11 3 0 3 8|1 8 3 1 3 0 1 1|2 0 1 0 4 0 4 2|4 1 0 4 0 9 0 3|1 4 7 5 0 0 0 2

第15个最优解：
Iter = 116
Nfe = 5961
Fitness = 10.298123013139627
The number of total device = 288
The number of various devices = 36 36 36 36 36 36 36 36
The scheme of allocation = 0 7 0 7 2 0 4 0|0 1 0 0 0 7 5 0|0 1 0 9 3 2 2 2|1 2 0 0 1 0 3 0|0 0 6 2 2 0 3 0|10 6 0 0 2 0 3 3|4 1 5 0 3 3 0 1|0 0 2 0 3 0 0 2|0 0 10 1 3 6 0 6|0 0 3 0 1 0 1 1|5 0 2 1 0 7 2 1|0 11 0 0 0 1 3 2|0 1 5 0 0 0 0 3|11 0 0 3 7 0 2 4|0 0 0 0 0 4 5 4|1 0 0 0 0 0 0 2|0 4 0 9 0 0 0 2|4 2 3 4 9 6 3 3

第16个最优解：
Iter = 178
Nfe = 9121
Fitness = 10.507151986408786
The number of total device = 288
The number of various devices = 36 36 36 36 36 36 36 36
The scheme of allocation = 0 0 3 3 0 5 2 0|2 0 3 3 6 5 1 0|0 0 4 0 2 0 5 0|0 0 0 0 5 0 1 2|0 7 2 0 1 1 1 1|5 5 0 0 0 0 8 3|0 0 0 3 6 4 0 0|0 5 1 1 0 6 0 0|4 0 2 2 0 1 2 5|1 9 2 0 0 1 0 2|4 0 0 0 0 0 1 2|0 1 4 0 0 0 0 0|0 0 0 3 0 3 4 13|3 0 7 0 3 1 1 0|9 4 2 2 2 2 3 7|0 2 1 0 6 1 7 0|0 2 3 10 0 0 0 1|8 1 2 9 5 6 0 0

第17个最优解：
Iter = 369
Nfe = 18736
Fitness = 10.747664103681265
The number of total device = 288
The number of various devices = 36 36 36 36 36 36 36 36
The scheme of allocation = 0 4 0 8 0 3 0 0|0 1 0 0 0 0 1 7|1 3 4 1 1 3 4 2|0 2 0 5 0 2 0 0|0 2 1 2 2 0 0 0|0 0 4 1 2 7 0 1|10 3 2 0 6 0 0 0|1 0 0 0 3 5 0 1|6 0 4 0 0 4 4 1|0 4 7 0 2 3 13 1|0 0 0 5 2 0 2 3|3 0 3 5 0 0 0 1|9 0 2 3 5 0 1 2|4 9 3 5 6 3 2 13|1 0 1 0 0 1 2 0|0 6 0 1 3 2 3 4|0 0 0 0 0 1 3 0|1 2 5 0 4 2 1 0

第18个最优解：
Iter = 328
Nfe = 16686
Fitness = 10.556588572469973
The number of total device = 288
The number of various devices = 36 36 36 36 36 36 36 36
The scheme of allocation = 8 0 4 2 0 0 0 0|1 3 6 0 4 1 0 0|0 12 0 0 4 1 10 0|1 2 1 1 0 2 0 0|4 2 0 1 1 0 1 0|0 2 0 1 0 5 1 3|2 0 0 4 1 0 0 4|0 0 0 3 0 2 1 8|3 1 1 0 3 0 1 7|4 2 4 0 11 0 2 0|3 4 0 7 0 3 2 0|0 0 1 9 0 0 0 0|0 4 0 0 2 7 8 9|0 0 3 0 3 8 0 0|3 1 0 3 0 4 5 3|3 1 13 1 0 1 0 1|0 2 0 0 5 1 5 0|4 0 3 4 2 1 0 1

第19个最优解：
Iter = 235
Nfe = 11978
Fitness = 11.005936506962833
The number of total device = 288
The number of various devices = 36 36 36 36 36 36 36 36
The scheme of allocation = 3 1 0 4 5 4 3 1|0 0 5 2 0 0 1 2|0 4 2 0 0 0 0 0|2 3 7 0 0 0 4 4|9 3 2 0 2 8 1 1|0 2 3 5 0 2 1 0|4 3 6 7 3 0 1 0|0 1 1 0 0 0 5 3|0 0 1 2 5 4 1 2|3 0 2 0 0 0 0 0|6 5 0 1 8 3 0 2|3 0 0 0 0 3 2 0|0 0 0 0 0 2 6 7|1 0 2 2 6 0 2 0|1 10 0 0 6 5 0 0|2 1 0 0 0 1 0 3|0 1 2 2 0 4 2 11|2 2 3 11 1 0 7 0

第20个最优解：
Iter = 391
Nfe = 19811
Fitness = 11.057309416531051
The number of total device = 288
The number of various devices = 36 36 36 36 36 36 36 36
The scheme of allocation = 0 1 0 1 1 3 2 2|1 0 2 0 1 0 1 3|0 0 4 0 2 3 9 2|1 4 3 2 3 4 0 1|0 0 0 2 6 0 3 2|4 0 0 0 5 1 1 3|0 0 0 0 4 0 2 0|4 0 2 10 1 10 2 0|2 1 0 3 0 2 1 4|1 0 0 0 0 0 0 1|3 0 0 1 1 3 0 2|1 13 8 3 1 0 0 6|2 0 5 5 1 0 10 2|0 3 7 1 4 10 0 0|7 0 0 1 2 0 1 4|3 2 0 6 1 0 0 4|5 12 1 0 2 0 3 0|2 0 4 1 1 0 1 0

第21个最优解：
Iter = 248
Nfe = 12654
Fitness = 10.611870902978277
The number of total device = 288
The number of various devices = 36 36 36 36 36 36 36 36
The scheme of allocation = 0 1 1 2 2 2 0 1|1 3 0 0 0 0 0 1|3 3 1 0 1 4 0 0|1 2 2 0 1 0 4 0|9 0 9 1 0 3 0 3|4 1 9 4 0 0 6 4|0 0 0 3 6 0 1 0|4 0 0 4 0 0 0 8|0 1 0 2 0 4 0 3|0 0 2 1 0 9 0 4|0 3 0 4 1 6 0 0|1 4 4 4 0 2 0 1|5 0 0 4 4 2 5 1|1 4 4 1 3 4 9 4|1 0 0 4 4 0 11 0|0 6 0 0 0 0 0 1|6 1 3 0 4 0 0 2|0 7 1 2 10 0 0 3

第22个最优解：
Iter = 69
Nfe = 3643
Fitness = 10.457539553584137
The number of total device = 288
The number of various devices = 36 36 36 36 36 36 36 36
The scheme of allocation = 0 1 2 4 1 3 3 0|0 6 6 0 0 0 6 3|0 3 1 0 6 1 0 2|6 4 3 0 3 7 0 2|1 6 5 0 0 0 0 0|0 0 0 1 10 0 0 0|5 0 0 3 1 3 3 0|4 0 0 6 0 4 5 1|5 2 1 9 0 3 0 7|0 0 2 4 0 0 1 3|5 0 0 0 2 5 0 2|6 0 0 6 0 4 1 5|2 2 0 0 1 0 4 0|0 4 6 0 0 1 5 0|1 0 3 0 5 0 0 0|0 5 1 0 3 4 2 3|0 3 5 3 4 0 5 8|1 0 1 0 0 1 1 0

第23个最优解：
Iter = 383
Nfe = 19469
Fitness = 10.786413022196532
The number of total device = 288
The number of various devices = 36 36 36 36 36 36 36 36
The scheme of allocation = 5 6 2 0 2 0 1 5|0 0 3 3 0 0 0 3|0 0 0 0 1 6 0 2|9 1 2 6 0 1 4 0|7 0 0 4 0 0 0 1|1 0 0 4 3 1 0 1|1 0 1 0 1 0 0 1|1 0 0 2 6 1 0 0|2 10 3 2 0 4 0 4|0 0 1 5 1 0 7 0|0 0 8 0 5 0 12 1|1 3 0 0 0 0 0 3|1 7 4 4 1 0 6 0|2 0 1 4 1 9 0 6|0 1 1 1 0 2 1 3|0 0 0 0 0 1 0 3|4 5 4 1 5 6 2 1|2 3 6 0 10 5 3 2

第24个最优解：
Iter = 395
Nfe = 20017
Fitness = 10.798676454616107
The number of total device = 288
The number of various devices = 36 36 36 36 36 36 36 36
The scheme of allocation = 0 0 2 0 0 3 5 0|6 3 5 0 4 0 2 2|0 5 3 0 0 0 3 0|6 3 1 10 0 0 1 10|2 4 1 2 0 5 1 5|0 0 3 10 0 3 5 4|1 0 5 4 1 0 1 0|0 0 3 1 0 0 1 1|2 0 1 0 0 3 0 2|0 0 0 0 5 0 0 0|0 0 0 0 7 0 0 0|5 6 0 0 6 0 0 0|0 0 0 0 6 0 0 0|3 2 7 2 0 0 1 1|2 5 1 0 3 7 4 9|1 2 1 5 1 3 10 2|2 5 1 1 3 6 0 0|6 1 2 1 0 6 2 0

第25个最优解：
Iter = 252
Nfe = 12849
Fitness = 10.869127969410373
The number of total device = 288
The number of various devices = 36 36 36 36 36 36 36 36
The scheme of allocation = 0 3 1 2 0 0 2 0|1 3 0 7 2 5 0 0|0 0 5 3 0 2 0 3|0 10 2 3 1 0 0 5|3 2 0 0 1 0 0 1|2 1 3 5 0 1 0 3|13 9 1 2 0 2 8 0|2 0 4 0 0 0 0 0|4 0 2 0 0 0 2 2|0 3 1 0 6 0 1 0|3 0 1 5 2 0 1 6|0 0 2 0 0 2 7 0|5 1 8 1 2 4 5 2|2 0 1 0 4 4 0 1|0 4 0 1 1 10 6 6|0 0 0 0 3 2 4 6|1 0 0 1 6 0 0 1|0 0 5 6 8 4 0 0

第26个最优解：
Iter = 179
Nfe = 9119
Fitness = 10.703493002167642
The number of total device = 288
The number of various devices = 36 36 36 36 36 36 36 36
The scheme of allocation = 0 0 3 6 0 4 4 4|1 1 3 6 2 0 1 2|0 4 0 2 0 1 2 4|13 0 0 0 0 0 0 4|1 0 3 0 0 7 0 2|1 8 0 0 9 0 1 4|0 0 0 0 0 7 2 0|3 5 0 2 1 0 1 0|2 2 1 0 0 4 8 0|1 0 1 2 4 0 3 3|0 0 1 0 0 5 0 0|2 4 0 11 0 0 3 0|3 7 3 0 0 0 2 2|4 0 7 1 6 0 1 5|0 4 4 3 8 0 0 2|3 0 0 3 1 7 1 3|0 0 10 0 0 0 4 1|2 1 0 0 5 1 3 0

第27个最优解：
Iter = 374
Nfe = 18956
Fitness = 11.281764026906695
The number of total device = 288
The number of various devices = 36 36 36 36 36 36 36 36
The scheme of allocation = 0 1 2 0 11 0 0 0|6 6 1 0 0 0 1 14|4 0 6 2 1 4 4 2|4 1 1 1 5 0 2 1|1 3 0 2 0 11 0 1|0 2 3 5 1 0 0 1|0 0 4 1 0 0 8 2|0 3 0 1 0 1 1 0|3 4 2 6 9 1 2 0|2 0 4 3 0 0 4 0|0 0 1 5 0 0 1 1|3 7 0 2 0 6 0 0|0 0 2 0 0 0 5 1|3 0 3 5 1 0 0 3|2 1 0 1 5 4 2 5|3 1 1 0 0 0 0 0|2 2 5 1 0 3 0 0|3 5 1 1 3 6 6 5

第28个最优解：
Iter = 383
Nfe = 19371
Fitness = 10.912074275764123
The number of total device = 288
The number of various devices = 36 36 36 36 36 36 36 36
The scheme of allocation = 0 0 1 4 0 5 0 0|0 4 0 0 0 6 5 0|1 2 0 2 2 0 0 0|10 0 4 0 1 1 0 10|2 2 0 8 0 0 3 2|2 0 1 2 3 1 2 0|1 3 9 3 4 0 3 0|0 1 0 2 0 0 1 1|0 2 0 4 4 0 8 2|0 0 4 0 0 0 2 3|2 0 3 0 6 0 4 0|1 1 2 7 4 0 0 2|9 4 0 0 6 0 2 1|1 0 3 1 0 0 2 3|1 0 2 3 3 9 3 0|1 3 0 0 2 5 0 7|5 14 2 0 0 8 1 4|0 0 5 0 1 1 0 1

第29个最优解：
Iter = 268
Nfe = 13659
Fitness = 10.779575196655353
The number of total device = 288
The number of various devices = 36 36 36 36 36 36 36 36
The scheme of allocation = 6 4 7 4 1 0 0 0|3 6 2 0 0 0 3 0|5 4 2 2 0 6 3 9|0 3 0 0 0 0 9 0|1 3 1 3 3 0 2 0|2 0 1 4 0 0 1 9|5 0 1 1 3 7 2 0|2 0 1 1 0 6 0 1|0 2 3 2 1 3 2 6|2 0 0 2 0 0 0 0|3 0 0 0 0 0 0 5|2 0 7 5 1 0 2 2|1 1 0 9 0 3 4 0|0 0 0 0 1 0 0 0|0 0 2 0 8 3 6 2|2 1 2 0 8 0 2 0|2 4 4 3 2 7 0 0|0 8 3 0 8 1 0 2

第30个最优解：
Iter = 278
Nfe = 14125
Fitness = 10.639395087413526
The number of total device = 288
The number of various devices = 36 36 36 36 36 36 36 36
The scheme of allocation = 0 0 0 0 0 0 0 0|12 2 2 1 4 1 0 3|2 3 4 1 8 2 0 0|1 0 2 5 2 1 0 1|0 0 0 0 0 0 2 0|2 1 1 0 3 7 1 10|1 3 7 0 0 0 0 0|1 4 0 0 2 3 7 2|0 4 0 5 0 0 0 0|0 0 2 2 1 0 6 2|3 14 0 1 2 0 0 4|3 1 0 8 2 0 2 0|2 0 3 0 0 11 6 0|3 1 4 0 1 0 0 6|2 0 0 6 9 5 7 1|0 3 1 1 2 5 4 1|2 0 0 0 0 0 0 3|2 0 10 6 0 1 1 3

第31个最优解：
Iter = 334
Nfe = 16954
Fitness = 10.764680848353438
The number of total device = 288
The number of various devices = 36 36 36 36 36 36 36 36
The scheme of allocation = 4 2 3 5 1 0 0 0|0 0 8 0 4 2 2 1|0 2 0 2 0 0 1 8|2 1 0 0 9 0 1 0|0 7 3 0 0 0 3 9|0 0 1 0 0 3 1 4|6 5 2 11 0 4 4 1|2 1 10 0 5 1 0 0|3 2 0 2 2 4 8 0|0 3 1 5 0 0 2 0|3 5 2 0 0 7 1 4|1 0 0 8 1 0 5 3|3 0 0 3 3 0 5 2|3 2 0 0 8 0 0 2|6 1 1 0 3 0 2 0|0 2 2 0 0 3 0 2|2 1 0 0 0 7 0 0|1 2 3 0 0 5 1 0

第32个最优解：
Iter = 194
Nfe = 9920
Fitness = 10.599355245793557
The number of total device = 288
The number of various devices = 36 36 36 36 36 36 36 36
The scheme of allocation = 1 1 1 2 0 0 1 3|3 4 4 1 0 4 6 0|1 1 11 0 1 3 0 2|3 4 3 0 0 0 0 1|0 3 0 3 1 0 2 4|4 0 2 10 3 2 1 0|2 0 0 1 0 5 4 0|0 0 3 0 2 0 0 2|3 3 0 2 6 0 0 0|1 0 4 0 3 0 7 1|7 0 0 4 2 3 3 10|0 8 0 4 2 0 0 0|0 0 0 2 2 7 0 0|4 0 1 2 2 7 0 0|3 0 0 2 0 0 9 6|0 0 0 0 1 5 1 0|1 0 1 3 11 0 0 7|3 12 6 0 0 0 2 0

第33个最优解：
Iter = 379
Nfe = 19216
Fitness = 10.62414030954226
The number of total device = 288
The number of various devices = 36 36 36 36 36 36 36 36
The scheme of allocation = 0 7 1 0 0 1 0 1|1 3 0 1 2 3 0 0|4 0 0 0 3 0 2 1|1 10 0 2 4 5 0 1|10 5 0 0 0 2 4 0|0 0 0 1 0 1 2 6|0 0 0 0 2 1 3 1|0 6 1 0 0 3 5 1|0 2 0 7 3 0 7 1|0 0 10 0 4 1 0 4|4 0 0 4 1 0 0 2|0 0 8 0 2 0 3 4|8 2 3 0 5 6 3 2|1 0 3 0 2 0 0 9|3 0 2 0 5 8 0 2|0 1 0 15 0 0 0 0|2 0 3 4 3 2 4 0|2 0 5 2 0 3 3 1

第34个最优解：
Iter = 224
Nfe = 11442
Fitness = 10.605074495210705
The number of total device = 288
The number of various devices = 36 36 36 36 36 36 36 36
The scheme of allocation = 4 2 2 0 5 0 5 3|2 2 8 7 3 0 0 0|3 2 2 0 1 2 7 4|7 7 0 0 1 13 2 0|0 2 1 1 3 0 0 0|0 4 0 0 0 0 1 0|1 2 2 0 4 1 1 9|0 0 11 8 0 7 4 0|1 0 2 1 4 3 0 10|2 4 1 3 3 0 0 0|0 0 0 0 0 2 8 2|1 0 2 0 1 4 0 0|1 0 0 0 4 1 5 0|4 0 0 12 2 0 2 1|2 3 0 0 0 0 1 1|5 3 0 0 4 0 0 0|0 0 4 0 0 3 0 4|3 5 1 4 1 0 0 2

第35个最优解：
Iter = 343
Nfe = 17427
Fitness = 10.84464648931695
The number of total device = 288
The number of various devices = 36 36 36 36 36 36 36 36
The scheme of allocation = 0 0 0 13 1 0 3 3|0 1 2 0 3 6 3 2|1 0 3 4 0 1 0 1|0 0 5 7 3 3 2 0|1 0 1 0 3 0 5 3|9 3 4 0 1 0 2 1|0 0 1 0 2 2 0 1|4 5 0 5 1 0 12 2|1 0 3 0 0 1 0 1|1 15 0 7 1 0 3 7|7 3 0 0 0 2 0 4|2 0 0 0 0 0 3 2|4 4 3 0 1 3 0 3|0 5 1 0 2 1 0 3|3 0 2 0 3 13 0 1|1 0 3 0 4 1 3 0|0 0 3 0 0 0 0 1|2 0 5 0 11 3 0 1

第36个最优解：
Iter = 302
Nfe = 15337
Fitness = 10.549145520580442
The number of total device = 288
The number of various devices = 36 36 36 36 36 36 36 36
The scheme of allocation = 8 0 0 1 2 2 0 2|0 2 3 5 0 1 5 2|1 7 0 2 2 1 0 0|0 0 2 0 0 0 0 1|9 0 1 5 1 1 4 0|0 0 4 0 0 4 0 0|0 1 3 3 10 2 1 0|0 0 0 3 0 0 0 2|0 0 6 1 0 0 2 0|0 6 5 0 0 3 0 6|4 3 2 2 0 0 8 2|0 0 0 0 0 4 1 0|0 6 0 2 4 3 11 7|10 3 0 0 2 4 1 1|0 0 3 0 0 6 1 6|0 0 3 0 11 0 0 3|0 7 3 7 0 4 0 2|4 1 1 5 4 1 2 2

第37个最优解：
Iter = 85
Nfe = 4410
Fitness = 10.489433510815601
The number of total device = 288
The number of various devices = 36 36 36 36 36 36 36 36
The scheme of allocation = 0 0 3 4 0 5 0 0|0 0 0 5 2 0 0 2|1 2 3 0 1 1 0 5|1 2 0 0 0 0 5 0|0 0 0 0 0 2 1 3|0 0 0 0 0 1 0 0|5 0 1 1 0 2 3 0|4 0 0 6 2 2 0 0|0 1 0 3 2 0 5 1|3 11 3 3 4 0 0 0|3 7 3 1 9 3 0 0|3 0 10 6 1 0 2 3|0 0 0 0 1 0 4 8|5 0 6 0 7 5 5 3|1 7 3 4 1 8 0 9|8 0 3 0 5 0 5 0|2 0 0 1 0 2 2 2|0 6 1 2 1 5 4 0

第38个最优解：
Iter = 367
Nfe = 18604
Fitness = 10.72424147962175
The number of total device = 288
The number of various devices = 36 36 36 36 36 36 36 36
The scheme of allocation = 0 0 2 2 2 0 2 0|2 3 2 0 3 3 5 0|2 0 2 0 14 0 2 0|0 4 1 0 1 11 2 0|0 1 4 8 7 3 2 5|2 1 0 1 0 7 3 0|4 0 2 0 0 4 0 1|0 3 2 0 0 0 2 6|3 2 2 0 0 0 0 4|6 10 2 10 0 0 2 0|1 2 1 0 4 8 3 0|0 0 4 0 0 0 3 2|5 2 5 10 3 0 3 0|3 4 3 0 1 0 2 7|0 3 0 2 0 0 0 1|8 0 3 3 0 0 0 8|0 0 0 0 0 0 0 0|0 1 1 0 1 0 5 2

第39个最优解：
Iter = 246
Nfe = 12526
Fitness = 10.721693718958218
The number of total device = 288
The number of various devices = 36 36 36 36 36 36 36 36
The scheme of allocation = 3 3 4 4 1 0 1 3|0 0 3 0 2 1 1 2|3 1 0 0 0 0 2 4|4 5 0 2 0 0 0 0|0 0 0 0 3 0 4 0|0 1 1 3 0 8 1 2|2 0 0 0 8 8 2 0|9 1 0 0 1 0 1 4|1 0 7 0 0 4 4 8|0 2 0 9 3 0 3 2|0 0 2 0 1 0 3 0|0 0 2 0 2 0 3 0|5 6 1 4 3 0 0 1|3 0 0 0 0 0 0 0|2 1 0 2 3 8 3 0|0 1 7 1 5 1 7 2|1 13 9 4 0 6 0 4|3 2 0 7 4 0 1 4

第40个最优解：
Iter = 390
Nfe = 19783
Fitness = 10.695330180282825
The number of total device = 288
The number of various devices = 36 36 36 36 36 36 36 36
The scheme of allocation = 2 0 2 0 3 4 3 1|0 3 0 1 1 0 2 1|0 0 1 2 0 0 0 0|2 4 1 0 4 0 5 0|0 1 4 0 1 1 0 4|3 4 4 0 0 4 1 0|4 0 0 0 4 2 2 8|0 5 5 0 0 5 4 0|2 3 5 7 0 2 0 0|5 2 0 1 15 0 0 0|0 0 1 4 0 5 2 2|0 5 4 1 0 5 1 10|15 8 0 0 0 0 1 2|0 0 3 0 6 1 5 2|0 1 0 2 0 1 0 1|0 0 0 1 0 2 1 0|0 0 2 15 0 0 1 3|3 0 4 2 2 4 8 2

第41个最优解：
Iter = 305
Nfe = 15542
Fitness = 10.708239378519785
The number of total device = 288
The number of various devices = 36 36 36 36 36 36 36 36
The scheme of allocation = 2 0 0 0 0 3 0 1|1 0 2 2 0 3 9 0|0 11 0 0 0 3 0 0|10 5 3 0 1 0 2 0|0 0 0 8 2 2 1 0|4 0 5 3 2 6 0 0|0 4 2 0 1 0 0 3|1 6 4 5 2 7 0 0|0 0 3 0 2 1 2 9|5 0 1 8 1 2 0 11|0 0 2 2 7 0 8 5|3 1 3 0 4 2 4 0|2 0 0 0 1 2 0 1|1 8 3 1 2 0 3 3|0 1 3 5 9 1 2 1|1 0 1 2 2 2 5 0|3 0 0 0 0 1 0 2|3 0 4 0 0 1 0 0

第42个最优解：
Iter = 222
Nfe = 11330
Fitness = 10.665833769487115
The number of total device = 288
The number of various devices = 36 36 36 36 36 36 36 36
The scheme of allocation = 0 1 2 2 0 0 0 0|1 6 3 0 0 0 2 3|5 1 7 0 10 0 1 1|0 4 0 0 0 0 0 0|0 0 0 0 1 0 9 0|1 2 2 4 0 16 1 1|0 3 0 2 1 1 2 0|2 3 1 0 1 6 6 0|4 0 3 1 0 0 0 4|0 0 2 0 7 11 0 0|3 3 2 0 4 0 1 1|4 2 3 0 0 0 2 0|5 4 0 7 0 1 4 6|1 1 2 13 0 0 1 0|5 6 0 1 11 0 3 7|1 0 2 0 0 0 3 0|3 0 4 4 0 0 1 10|1 0 3 2 1 1 0 3

第43个最优解：
Iter = 365
Nfe = 18538
Fitness = 10.62071181666667
The number of total device = 288
The number of various devices = 36 36 36 36 36 36 36 36
The scheme of allocation = 5 3 4 0 0 2 0 0|0 3 1 1 8 0 2 1|1 2 3 0 0 0 0 0|0 0 0 0 2 6 2 0|9 3 0 0 1 0 0 0|0 2 2 0 0 0 0 0|4 3 7 0 2 1 2 0|5 4 0 2 0 0 0 1|0 0 1 12 0 0 10 1|0 3 2 5 0 0 1 1|0 1 0 2 0 0 4 3|2 5 1 6 0 10 5 4|0 2 2 0 9 4 1 5|1 0 3 0 0 1 0 7|3 2 3 2 4 0 0 1|1 0 2 2 0 3 0 3|0 0 3 4 0 9 9 3|5 3 2 0 10 0 0 6

第44个最优解：
Iter = 156
Nfe = 7973
Fitness = 10.577788241607912
The number of total device = 288
The number of various devices = 36 36 36 36 36 36 36 36
The scheme of allocation = 0 9 0 2 6 0 0 1|8 0 5 2 6 0 2 4|2 0 0 9 1 4 13 1|1 1 0 0 2 5 0 0|0 4 5 0 4 0 0 2|0 0 3 0 0 1 0 4|7 2 0 4 1 0 2 3|2 0 2 0 3 3 0 1|8 3 3 3 0 0 1 0|6 0 3 0 2 0 0 3|1 0 0 5 2 0 0 0|0 0 1 0 1 0 0 3|0 0 3 0 0 0 1 3|0 8 7 0 2 4 7 6|0 0 0 0 4 4 6 2|0 1 0 3 2 0 0 2|0 3 2 8 0 5 4 1|1 5 2 0 0 10 0 0

第45个最优解：
Iter = 270
Nfe = 13757
Fitness = 10.729596030975134
The number of total device = 288
The number of various devices = 36 36 36 36 36 36 36 36
The scheme of allocation = 0 2 1 0 0 1 1 3|3 0 0 2 3 0 4 0|0 0 6 1 0 0 9 1|0 1 4 4 6 0 0 0|2 3 0 0 0 12 0 0|6 0 0 2 1 2 0 0|8 4 0 3 0 0 7 0|0 0 3 8 0 0 1 4|3 0 5 1 6 0 0 2|0 6 1 0 1 0 5 5|4 1 4 0 12 1 1 1|2 0 3 3 1 2 1 2|5 8 4 2 2 11 1 3|2 0 0 0 0 0 2 9|1 1 2 0 3 0 0 4|0 3 0 7 1 2 0 0|0 5 2 3 0 0 3 0|0 2 1 0 0 5 1 2

第46个最优解：
Iter = 284
Nfe = 14420
Fitness = 10.610200769790683
The number of total device = 288
The number of various devices = 36 36 36 36 36 36 36 36
The scheme of allocation = 0 1 6 0 0 3 2 0|3 1 3 3 3 1 1 0|1 0 0 7 0 2 0 0|0 3 0 3 3 0 4 0|4 0 0 1 0 0 7 0|6 5 0 0 6 4 1 3|5 3 9 1 11 0 5 10|3 0 0 0 0 2 0 2|0 0 4 7 3 5 2 2|3 4 1 0 3 0 0 7|0 7 0 0 0 10 0 0|0 4 0 2 0 0 0 0|0 4 4 2 5 0 0 0|3 2 6 2 0 5 0 4|3 0 0 5 0 0 6 0|0 1 2 0 2 0 5 0|2 0 0 0 0 0 1 2|3 1 1 3 0 4 2 6

第47个最优解：
Iter = 322
Nfe = 16379
Fitness = 10.46466674922294
The number of total device = 288
The number of various devices = 36 36 36 36 36 36 36 36
The scheme of allocation = 0 0 0 0 15 4 5 1|1 4 1 13 0 0 0 6|0 0 1 0 0 0 3 0|1 12 1 1 1 0 0 1|3 0 7 0 0 5 0 0|2 0 2 1 0 5 1 0|2 6 1 1 0 0 0 1|0 0 3 1 0 0 3 0|1 0 0 0 3 0 1 0|0 0 3 2 0 1 2 0|10 0 0 4 0 0 1 0|1 0 2 6 2 3 9 0|0 0 0 0 0 8 0 0|4 11 3 0 1 3 5 9|2 0 3 0 6 0 2 8|3 0 1 1 6 5 2 8|3 0 0 0 1 0 1 0|3 3 8 6 1 2 1 2

第48个最优解：
Iter = 388
Nfe = 19666
Fitness = 10.962791402232362
The number of total device = 288
The number of various devices = 36 36 36 36 36 36 36 36
The scheme of allocation = 0 0 0 5 5 0 1 1|9 7 2 0 3 0 2 3|3 6 1 0 1 0 2 1|1 3 0 3 3 0 0 4|3 0 0 0 0 0 0 2|1 4 4 0 0 4 10 1|2 0 2 0 4 5 8 11|0 0 0 0 0 0 1 3|1 0 6 0 0 1 3 2|2 2 0 5 0 0 2 1|3 0 4 4 0 0 0 0|0 1 3 1 1 0 2 0|2 6 0 0 8 3 0 4|3 0 2 2 10 2 5 0|0 3 0 0 1 6 0 2|2 1 4 0 0 10 0 0|4 0 6 7 0 3 0 1|0 3 2 9 0 2 0 0

第49个最优解：
Iter = 392
Nfe = 19889
Fitness = 10.525865867507546
The number of total device = 288
The number of various devices = 36 36 36 36 36 36 36 36
The scheme of allocation = 0 0 0 2 5 0 4 0|3 1 2 1 1 13 1 6|0 0 6 3 0 2 1 3|0 0 6 0 0 1 3 1|6 2 3 1 0 0 1 2|3 0 0 0 0 1 3 0|0 6 0 4 0 0 0 4|7 0 2 0 2 0 2 2|1 7 1 11 3 8 0 3|12 1 1 3 2 0 0 2|3 0 0 6 1 0 0 4|0 7 0 1 1 0 0 0|0 0 3 1 2 3 8 2|1 0 0 0 5 0 9 2|0 0 8 0 7 0 0 0|0 0 1 0 0 1 1 3|0 8 0 3 3 7 0 1|0 4 3 0 4 0 3 1

第50个最优解：
Iter = 101
Nfe = 5241
Fitness = 10.564568563287397
The number of total device = 288
The number of various devices = 36 36 36 36 36 36 36 36
The scheme of allocation = 0 2 0 0 0 1 3 0|0 3 4 3 4 0 4 2|0 2 1 6 2 0 0 3|2 2 4 2 1 0 4 10|3 0 0 0 4 0 0 0|4 0 2 3 0 0 2 5|2 0 2 7 0 7 3 0|0 5 8 2 0 0 4 0|0 5 0 3 0 0 0 3|4 0 0 3 0 12 3 1|2 0 0 0 1 2 1 0|4 1 0 2 0 6 0 0|0 0 2 0 7 4 1 0|4 7 1 0 0 0 1 9|5 0 0 2 2 0 10 0|5 5 1 2 3 0 0 0|1 0 0 1 3 0 0 1|0 4 11 0 9 4 0 2

The final result:
fmax = 11.281764026906695
fmin = 10.298123013139627
fmean = 10.715940490597927
standard std = 0.2012692639673327
The number of total device = 288
The number of various devices = 36 36 36 36 36 36 36 36
The optimal allocation = 0 1 2 0 11 0 0 0|6 6 1 0 0 0 1 14|4 0 6 2 1 4 4 2|4 1 1 1 5 0 2 1|1 3 0 2 0 11 0 1|0 2 3 5 1 0 0 1|0 0 4 1 0 0 8 2|0 3 0 1 0 1 1 0|3 4 2 6 9 1 2 0|2 0 4 3 0 0 4 0|0 0 1 5 0 0 1 1|3 7 0 2 0 6 0 0|0 0 2 0 0 0 5 1|3 0 3 5 1 0 0 3|2 1 0 1 5 4 2 5|3 1 1 0 0 0 0 0|2 2 5 1 0 3 0 0|3 5 1 1 3 6 6 5
