第1个最优解：
Iter = 45
Nfe = 2402
Fitness = 14.510106053102177
The number of total device = 288
The number of various devices = 36 36 36 36 36 36 36 36
The scheme of allocation = 2 1 6 2 1 0 5 2|4 2 5 2 2 2 5 2|2 1 2 3 2 3 3 1|1 2 1 5 0 0 1 3|1 2 3 0 4 1 2 0|4 1 1 2 2 5 2 3|1 2 1 0 1 2 2 3|2 3 2 5 2 0 2 2|3 0 1 4 0 3 0 2|2 0 0 1 1 2 1 1|2 4 1 3 2 2 1 2|0 0 5 1 1 0 1 3|3 3 2 1 5 2 0 3|2 3 2 4 4 3 0 1|1 5 2 0 1 2 3 4|1 2 0 0 4 1 2 1|1 1 0 1 2 1 1 2|4 4 2 2 2 7 5 1

第2个最优解：
Iter = 93
Nfe = 4952
Fitness = 14.539170781241914
The number of total device = 288
The number of various devices = 36 36 36 36 36 36 36 36
The scheme of allocation = 1 3 1 1 2 2 1 5|1 1 2 1 4 3 1 2|4 2 3 2 0 3 2 2|2 0 1 2 5 2 3 2|2 1 0 3 2 2 1 0|0 1 2 1 2 4 0 3|3 2 3 3 3 3 2 2|0 0 1 1 4 3 1 3|1 3 3 7 4 1 6 0|1 0 1 0 0 1 3 3|2 1 0 5 2 1 3 4|3 2 3 1 0 2 1 1|1 3 2 1 1 3 1 4|1 8 3 1 2 2 3 2|5 4 0 0 2 1 2 1|2 3 2 1 1 1 1 1|2 2 5 4 0 1 4 0|5 0 4 2 2 1 1 1

第3个最优解：
Iter = 83
Nfe = 4410
Fitness = 14.301498508573744
The number of total device = 288
The number of various devices = 36 36 36 36 36 36 36 36
The scheme of allocation = 2 4 0 2 1 0 1 0|2 1 2 2 5 1 1 3|2 1 1 0 2 1 2 1|2 2 2 3 0 3 2 2|2 0 2 2 3 5 3 3|3 2 2 3 1 1 2 4|1 5 3 1 2 3 2 0|0 2 1 2 1 3 1 0|2 2 4 2 0 1 3 4|0 0 2 3 0 4 4 1|6 1 0 3 2 1 2 0|1 2 2 2 4 3 0 3|4 7 1 0 5 2 1 3|4 0 3 2 5 3 1 1|3 2 0 0 0 0 2 0|0 0 4 2 2 1 4 3|2 0 3 3 2 2 3 5|0 5 4 4 1 2 2 3

第4个最优解：
Iter = 36
Nfe = 1926
Fitness = 14.288743527714582
The number of total device = 288
The number of various devices = 36 36 36 36 36 36 36 36
The scheme of allocation = 3 3 2 2 3 1 0 1|2 6 4 1 3 3 0 1|2 4 1 4 1 4 0 2|0 3 1 2 2 1 2 0|2 1 1 2 1 1 1 5|0 0 3 2 3 3 1 0|2 3 5 3 3 1 6 1|1 1 0 3 3 1 2 4|1 1 6 3 3 3 1 1|1 1 3 0 0 2 3 0|2 2 1 1 3 1 3 6|3 2 0 3 1 1 3 3|1 2 4 2 4 1 4 3|3 0 1 0 0 1 3 4|5 2 1 3 2 4 3 1|3 2 1 2 1 5 1 4|3 1 2 3 1 2 1 0|2 2 0 0 2 1 2 0

第5个最优解：
Iter = 96
Nfe = 5076
Fitness = 14.250421864194093
The number of total device = 288
The number of various devices = 36 36 36 36 36 36 36 36
The scheme of allocation = 3 3 7 4 6 6 2 4|0 1 4 3 2 1 1 3|1 3 0 1 0 6 2 2|1 3 1 0 0 1 2 3|0 2 3 1 1 1 5 3|2 3 4 2 2 2 1 0|0 1 1 1 1 1 1 2|3 2 0 4 1 0 2 0|1 0 2 2 2 0 4 3|0 4 0 2 3 3 4 0|5 0 4 2 2 2 1 1|4 1 1 2 6 0 1 4|2 2 2 4 3 0 2 1|3 3 3 1 0 1 1 2|0 2 2 2 4 3 4 3|1 1 1 3 1 1 1 1|3 3 0 1 1 6 1 2|7 2 1 1 1 2 1 2

第6个最优解：
Iter = 86
Nfe = 4538
Fitness = 14.153346323333881
The number of total device = 288
The number of various devices = 36 36 36 36 36 36 36 36
The scheme of allocation = 2 2 1 1 1 3 1 2|4 1 2 1 3 5 0 4|1 3 2 1 2 0 1 5|3 5 3 0 0 2 1 2|4 0 2 0 2 5 0 0|1 1 2 6 3 1 2 1|1 2 2 1 3 2 5 2|2 1 0 0 2 4 0 0|3 1 4 3 1 2 0 2|2 0 5 4 1 0 8 2|0 4 1 1 1 2 4 0|0 2 2 2 0 2 0 1|2 2 3 7 0 3 2 2|2 2 2 0 8 1 2 1|3 0 0 1 1 0 1 2|1 1 3 2 3 1 3 7|3 5 0 3 2 2 2 1|2 4 2 3 3 1 4 2

第7个最优解：
Iter = 37
Nfe = 1984
Fitness = 14.189256462644519
The number of total device = 288
The number of various devices = 36 36 36 36 36 36 36 36
The scheme of allocation = 1 1 2 0 0 3 1 2|1 1 4 3 4 1 7 4|1 2 3 3 1 2 1 1|1 4 1 2 4 3 3 0|1 3 0 2 4 0 1 3|2 3 3 2 2 0 0 2|5 3 1 4 3 1 0 4|3 0 1 3 4 5 2 3|1 0 1 0 1 3 1 1|2 4 2 1 1 1 0 0|1 3 4 1 1 2 0 2|3 3 0 0 0 1 1 2|5 7 1 1 2 5 2 0|2 0 3 1 3 2 1 3|1 0 6 7 1 0 3 3|2 0 1 1 1 4 3 3|1 0 0 2 2 3 5 1|3 2 3 3 2 0 5 2

第8个最优解：
Iter = 72
Nfe = 3825
Fitness = 14.467522932058195
The number of total device = 288
The number of various devices = 36 36 36 36 36 36 36 36
The scheme of allocation = 3 2 2 2 1 2 2 1|3 4 1 4 0 0 1 2|2 3 0 1 1 4 1 2|0 0 1 1 2 1 0 0|0 4 3 2 3 4 3 3|3 2 2 3 1 1 1 0|2 0 3 3 4 4 6 0|2 2 6 3 1 1 1 3|4 3 1 0 5 1 0 2|2 4 1 1 0 2 2 8|3 1 2 2 2 0 2 1|1 1 1 0 2 2 1 3|2 2 2 3 5 4 3 4|3 1 2 3 3 3 6 0|2 2 4 0 1 3 2 1|1 3 0 1 1 2 2 0|1 1 2 1 2 1 1 4|2 1 3 6 2 1 2 2

第9个最优解：
Iter = 60
Nfe = 3250
Fitness = 14.722913346420981
The number of total device = 288
The number of various devices = 36 36 36 36 36 36 36 36
The scheme of allocation = 1 0 2 0 0 2 0 1|2 3 1 4 3 4 2 1|4 2 2 1 0 1 2 1|1 1 0 4 3 1 3 5|3 4 5 0 2 1 4 2|1 3 2 3 2 1 2 2|2 2 3 2 2 2 0 2|1 3 2 3 1 2 0 1|1 0 0 2 0 1 3 1|3 2 5 3 4 2 2 1|0 3 1 0 4 0 1 4|2 3 1 2 1 6 1 2|3 3 3 1 2 2 5 4|2 0 2 1 2 1 3 1|2 3 2 4 3 2 2 0|2 3 2 2 4 3 1 1|2 0 2 0 2 2 0 5|4 1 1 4 1 3 5 2

第10个最优解：
Iter = 57
Nfe = 3068
Fitness = 14.491794492464138
The number of total device = 288
The number of various devices = 36 36 36 36 36 36 36 36
The scheme of allocation = 1 2 2 2 1 3 3 0|0 2 3 2 1 2 1 6|1 0 0 1 6 2 3 1|0 5 1 1 1 2 3 2|3 1 1 1 2 3 1 3|3 2 4 4 2 2 2 2|3 3 2 1 2 1 2 3|2 4 2 3 5 3 0 1|1 1 2 0 5 1 6 3|2 2 2 1 0 2 3 2|0 3 1 1 2 1 1 0|5 0 1 3 1 0 0 2|3 1 0 1 0 2 2 0|0 1 2 2 2 4 4 2|5 4 7 5 0 1 1 2|2 1 0 4 3 1 1 3|2 2 3 3 0 2 1 3|3 2 3 1 3 4 2 1

第11个最优解：
Iter = 64
Nfe = 3476
Fitness = 14.179212003561412
The number of total device = 288
The number of various devices = 36 36 36 36 36 36 36 36
The scheme of allocation = 1 4 2 2 2 2 0 2|1 2 2 8 2 2 1 4|3 2 2 2 1 3 1 3|2 1 2 2 3 6 1 2|1 3 2 1 2 0 6 0|2 1 2 1 3 6 2 1|0 2 2 1 0 1 3 1|3 2 0 1 2 0 1 0|4 1 2 0 1 3 4 3|3 0 6 4 2 0 6 2|5 6 2 2 3 3 2 2|2 2 0 3 1 3 0 1|1 3 3 0 0 1 1 2|0 1 1 2 7 0 1 0|3 2 2 2 0 2 1 3|1 1 2 0 5 0 2 7|2 0 0 2 0 2 1 2|2 3 4 3 2 2 3 1

第12个最优解：
Iter = 52
Nfe = 2830
Fitness = 14.53104287380905
The number of total device = 288
The number of various devices = 36 36 36 36 36 36 36 36
The scheme of allocation = 2 2 5 4 1 2 1 0|3 1 1 0 3 3 2 2|1 3 2 2 3 5 1 2|1 0 2 5 3 3 3 0|0 0 0 2 2 1 1 2|1 5 2 1 2 3 3 2|3 4 6 1 1 2 4 3|0 1 3 1 1 0 3 3|3 3 1 3 1 2 2 2|4 0 1 0 0 1 0 1|3 0 6 6 4 0 2 8|1 4 1 1 4 1 2 0|6 2 1 4 1 3 2 0|3 1 1 1 3 3 2 2|1 0 1 1 2 2 1 1|1 3 0 2 1 2 2 1|0 4 1 1 1 2 3 2|3 3 2 1 3 1 2 5

第13个最优解：
Iter = 68
Nfe = 3629
Fitness = 14.526137080157302
The number of total device = 288
The number of various devices = 36 36 36 36 36 36 36 36
The scheme of allocation = 1 2 3 2 0 4 3 6|2 3 2 6 3 3 1 1|2 2 3 1 2 0 2 1|2 1 1 4 5 4 1 1|5 1 2 0 0 0 5 1|1 6 4 2 2 3 3 2|2 1 1 3 1 4 2 4|3 1 3 1 2 1 0 0|3 3 2 2 2 2 1 5|1 1 4 1 3 2 1 2|3 4 2 2 0 4 3 5|0 2 1 2 2 0 2 0|3 0 1 3 1 2 5 2|3 0 2 3 3 2 2 0|2 5 1 2 2 4 1 4|0 1 0 1 2 0 1 2|1 0 2 1 2 1 2 0|2 3 2 0 4 0 1 0

第14个最优解：
Iter = 83
Nfe = 4423
Fitness = 14.301950859591031
The number of total device = 288
The number of various devices = 36 36 36 36 36 36 36 36
The scheme of allocation = 2 0 2 3 3 1 0 0|3 3 3 1 1 2 1 2|2 5 2 4 4 2 3 2|2 1 1 1 3 3 1 0|0 0 3 2 3 5 0 1|1 6 2 1 1 1 4 2|3 2 1 2 2 2 4 2|3 0 1 0 0 2 0 3|1 2 2 0 2 6 3 4|4 0 2 3 0 2 2 1|4 2 1 3 1 2 3 5|1 1 0 0 3 0 0 1|2 2 2 0 2 0 6 1|3 4 1 3 6 3 0 1|3 2 2 7 2 1 5 4|1 4 7 1 0 1 1 3|1 1 2 3 3 0 1 2|0 1 2 2 0 3 2 2

第15个最优解：
Iter = 59
Nfe = 3181
Fitness = 14.326964864986278
The number of total device = 288
The number of various devices = 36 36 36 36 36 36 36 36
The scheme of allocation = 0 2 4 2 2 0 2 2|1 3 4 5 1 3 0 1|3 6 1 3 2 1 1 6|1 2 6 2 2 2 2 1|7 1 0 2 1 3 4 4|2 4 1 2 0 2 1 1|1 0 4 1 0 0 2 1|1 0 0 2 5 2 2 1|0 4 0 0 2 0 2 2|2 2 2 0 1 0 3 1|4 0 3 2 4 2 1 0|2 4 2 2 4 5 3 3|3 2 0 0 2 3 3 1|2 1 2 5 1 3 3 3|2 2 3 0 3 3 2 5|0 0 2 4 3 2 2 2|4 1 1 2 0 2 1 0|1 2 1 2 3 3 2 2

第16个最优解：
Iter = 64
Nfe = 3439
Fitness = 14.210802702436903
The number of total device = 288
The number of various devices = 36 36 36 36 36 36 36 36
The scheme of allocation = 2 5 3 2 1 1 2 3|3 5 3 5 0 3 1 1|3 3 1 2 1 2 1 7|3 2 1 4 2 4 2 2|2 1 2 2 1 1 4 1|1 2 1 1 4 2 2 2|3 0 0 1 8 0 3 0|0 1 1 2 2 4 3 1|6 3 1 1 3 2 3 0|1 2 2 0 0 3 2 1|1 0 2 0 1 0 1 4|1 0 6 0 1 3 0 3|2 2 2 1 2 2 1 2|4 0 3 2 0 2 3 1|1 3 3 8 4 0 2 3|2 3 0 2 2 3 4 3|0 2 2 3 3 4 0 1|1 2 3 0 1 0 2 1

第17个最优解：
Iter = 42
Nfe = 2240
Fitness = 13.889521583559583
The number of total device = 288
The number of various devices = 36 36 36 36 36 36 36 36
The scheme of allocation = 2 1 2 3 1 4 3 2|1 1 1 2 2 3 2 7|4 0 0 1 2 5 1 3|2 2 4 3 2 2 1 0|2 3 5 2 1 2 1 2|2 2 4 0 5 1 1 1|4 0 1 1 2 1 4 5|0 2 2 5 2 4 1 4|2 1 6 1 1 4 1 2|2 0 0 0 4 1 2 2|2 1 2 6 0 1 4 1|1 0 1 5 0 2 2 2|1 1 3 2 1 0 0 3|1 4 1 0 2 0 5 0|1 7 0 2 7 2 1 0|3 5 2 2 1 2 4 1|2 4 0 1 0 0 3 0|4 2 2 0 3 2 0 1

第18个最优解：
Iter = 47
Nfe = 2512
Fitness = 14.226796210191747
The number of total device = 288
The number of various devices = 36 36 36 36 36 36 36 36
The scheme of allocation = 1 1 0 1 1 0 2 2|2 6 1 3 1 1 1 3|1 3 2 1 3 3 4 0|5 0 1 1 3 1 5 0|2 0 1 0 1 4 3 3|1 3 1 1 1 1 1 4|2 1 8 3 5 0 0 1|0 0 2 1 2 6 1 3|3 1 2 0 2 1 2 3|0 6 3 1 1 3 1 0|1 2 3 4 0 0 2 2|2 1 1 2 0 2 0 2|3 2 0 4 2 1 4 0|5 4 2 1 5 0 2 5|1 0 5 5 1 5 1 5|2 2 2 4 2 3 4 0|2 1 1 3 3 0 2 3|3 3 1 1 3 5 1 0

第19个最优解：
Iter = 54
Nfe = 2902
Fitness = 13.936828747591974
The number of total device = 288
The number of various devices = 36 36 36 36 36 36 36 36
The scheme of allocation = 1 1 3 4 1 4 5 4|1 1 2 1 4 4 3 2|1 1 1 3 2 0 0 1|1 2 3 2 3 5 2 0|1 0 1 2 0 2 1 5|3 2 2 3 1 0 6 2|1 3 2 1 0 1 0 1|1 2 5 0 0 1 0 3|1 1 1 1 4 0 1 2|4 4 0 2 1 2 2 2|3 7 1 1 6 0 3 3|1 5 1 3 3 1 0 5|4 2 1 3 1 2 2 1|1 0 5 0 1 0 5 1|3 2 3 3 2 8 2 0|2 3 4 2 0 3 1 0|4 0 0 0 6 1 2 2|3 0 1 5 1 2 1 2

第20个最优解：
Iter = 79
Nfe = 4226
Fitness = 14.583669688013405
The number of total device = 288
The number of various devices = 36 36 36 36 36 36 36 36
The scheme of allocation = 2 4 0 2 0 5 0 2|0 3 1 1 2 4 5 2|2 1 2 2 1 0 4 1|3 1 1 0 2 0 2 1|4 3 1 0 1 3 1 1|3 3 2 3 2 3 4 5|0 1 3 2 3 1 2 5|1 1 0 1 1 1 1 0|2 1 5 1 1 3 2 2|3 3 2 5 3 0 1 4|1 3 1 0 3 0 3 0|1 2 2 2 5 3 2 0|4 2 2 4 1 2 2 3|2 2 5 1 2 2 1 1|4 0 1 1 2 3 0 0|1 1 2 3 3 0 0 1|2 1 3 3 3 3 3 4|1 4 3 5 1 3 3 4

第21个最优解：
Iter = 34
Nfe = 1838
Fitness = 14.142030221830417
The number of total device = 288
The number of various devices = 36 36 36 36 36 36 36 36
The scheme of allocation = 3 1 0 1 2 4 4 1|1 0 4 0 4 0 2 1|0 3 3 2 3 1 0 1|2 2 3 0 2 0 3 1|0 2 1 2 1 1 5 2|1 3 4 2 1 4 2 5|4 0 1 2 2 0 3 3|0 3 2 5 2 2 2 5|2 1 2 2 0 2 0 2|3 0 1 4 4 2 1 4|4 1 7 2 3 0 4 1|3 3 1 0 3 2 1 4|1 6 3 0 3 2 1 1|4 3 0 1 1 4 1 2|2 3 0 2 1 4 0 0|1 1 2 3 2 3 3 0|2 1 1 4 0 3 3 2|3 3 1 4 2 2 1 1

第22个最优解：
Iter = 52
Nfe = 2779
Fitness = 14.216297672268693
The number of total device = 288
The number of various devices = 36 36 36 36 36 36 36 36
The scheme of allocation = 2 1 2 1 1 2 1 4|3 5 2 4 5 2 0 3|1 3 2 2 2 3 3 0|1 5 1 3 1 8 1 0|3 2 2 1 7 2 2 2|1 1 1 2 4 1 1 2|2 6 1 2 2 0 1 1|1 0 4 0 2 0 1 2|3 2 1 0 0 1 4 4|4 0 1 1 0 2 2 2|2 0 3 1 3 0 4 1|1 0 1 1 3 4 3 2|4 0 2 1 1 0 0 4|2 5 6 3 2 1 5 2|0 0 3 4 0 2 1 1|4 1 1 1 1 1 2 0|2 1 0 3 2 4 4 2|0 4 3 6 0 3 1 4

第23个最优解：
Iter = 61
Nfe = 3270
Fitness = 14.089260098515735
The number of total device = 288
The number of various devices = 36 36 36 36 36 36 36 36
The scheme of allocation = 1 2 1 2 3 3 0 2|4 0 1 2 2 2 1 3|0 1 3 0 3 3 0 1|2 0 2 1 4 1 4 3|0 2 0 0 0 3 4 1|1 1 2 0 1 0 1 2|1 3 1 2 0 3 2 1|0 2 2 4 0 3 2 0|1 1 3 1 5 2 1 4|1 2 1 2 3 0 2 0|5 1 5 1 0 2 2 4|3 1 3 1 1 0 6 3|4 1 4 5 3 2 1 2|1 0 2 3 3 3 2 3|3 4 1 2 2 2 4 5|1 0 1 5 1 2 4 1|3 15 3 3 2 1 0 0|5 0 1 2 3 4 0 1

第24个最优解：
Iter = 78
Nfe = 4136
Fitness = 14.006589819714685
The number of total device = 288
The number of various devices = 36 36 36 36 36 36 36 36
The scheme of allocation = 1 1 1 0 5 1 1 3|4 0 1 4 2 4 1 2|2 2 2 0 1 2 2 1|4 4 1 1 0 1 2 4|2 0 2 5 2 5 1 2|2 7 2 3 2 1 1 0|3 0 3 5 5 0 3 2|0 1 3 2 0 2 4 0|0 1 0 0 0 0 4 3|2 4 4 2 3 1 0 3|2 0 4 3 2 6 1 2|4 2 1 2 3 5 2 4|2 2 4 0 2 2 2 2|1 5 2 0 4 2 6 0|1 0 0 4 0 2 0 2|0 0 1 2 2 1 2 1|3 5 2 2 0 0 1 2|3 2 3 1 3 1 3 3

第25个最优解：
Iter = 42
Nfe = 2288
Fitness = 14.027589475727144
The number of total device = 288
The number of various devices = 36 36 36 36 36 36 36 36
The scheme of allocation = 1 1 2 4 2 1 2 2|1 1 2 6 3 2 4 1|3 3 2 0 0 6 2 1|2 3 1 2 0 0 1 1|1 0 3 3 1 1 3 1|1 2 4 1 3 0 2 6|2 1 1 1 4 2 0 2|2 0 0 4 4 0 3 1|2 1 4 2 4 5 4 2|4 2 0 0 4 2 4 3|4 0 6 1 3 2 1 2|3 6 1 2 1 3 2 1|1 4 2 4 2 1 2 4|0 1 2 1 0 2 0 1|1 1 2 0 3 2 0 3|2 5 1 3 1 0 2 3|3 2 0 2 1 7 0 0|3 3 3 0 0 0 4 2

第26个最优解：
Iter = 37
Nfe = 2018
Fitness = 14.032893611327552
The number of total device = 288
The number of various devices = 36 36 36 36 36 36 36 36
The scheme of allocation = 2 5 5 3 2 1 1 3|0 4 0 2 1 2 1 2|3 2 1 1 2 3 1 0|0 1 2 3 5 0 2 4|1 2 4 0 4 2 2 2|2 0 1 3 1 0 1 0|1 1 2 1 0 2 4 1|0 0 1 2 0 0 4 1|2 6 3 1 1 2 4 1|4 0 4 3 0 2 1 4|4 3 0 0 4 0 0 0|1 2 1 3 3 6 3 3|2 0 2 0 2 0 1 4|2 1 3 1 3 7 2 5|2 0 2 4 3 2 2 1|6 0 0 2 2 4 4 1|1 3 3 6 1 1 1 0|3 6 2 1 2 2 2 4

第27个最优解：
Iter = 61
Nfe = 3264
Fitness = 14.742166583507242
The number of total device = 288
The number of various devices = 36 36 36 36 36 36 36 36
The scheme of allocation = 0 0 1 3 2 2 1 3|1 3 3 3 1 2 2 2|0 3 4 1 1 4 1 0|2 0 2 1 4 2 3 0|1 1 1 3 1 0 4 4|4 1 4 1 1 0 1 0|1 2 0 1 1 3 3 2|1 1 2 2 3 1 0 3|2 2 2 2 1 2 1 0|0 5 1 3 2 2 1 2|5 1 2 2 1 3 2 1|6 0 2 4 0 4 2 3|1 5 2 1 5 1 4 5|2 0 3 2 1 4 2 3|4 3 2 1 2 2 2 2|2 0 1 3 3 2 0 1|2 7 2 2 4 0 4 4|2 2 2 1 3 2 3 1

第28个最优解：
Iter = 50
Nfe = 2688
Fitness = 14.232118794024258
The number of total device = 288
The number of various devices = 36 36 36 36 36 36 36 36
The scheme of allocation = 1 0 0 2 0 0 0 2|3 1 1 2 2 0 2 2|2 1 2 3 2 2 2 2|1 3 2 2 1 5 4 4|0 2 3 0 3 1 1 1|1 4 2 0 5 1 1 4|1 2 3 3 1 2 1 1|2 3 3 3 7 7 3 1|4 1 3 2 3 0 4 4|2 0 0 1 3 0 0 1|4 1 6 0 1 4 1 5|0 2 1 4 1 5 2 0|3 5 4 3 2 1 3 3|3 0 2 2 1 1 2 1|2 2 1 1 0 3 4 3|5 4 0 2 1 1 2 0|0 2 0 1 3 1 2 0|2 3 3 5 0 2 2 2

第29个最优解：
Iter = 77
Nfe = 4110
Fitness = 14.190016912673862
The number of total device = 288
The number of various devices = 36 36 36 36 36 36 36 36
The scheme of allocation = 6 2 3 3 3 1 2 3|1 1 2 4 2 3 2 2|3 3 6 1 0 1 5 1|2 0 0 3 0 1 1 1|3 0 3 3 1 2 1 1|1 4 5 4 1 0 1 0|2 2 1 2 3 3 3 3|0 1 3 0 3 1 1 1|1 2 0 0 1 3 4 4|1 4 3 0 8 5 3 0|2 2 1 1 0 1 1 1|1 1 0 2 2 1 1 1|3 5 1 0 2 4 3 1|3 1 2 3 1 2 2 5|1 0 0 5 6 2 0 5|3 1 2 2 0 2 0 0|0 3 2 0 1 2 3 4|3 4 2 3 2 2 3 3

第30个最优解：
Iter = 49
Nfe = 2669
Fitness = 14.220322623014985
The number of total device = 288
The number of various devices = 36 36 36 36 36 36 36 36
The scheme of allocation = 2 4 4 2 5 1 1 0|3 0 2 3 2 5 2 2|1 1 0 2 0 2 2 1|2 2 6 1 1 1 4 1|1 3 5 1 4 2 4 4|1 3 1 2 0 2 2 3|1 0 4 5 4 1 2 2|0 3 1 1 0 4 0 0|3 1 1 3 1 5 0 2|3 2 0 5 3 1 3 2|1 5 0 3 2 0 0 2|5 1 1 2 3 0 2 2|1 2 3 0 3 1 2 2|1 1 4 0 4 1 3 1|4 0 2 2 1 1 2 1|2 1 0 2 3 2 5 5|4 3 2 1 0 5 1 2|1 4 0 1 0 2 1 4

第31个最优解：
Iter = 64
Nfe = 3429
Fitness = 14.46451463475541
The number of total device = 288
The number of various devices = 36 36 36 36 36 36 36 36
The scheme of allocation = 0 3 3 1 0 2 3 1|5 0 0 7 2 2 1 4|3 2 1 1 1 2 3 1|2 3 3 1 5 4 2 2|1 1 2 6 2 0 4 2|4 2 5 0 0 3 1 1|3 1 2 1 3 2 1 4|3 0 1 2 2 0 3 3|3 2 2 1 5 2 2 0|2 2 2 0 1 0 1 2|0 4 3 0 2 2 6 1|2 0 1 5 2 3 0 1|1 1 3 3 3 4 2 0|1 5 2 3 1 1 3 3|0 3 2 1 3 1 0 2|1 1 0 2 1 2 2 2|3 5 1 1 1 1 1 4|2 1 3 1 2 5 1 3

第32个最优解：
Iter = 49
Nfe = 2656
Fitness = 14.835375840951562
The number of total device = 288
The number of various devices = 36 36 36 36 36 36 36 36
The scheme of allocation = 2 2 1 3 2 2 3 2|1 3 2 0 3 3 5 3|1 0 1 2 0 6 0 1|3 6 3 1 2 3 4 3|1 2 0 1 2 4 0 3|2 1 4 4 5 1 1 2|3 1 4 3 2 0 1 2|1 2 1 0 0 0 0 1|2 1 3 2 1 1 1 3|2 2 2 3 2 2 4 0|1 2 1 1 5 1 0 2|1 2 2 0 2 0 1 1|5 5 4 3 4 2 4 3|1 1 2 3 2 1 3 1|1 4 0 2 2 0 1 3|4 1 2 3 1 4 3 2|4 1 2 3 0 3 2 2|1 0 2 2 1 3 3 2

第33个最优解：
Iter = 68
Nfe = 3672
Fitness = 14.085247876761821
The number of total device = 288
The number of various devices = 36 36 36 36 36 36 36 36
The scheme of allocation = 0 6 3 0 6 2 1 1|2 2 3 0 2 6 2 2|0 5 3 0 2 4 3 2|2 0 1 4 6 3 3 3|2 0 3 5 2 2 4 1|2 0 0 2 2 2 2 0|4 3 1 2 3 1 1 5|1 1 1 1 1 2 1 0|3 2 1 1 0 1 1 2|1 4 3 3 2 1 3 1|1 1 2 6 0 1 2 1|2 1 1 0 1 3 1 3|1 0 1 4 0 0 1 3|3 0 3 2 4 1 3 5|0 1 3 4 2 0 2 4|1 5 3 0 2 2 2 0|6 0 3 2 0 2 2 2|5 5 1 0 1 3 2 1

第34个最优解：
Iter = 60
Nfe = 3244
Fitness = 13.957948229092183
The number of total device = 288
The number of various devices = 36 36 36 36 36 36 36 36
The scheme of allocation = 0 0 0 1 3 2 1 2|2 1 3 4 4 5 2 1|0 0 1 2 3 2 1 1|2 2 3 0 1 5 1 1|1 2 1 2 2 4 2 1|1 1 5 2 4 1 1 3|0 7 2 1 0 4 2 1|0 2 0 3 0 2 0 1|4 2 1 3 1 0 6 3|3 3 0 1 0 0 3 5|3 0 3 4 1 0 1 1|4 4 4 4 6 1 0 1|6 6 3 1 1 3 5 6|2 1 4 2 2 3 1 1|3 3 0 2 2 1 4 0|0 0 1 2 2 0 0 1|0 0 2 0 1 2 4 3|5 2 3 2 3 1 2 4

第35个最优解：
Iter = 86
Nfe = 4564
Fitness = 14.272880125543665
The number of total device = 288
The number of various devices = 36 36 36 36 36 36 36 36
The scheme of allocation = 3 2 5 2 1 2 4 3|4 3 1 3 1 2 1 0|3 0 3 1 3 5 5 2|1 7 3 3 5 5 4 1|1 0 2 1 0 6 0 3|2 5 3 1 1 1 3 3|0 2 2 2 2 1 1 0|3 1 2 1 2 1 0 1|2 2 1 0 3 1 1 1|1 1 2 2 0 0 1 3|3 1 1 1 1 3 1 2|2 1 2 0 2 2 3 2|2 3 5 2 2 2 1 0|2 3 0 4 0 1 2 3|4 3 0 3 4 1 4 2|0 1 3 3 2 2 1 6|3 1 1 4 4 0 2 2|0 0 0 3 3 1 2 2

第36个最优解：
Iter = 95
Nfe = 5025
Fitness = 14.714715775320174
The number of total device = 288
The number of various devices = 36 36 36 36 36 36 36 36
The scheme of allocation = 2 2 2 0 1 4 3 0|2 4 5 3 1 1 2 2|2 0 1 3 1 0 2 1|2 3 2 0 1 1 2 1|2 4 2 2 2 1 4 1|2 3 3 1 5 1 3 3|1 0 2 3 1 2 1 2|5 3 1 2 1 5 2 1|4 0 2 6 7 5 0 2|1 1 2 3 1 1 2 1|0 2 0 3 2 3 2 3|2 5 2 2 1 1 1 1|1 2 3 2 3 3 3 4|3 0 4 2 2 3 1 3|3 0 0 0 2 2 3 2|1 0 1 3 0 1 4 1|0 4 3 0 1 2 1 3|3 3 1 1 4 0 0 5

第37个最优解：
Iter = 54
Nfe = 2908
Fitness = 14.323528174414536
The number of total device = 288
The number of various devices = 36 36 36 36 36 36 36 36
The scheme of allocation = 2 3 2 4 3 2 2 0|1 2 1 0 1 3 4 1|3 2 1 1 3 1 2 3|3 6 3 5 3 4 2 4|2 0 2 5 1 2 3 1|2 0 3 0 2 3 2 4|1 2 2 2 2 1 3 0|2 4 0 2 1 3 0 0|0 0 1 2 3 2 2 1|2 1 3 1 1 4 3 4|0 2 2 3 0 0 0 2|0 2 0 3 2 1 0 0|6 2 6 2 4 2 4 2|1 1 2 0 5 1 3 1|2 4 3 2 0 1 2 4|4 3 2 1 2 4 1 1|2 1 1 0 2 2 2 6|3 1 2 3 1 0 1 2

第38个最优解：
Iter = 62
Nfe = 3315
Fitness = 13.995080345677893
The number of total device = 288
The number of various devices = 36 36 36 36 36 36 36 36
The scheme of allocation = 3 2 2 2 3 2 2 0|0 3 3 1 2 1 2 4|2 3 2 4 2 2 2 2|0 2 6 0 0 7 5 3|2 2 0 0 4 1 1 4|4 1 3 1 4 2 3 0|0 1 1 5 3 3 5 3|1 3 0 1 0 1 1 4|7 1 2 3 0 1 2 3|5 0 2 2 1 1 0 0|2 2 1 3 3 4 1 0|3 3 3 0 1 0 2 0|1 1 3 3 1 0 0 3|1 2 3 4 0 2 3 1|0 1 1 1 2 4 2 1|2 5 0 3 5 2 1 0|1 3 1 3 2 2 3 1|2 1 3 0 3 1 1 7

第39个最优解：
Iter = 68
Nfe = 3680
Fitness = 14.180908118752171
The number of total device = 288
The number of various devices = 36 36 36 36 36 36 36 36
The scheme of allocation = 2 0 1 0 2 4 0 2|1 3 1 2 3 1 2 3|3 1 3 0 3 2 2 5|3 0 2 3 0 2 5 1|2 4 0 2 3 0 1 2|0 0 1 4 5 5 1 1|2 4 2 3 1 3 1 0|5 3 3 1 3 1 2 3|0 4 3 0 2 2 4 1|4 2 2 3 0 1 2 1|2 1 2 0 0 1 0 2|4 2 3 1 2 4 3 2|2 1 1 3 1 2 3 3|1 1 3 1 5 1 2 4|3 4 3 1 1 3 0 2|2 4 2 6 4 2 4 1|0 0 1 3 1 0 3 0|0 2 3 3 0 2 1 3

第40个最优解：
Iter = 61
Nfe = 3289
Fitness = 14.314245233443613
The number of total device = 288
The number of various devices = 36 36 36 36 36 36 36 36
The scheme of allocation = 1 4 3 0 0 0 2 3|4 0 2 4 4 3 2 1|2 3 1 0 0 0 1 2|1 1 2 4 0 3 2 1|2 3 1 1 3 0 3 1|1 2 1 1 1 6 0 1|2 1 2 2 2 2 2 2|2 3 0 3 3 2 2 1|2 4 3 4 0 3 3 4|2 0 4 1 4 0 2 0|3 2 2 1 3 0 1 1|5 2 3 0 4 3 5 1|1 3 0 0 1 2 1 1|1 3 2 4 2 3 0 2|3 1 7 4 4 1 2 4|1 1 0 3 4 3 2 5|0 1 2 1 1 1 2 1|3 2 1 3 0 4 4 5

第41个最优解：
Iter = 52
Nfe = 2793
Fitness = 13.945703735473078
The number of total device = 288
The number of various devices = 36 36 36 36 36 36 36 36
The scheme of allocation = 5 0 1 2 0 0 2 3|1 4 1 5 4 2 1 2|0 7 1 2 0 0 1 1|0 1 0 2 3 0 2 0|2 6 3 5 1 0 1 2|1 2 4 3 4 0 2 1|1 0 1 2 1 5 5 2|0 3 4 3 3 1 2 3|4 1 4 2 0 2 0 3|3 5 1 1 4 4 1 3|6 1 1 3 1 2 4 0|0 2 3 0 5 4 3 2|1 0 2 1 1 3 4 1|3 0 1 1 0 3 2 5|4 0 2 2 3 2 3 2|3 1 0 1 1 4 0 2|1 1 5 0 4 4 2 1|1 2 2 1 1 0 1 3

第42个最优解：
Iter = 100
Nfe = 5288
Fitness = 14.053106312740173
The number of total device = 288
The number of various devices = 36 36 36 36 36 36 36 36
The scheme of allocation = 3 4 2 0 4 1 2 0|3 3 4 1 2 3 0 2|2 1 2 0 4 2 4 2|1 4 4 0 0 2 1 3|6 0 0 3 2 2 2 2|0 4 4 0 2 1 5 2|2 2 2 1 6 1 2 3|0 0 2 2 1 0 2 2|3 4 1 3 0 3 0 0|0 0 2 0 2 3 0 2|2 4 4 2 2 3 0 2|3 0 2 4 0 2 2 3|2 0 1 6 3 3 1 1|0 1 2 4 2 5 3 2|2 3 2 1 1 1 2 3|3 0 0 3 0 0 6 5|1 4 1 2 2 3 3 0|3 2 1 4 3 1 1 2

第43个最优解：
Iter = 26
Nfe = 1382
Fitness = 14.172078695779016
The number of total device = 288
The number of various devices = 36 36 36 36 36 36 36 36
The scheme of allocation = 0 4 1 2 3 1 1 2|3 3 3 0 1 6 1 2|1 4 2 6 3 1 5 3|1 2 3 0 1 4 2 6|3 4 2 1 2 1 2 4|2 0 2 2 0 5 4 0|7 3 1 1 2 0 0 1|3 0 1 0 4 0 4 3|1 0 2 4 1 0 2 1|2 1 1 5 3 1 2 1|1 0 0 0 1 2 0 1|2 2 2 1 2 2 2 2|2 4 0 0 1 1 2 2|0 4 2 2 5 3 1 1|1 3 2 0 1 2 3 1|2 1 6 6 2 1 1 3|4 1 0 5 3 2 1 1|1 0 6 1 1 4 3 2

第44个最优解：
Iter = 84
Nfe = 4472
Fitness = 14.128662807049684
The number of total device = 288
The number of various devices = 36 36 36 36 36 36 36 36
The scheme of allocation = 3 0 3 1 3 1 0 6|3 2 1 3 1 0 2 1|2 4 1 3 0 2 0 0|2 2 3 1 2 6 1 0|1 4 3 4 3 2 0 1|2 5 1 1 1 2 2 2|3 2 2 3 5 0 0 5|0 3 1 1 2 3 2 2|3 0 4 0 1 0 1 4|1 0 1 4 1 4 2 0|1 0 3 4 2 1 2 1|2 2 0 2 0 2 5 0|3 5 4 0 3 2 0 3|3 0 2 1 5 3 1 2|2 0 2 0 0 4 4 0|1 1 3 1 4 1 6 5|1 3 1 1 2 0 3 2|3 3 1 6 1 3 5 2

第45个最优解：
Iter = 67
Nfe = 3580
Fitness = 14.536911750475324
The number of total device = 288
The number of various devices = 36 36 36 36 36 36 36 36
The scheme of allocation = 1 1 3 1 1 2 3 0|3 7 1 2 3 3 1 7|4 1 1 0 3 3 2 2|2 1 2 7 1 0 1 3|2 4 1 2 5 1 3 0|4 1 3 5 1 7 1 0|0 2 3 3 2 2 2 3|1 2 1 3 1 0 2 0|2 1 1 5 3 2 1 2|4 3 2 0 1 0 2 0|1 1 3 0 2 3 2 4|0 2 4 2 1 1 0 0|2 1 1 1 2 2 3 4|2 1 4 3 3 3 2 2|2 1 1 1 3 4 2 1|2 2 1 1 2 2 3 3|1 3 0 0 2 0 4 0|3 2 4 0 0 1 2 5

第46个最优解：
Iter = 41
Nfe = 2207
Fitness = 14.147126390462837
The number of total device = 288
The number of various devices = 36 36 36 36 36 36 36 36
The scheme of allocation = 2 0 4 0 0 0 2 6|1 1 5 7 1 3 2 1|2 1 1 2 3 0 4 1|3 0 3 0 3 1 3 2|2 0 3 4 3 4 1 3|2 4 0 2 2 5 0 3|2 1 2 2 3 4 1 0|2 4 2 3 0 2 2 0|1 4 1 0 3 5 0 2|2 1 3 1 3 2 1 5|1 2 1 2 1 1 1 0|3 0 1 0 1 2 1 0|2 1 1 1 3 1 4 1|2 4 2 1 0 1 2 3|4 0 5 6 5 1 5 0|1 0 0 1 1 1 3 3|0 6 0 2 1 2 2 3|4 7 2 2 3 1 2 3

第47个最优解：
Iter = 62
Nfe = 3330
Fitness = 14.384989495196015
The number of total device = 288
The number of various devices = 36 36 36 36 36 36 36 36
The scheme of allocation = 4 0 0 6 1 0 2 1|0 2 5 1 2 1 2 3|2 2 2 1 0 2 1 1|2 2 2 2 3 2 3 2|1 0 2 1 5 5 1 2|2 0 0 3 0 1 2 3|3 4 3 3 0 0 1 1|2 0 3 1 2 1 3 0|3 3 2 2 2 1 0 2|1 2 2 2 1 1 2 3|2 4 8 1 0 5 4 4|1 3 0 3 2 3 1 1|2 2 1 0 3 5 1 1|3 0 2 4 3 0 2 3|0 1 0 3 5 1 3 2|3 2 2 2 5 2 4 2|3 5 1 0 2 2 1 3|2 4 1 1 0 4 3 2

第48个最优解：
Iter = 41
Nfe = 2202
Fitness = 14.538146579739681
The number of total device = 288
The number of various devices = 36 36 36 36 36 36 36 36
The scheme of allocation = 0 3 2 3 1 0 1 0|4 1 1 5 3 3 3 2|0 1 3 1 5 0 1 2|2 1 2 1 6 1 0 0|2 3 2 4 1 2 0 4|1 1 2 2 2 2 1 4|4 1 2 3 2 2 2 4|2 1 2 1 2 3 2 2|2 5 4 0 0 0 1 2|0 2 5 1 1 2 1 0|2 3 0 4 1 1 7 2|1 1 0 0 0 3 3 1|4 3 0 1 3 1 0 1|3 2 3 3 1 7 2 2|3 0 3 3 2 2 2 4|3 2 3 2 2 0 2 4|1 1 1 0 2 4 4 1|2 5 1 2 2 3 4 1

第49个最优解：
Iter = 91
Nfe = 4830
Fitness = 14.235518010272616
The number of total device = 288
The number of various devices = 36 36 36 36 36 36 36 36
The scheme of allocation = 2 0 4 7 1 2 2 4|1 2 2 3 5 1 1 2|2 6 0 1 0 3 0 2|3 0 1 0 5 0 0 3|3 3 3 2 1 3 2 0|3 1 3 0 1 1 2 4|2 2 4 2 6 2 1 1|1 2 2 4 2 7 5 0|1 3 3 4 1 0 2 3|3 2 3 0 2 2 4 0|3 0 1 1 1 2 2 1|0 2 0 5 5 1 2 1|2 4 0 1 0 2 1 2|1 2 4 0 1 2 1 6|2 3 4 3 2 3 3 2|2 1 1 0 1 3 1 3|2 1 1 2 0 2 3 1|3 2 0 1 2 0 4 1

第50个最优解：
Iter = 54
Nfe = 2895
Fitness = 14.228348721524918
The number of total device = 288
The number of various devices = 36 36 36 36 36 36 36 36
The scheme of allocation = 2 2 2 1 2 2 0 2|4 6 0 1 3 2 6 4|2 2 2 1 4 3 3 2|3 2 2 1 5 7 2 2|4 2 1 1 3 0 2 1|3 1 1 0 3 3 1 1|4 5 0 4 1 0 1 1|1 1 2 3 0 0 2 0|1 1 2 3 2 3 2 2|0 2 3 3 1 2 2 7|0 4 4 2 0 3 1 0|3 1 2 4 0 2 1 1|0 4 5 2 3 1 4 2|1 2 4 2 1 0 1 2|1 0 0 2 0 3 2 0|1 1 2 2 3 0 4 1|1 0 2 1 1 3 2 4|5 0 2 3 4 2 0 4

The final result:
fmax = 14.835375840951562
fmin = 13.889521583559583
fmean = 14.280840471433551
standard std = 0.22794658396369818
The number of total device = 288
The number of various devices = 36 36 36 36 36 36 36 36
The optimal allocation = 2 2 1 3 2 2 3 2|1 3 2 0 3 3 5 3|1 0 1 2 0 6 0 1|3 6 3 1 2 3 4 3|1 2 0 1 2 4 0 3|2 1 4 4 5 1 1 2|3 1 4 3 2 0 1 2|1 2 1 0 0 0 0 1|2 1 3 2 1 1 1 3|2 2 2 3 2 2 4 0|1 2 1 1 5 1 0 2|1 2 2 0 2 0 1 1|5 5 4 3 4 2 4 3|1 1 2 3 2 1 3 1|1 4 0 2 2 0 1 3|4 1 2 3 1 4 3 2|4 1 2 3 0 3 2 2|1 0 2 2 1 3 3 2
